0 0.42656248807907104 0.5354166626930237 0.41874998807907104 0.5604166388511658 0.4468750059604645 0.5791666507720947 0.4515624940395355 0.5791666507720947 0.4593749940395355 0.5541666746139526 0.43281251192092896 0.5354166626930237
0 0.620312511920929 0.5166666507720947 0.606249988079071 0.5541666746139526 0.606249988079071 0.5583333373069763 0.621874988079071 0.5687500238418579 0.6265624761581421 0.5687500238418579 0.640625 0.53125 0.640625 0.5270833373069763 0.6265624761581421 0.5166666507720947
0 0.4515624940395355 0.581250011920929 0.44843751192092896 0.6083333492279053 0.47343748807907104 0.612500011920929 0.4749999940395355 0.6145833134651184 0.484375 0.6145833134651184 0.4859375059604645 0.5854166746139526 0.4609375 0.581250011920929 0.4593749940395355 0.5791666507720947 0.453125 0.5791666507720947
0 0.550000011920929 0.4958333373069763 0.542187511920929 0.5208333134651184 0.5703125 0.5395833253860474 0.574999988079071 0.5395833253860474 0.582812488079071 0.5145833492279053 0.5562499761581421 0.4958333373069763
0 0.4921875 0.5416666865348816 0.4781250059604645 0.581250011920929 0.47968751192092896 0.5833333134651184 0.4859375059604645 0.5833333134651184 0.48750001192092896 0.5895833373069763 0.4937500059604645 0.59375 0.4984374940395355 0.59375 0.512499988079071 0.5562499761581421 0.512499988079071 0.5520833134651184 0.4984374940395355 0.5416666865348816
0 0.635937511920929 0.6229166388511658 0.6265624761581421 0.6270833611488342 0.606249988079071 0.643750011920929 0.606249988079071 0.6520833373069763 0.614062488079071 0.6708333492279053 0.620312511920929 0.668749988079071 0.645312488079071 0.6479166746139526 0.645312488079071 0.643750011920929
0 0.48124998807907104 0.49166667461395264 0.4671874940395355 0.5291666388511658 0.4671874940395355 0.5333333611488342 0.4828124940395355 0.543749988079071 0.48750001192092896 0.543749988079071 0.5015624761581421 0.5062500238418579 0.5015624761581421 0.5020833611488342 0.48750001192092896 0.49166667461395264
0 0.48750001192092896 0.6395833492279053 0.484375 0.668749988079071 0.5093749761581421 0.6729166507720947 0.510937511920929 0.675000011920929 0.520312488079071 0.675000011920929 0.5218750238418579 0.6458333134651184
0 0.581250011920929 0.550000011920929 0.573437511920929 0.574999988079071 0.6015625 0.59375 0.606249988079071 0.59375 0.614062488079071 0.5687500238418579 0.5874999761581421 0.550000011920929
0 0.520312488079071 0.5249999761581421 0.518750011920929 0.550000011920929 0.5218750238418579 0.5520833134651184 0.5218750238418579 0.5562499761581421 0.5546875 0.5625 0.557812511920929 0.5416666865348816 0.5562499761581421 0.53125 0.5328124761581421 0.5270833373069763 0.53125 0.5249999761581421
0 0.609375 0.47708332538604736 0.606249988079071 0.5062500238418579 0.6312500238418579 0.5104166865348816 0.6328125 0.512499988079071 0.6421874761581421 0.512499988079071 0.643750011920929 0.4833333194255829
0 0.4671874940395355 0.5041666626930237 0.45625001192092896 0.5062500238418579 0.44218748807907104 0.5375000238418579 0.4437499940395355 0.5416666865348816 0.45781248807907104 0.550000011920929 0.4609375 0.5541666746139526 0.46875 0.5395833253860474 0.46875 0.5354166626930237 0.46562498807907104 0.5333333611488342 0.46562498807907104 0.5291666388511658 0.47343748807907104 0.5104166865348816