0 0.574999988079071 0.6395833492279053 0.565625011920929 0.643750011920929 0.5453125238418579 0.6604166626930237 0.5453125238418579 0.668749988079071 0.5531250238418579 0.6875 0.559374988079071 0.6854166388511658 0.5843750238418579 0.6645833253860474 0.5843750238418579 0.6604166626930237
0 0.4859375059604645 0.675000011920929 0.4828124940395355 0.675000011920929 0.4625000059604645 0.706250011920929 0.4625000059604645 0.7124999761581421 0.4749999940395355 0.7270833253860474 0.47968751192092896 0.7270833253860474 0.4984374940395355 0.6958333253860474 0.4984374940395355 0.6895833611488342
0 0.42500001192092896 0.668749988079071 0.41093748807907104 0.6833333373069763 0.41093748807907104 0.6875 0.4296875 0.7229166626930237 0.43281251192092896 0.7229166626930237 0.4468750059604645 0.7083333134651184 0.4468750059604645 0.7041666507720947 0.43281251192092896 0.6791666746139526 0.4312500059604645 0.6729166507720947 0.4281249940395355 0.668749988079071
0 0.4281249940395355 0.5520833134651184 0.4140625 0.5666666626930237 0.4140625 0.5708333253860474 0.43281251192092896 0.606249988079071 0.4359374940395355 0.606249988079071 0.44999998807907104 0.5916666388511658 0.44999998807907104 0.5874999761581421 0.4359374940395355 0.5625 0.43437498807907104 0.5562499761581421 0.4312500059604645 0.5520833134651184
0 0.4515624940395355 0.6145833134651184 0.4453125 0.6166666746139526 0.42500001192092896 0.643750011920929 0.42500001192092896 0.6479166746139526 0.4390625059604645 0.6666666865348816 0.44218748807907104 0.6666666865348816 0.4609375 0.6395833492279053 0.4609375 0.6270833611488342
0 0.6109374761581421 0.5020833611488342 0.604687511920929 0.5041666626930237 0.5843750238418579 0.53125 0.5843750238418579 0.5354166626930237 0.598437488079071 0.5541666746139526 0.6015625 0.5541666746139526 0.620312511920929 0.5270833373069763 0.620312511920929 0.5145833492279053
0 0.453125 0.6041666865348816 0.453125 0.6104166507720947 0.4515624940395355 0.612500011920929 0.4625000059604645 0.6270833611488342 0.4625000059604645 0.6354166865348816 0.4749999940395355 0.637499988079071 0.4765625 0.6395833492279053 0.4859375059604645 0.6395833492279053 0.48750001192092896 0.6104166507720947
0 0.512499988079071 0.5541666746139526 0.503125011920929 0.5583333373069763 0.4828124940395355 0.574999988079071 0.4828124940395355 0.5833333134651184 0.4906249940395355 0.6020833253860474 0.49687498807907104 0.6000000238418579 0.5218750238418579 0.5791666507720947 0.5218750238418579 0.574999988079071
0 0.6640625 0.6770833134651184 0.6546875238418579 0.6812499761581421 0.6343749761581421 0.6979166865348816 0.6343749761581421 0.706250011920929 0.6421874761581421 0.7250000238418579 0.6484375 0.7229166626930237 0.6734374761581421 0.7020833492279053 0.6734374761581421 0.6979166865348816
0 0.543749988079071 0.5770833492279053 0.542187511920929 0.6020833253860474 0.5453125238418579 0.6041666865348816 0.5453125238418579 0.6083333492279053 0.578125 0.6145833134651184 0.581250011920929 0.5833333134651184 0.5562499761581421 0.5791666507720947 0.5546875 0.5770833492279053
0 0.637499988079071 0.6166666746139526 0.635937511920929 0.6416666507720947 0.6390625238418579 0.643750011920929 0.6390625238418579 0.6479166746139526 0.671875 0.6541666388511658 0.675000011920929 0.6229166388511658 0.6499999761581421 0.6187499761581421 0.6484375 0.6166666746139526
0 0.606249988079071 0.606249988079071 0.6031249761581421 0.6354166865348816 0.6343749761581421 0.6416666507720947 0.635937511920929 0.6166666746139526 0.640625 0.6145833134651184 0.640625 0.612500011920929
0 0.4437499940395355 0.4791666567325592 0.4359374940395355 0.5041666626930237 0.46406251192092896 0.5229166746139526 0.46875 0.5229166746139526 0.4765625 0.49791666865348816 0.44999998807907104 0.4791666567325592
0 0.5296875238418579 0.5833333134651184 0.515625 0.5979166626930237 0.515625 0.6020833253860474 0.534375011920929 0.637499988079071 0.5375000238418579 0.637499988079071 0.551562488079071 0.6229166388511658 0.551562488079071 0.6187499761581421 0.543749988079071 0.6083333492279053 0.543749988079071 0.6041666865348816 0.5406249761581421 0.6020833253860474 0.5406249761581421 0.5979166626930237 0.5328124761581421 0.5833333134651184
0 0.612500011920929 0.6541666388511658 0.6109374761581421 0.6791666746139526 0.614062488079071 0.6812499761581421 0.614062488079071 0.6854166388511658 0.621874988079071 0.6854166388511658 0.6328125 0.6895833611488342 0.643750011920929 0.6895833611488342 0.6484375 0.6854166388511658 0.6499999761581421 0.6604166626930237 0.625 0.65625 0.6234375238418579 0.6541666388511658
0 0.5078125 0.518750011920929 0.5 0.543749988079071 0.528124988079071 0.5625 0.5328124761581421 0.5625 0.5406249761581421 0.5375000238418579 0.5140625238418579 0.518750011920929
0 0.5234375 0.47083333134651184 0.5093749761581421 0.5083333253860474 0.5093749761581421 0.512499988079071 0.5249999761581421 0.5229166746139526 0.5296875238418579 0.5229166746139526 0.543749988079071 0.4854166805744171 0.543749988079071 0.48124998807907104 0.5296875238418579 0.47083333134651184
0 0.565625011920929 0.6291666626930237 0.550000011920929 0.6270833611488342 0.5375000238418579 0.6395833492279053 0.534375011920929 0.6395833492279053 0.5296875238418579 0.6312500238418579 0.528124988079071 0.6520833373069763 0.5484374761581421 0.65625 0.565625011920929 0.6416666507720947