0 0.590624988079071 0.6229166388511658 0.5765625238418579 0.637499988079071 0.5765625238418579 0.6416666507720947 0.5953124761581421 0.6770833134651184 0.598437488079071 0.6770833134651184 0.612500011920929 0.6625000238418579 0.612500011920929 0.6583333611488342 0.598437488079071 0.6333333253860474 0.596875011920929 0.6270833611488342 0.59375 0.6229166388511658
0 0.4234375059604645 0.574999988079071 0.40937501192092896 0.612500011920929 0.40937501192092896 0.6166666746139526 0.42500001192092896 0.6270833611488342 0.4296875 0.6270833611488342 0.4437499940395355 0.5895833373069763 0.4437499940395355 0.5854166746139526 0.4296875 0.574999988079071
0 0.598437488079071 0.5041666626930237 0.5843750238418579 0.5416666865348816 0.5843750238418579 0.5458333492279053 0.6000000238418579 0.5562499761581421 0.604687511920929 0.5562499761581421 0.6187499761581421 0.518750011920929 0.6187499761581421 0.5145833492279053 0.604687511920929 0.5041666626930237
0 0.5218750238418579 0.6854166388511658 0.518750011920929 0.7145833373069763 0.543749988079071 0.71875 0.5453125238418579 0.7208333611488342 0.5546875 0.7208333611488342 0.5562499761581421 0.6916666626930237
0 0.589062511920929 0.5729166865348816 0.574999988079071 0.5874999761581421 0.574999988079071 0.5916666388511658 0.590624988079071 0.6208333373069763 0.598437488079071 0.625 0.6109374761581421 0.612500011920929 0.6109374761581421 0.6083333492279053 0.596875011920929 0.5833333134651184 0.5953124761581421 0.5770833492279053 0.5921875238418579 0.5729166865348816
0 0.5843750238418579 0.6833333373069763 0.5765625238418579 0.7083333134651184 0.604687511920929 0.7270833253860474 0.609375 0.7270833253860474 0.6171875 0.7020833492279053 0.590624988079071 0.6833333373069763
0 0.535937488079071 0.4937500059604645 0.5218750238418579 0.53125 0.5218750238418579 0.5354166626930237 0.5375000238418579 0.5458333492279053 0.542187511920929 0.5458333492279053 0.5562499761581421 0.5083333253860474 0.5562499761581421 0.5041666626930237 0.542187511920929 0.4937500059604645
0 0.557812511920929 0.5791666507720947 0.5546875 0.5791666507720947 0.534375011920929 0.6104166507720947 0.534375011920929 0.6166666746139526 0.546875 0.6312500238418579 0.551562488079071 0.6312500238418579 0.5703125 0.6000000238418579 0.5703125 0.59375
0 0.4453125 0.59375 0.44218748807907104 0.5958333611488342 0.4296875 0.6291666626930237 0.421875 0.6270833611488342 0.421875 0.6312500238418579 0.43437498807907104 0.6458333134651184 0.4390625059604645 0.6458333134651184 0.45781248807907104 0.6145833134651184 0.45781248807907104 0.6083333492279053
0 0.504687488079071 0.6083333492279053 0.4906249940395355 0.6458333134651184 0.4906249940395355 0.6499999761581421 0.5062500238418579 0.6604166626930237 0.510937511920929 0.6604166626930237 0.5249999761581421 0.6229166388511658 0.5249999761581421 0.6187499761581421 0.510937511920929 0.6083333492279053
0 0.4749999940395355 0.5958333611488342 0.4609375 0.6333333253860474 0.4609375 0.637499988079071 0.4765625 0.6479166746139526 0.48124998807907104 0.6479166746139526 0.49531251192092896 0.6104166507720947 0.49531251192092896 0.606249988079071 0.48124998807907104 0.5958333611488342
0 0.45781248807907104 0.6791666746139526 0.44999998807907104 0.7041666507720947 0.4781250059604645 0.7229166626930237 0.4828124940395355 0.7229166626930237 0.4906249940395355 0.6979166865348816 0.46406251192092896 0.6791666746139526
0 0.637499988079071 0.5604166388511658 0.6265624761581421 0.5625 0.612500011920929 0.59375 0.612500011920929 0.5979166626930237 0.628125011920929 0.6104166507720947 0.6312500238418579 0.6104166507720947 0.6343749761581421 0.606249988079071 0.6484375 0.5729166865348816 0.6484375 0.5687500238418579
0 0.6187499761581421 0.5458333492279053 0.6156250238418579 0.5458333492279053 0.596875011920929 0.574999988079071 0.598437488079071 0.5833333134651184 0.6078125238418579 0.5979166626930237 0.6109374761581421 0.5979166626930237 0.612500011920929 0.5895833373069763 0.625 0.5625 0.6312500238418579 0.5604166388511658
0 0.4609375 0.5333333611488342 0.44999998807907104 0.5354166626930237 0.4359374940395355 0.5666666626930237 0.4359374940395355 0.5708333253860474 0.4515624940395355 0.5833333134651184 0.4546875059604645 0.5833333134651184 0.45781248807907104 0.5791666507720947 0.47187501192092896 0.5458333492279053 0.47187501192092896 0.5416666865348816
0 0.578125 0.4729166626930237 0.5687500238418579 0.47708332538604736 0.5484374761581421 0.4937500059604645 0.550000011920929 0.49791666865348816 0.557812511920929 0.5041666626930237 0.5546875 0.5145833492279053 0.5562499761581421 0.5208333134651184 0.5625 0.518750011920929 0.5874999761581421 0.49791666865348816 0.5874999761581421 0.4937500059604645