0 0.59375 0.612500011920929 0.5796874761581421 0.6499999761581421 0.5796874761581421 0.6541666388511658 0.5953124761581421 0.6645833253860474 0.6000000238418579 0.6645833253860474 0.614062488079071 0.6270833611488342 0.614062488079071 0.6229166388511658 0.6000000238418579 0.612500011920929
0 0.574999988079071 0.65625 0.5640624761581421 0.6583333611488342 0.550000011920929 0.6895833611488342 0.550000011920929 0.6937500238418579 0.565625011920929 0.706250011920929 0.5687500238418579 0.706250011920929 0.5718749761581421 0.7020833492279053 0.5859375 0.668749988079071 0.5859375 0.6645833253860474
0 0.45625001192092896 0.5729166865348816 0.453125 0.6020833253860474 0.4781250059604645 0.606249988079071 0.47968751192092896 0.6083333492279053 0.48906248807907104 0.6083333492279053 0.4906249940395355 0.5791666507720947
0 0.6703125238418579 0.5416666865348816 0.659375011920929 0.543749988079071 0.645312488079071 0.574999988079071 0.645312488079071 0.5791666507720947 0.660937488079071 0.5916666388511658 0.6640625 0.5916666388511658 0.667187511920929 0.5874999761581421 0.6812499761581421 0.5541666746139526 0.6812499761581421 0.550000011920929
0 0.637499988079071 0.46666666865348816 0.6265624761581421 0.46875 0.612500011920929 0.5 0.612500011920929 0.5041666626930237 0.628125011920929 0.5166666507720947 0.6312500238418579 0.5166666507720947 0.6343749761581421 0.512499988079071 0.6484375 0.4791666567325592 0.6484375 0.4749999940395355
0 0.528124988079071 0.5958333611488342 0.5249999761581421 0.5958333611488342 0.504687488079071 0.6270833611488342 0.504687488079071 0.6333333253860474 0.5171874761581421 0.6479166746139526 0.5218750238418579 0.6479166746139526 0.5406249761581421 0.6166666746139526 0.5406249761581421 0.6104166507720947
0 0.581250011920929 0.5666666626930237 0.5703125 0.5687500238418579 0.5562499761581421 0.6000000238418579 0.5562499761581421 0.6041666865348816 0.5718749761581421 0.6166666746139526 0.574999988079071 0.6166666746139526 0.578125 0.612500011920929 0.5921875238418579 0.5791666507720947 0.5921875238418579 0.574999988079071
0 0.453125 0.5583333373069763 0.4468750059604645 0.5604166388511658 0.42656248807907104 0.5874999761581421 0.42656248807907104 0.5916666388511658 0.44062501192092896 0.6104166507720947 0.4437499940395355 0.6104166507720947 0.44999998807907104 0.6020833253860474 0.4546875059604645 0.5729166865348816 0.45625001192092896 0.5708333253860474 0.4625000059604645 0.5708333253860474
0 0.5062500238418579 0.4833333194255829 0.504687488079071 0.5083333253860474 0.5078125 0.5104166865348816 0.5078125 0.5145833492279053 0.5406249761581421 0.5208333134651184 0.543749988079071 0.4895833432674408 0.518750011920929 0.4854166805744171 0.5171874761581421 0.4833333194255829
0 0.49687498807907104 0.6291666626930237 0.4906249940395355 0.6312500238418579 0.4703125059604645 0.6583333611488342 0.4703125059604645 0.6625000238418579 0.484375 0.6812499761581421 0.48750001192092896 0.6812499761581421 0.5062500238418579 0.6541666388511658 0.5062500238418579 0.6416666507720947
0 0.42500001192092896 0.6104166507720947 0.4140625 0.612500011920929 0.4000000059604645 0.643750011920929 0.4000000059604645 0.6479166746139526 0.4156250059604645 0.6604166626930237 0.41874998807907104 0.6604166626930237 0.421875 0.65625 0.4359374940395355 0.6229166388511658 0.4359374940395355 0.6187499761581421
0 0.48906248807907104 0.48750001192092896 0.4749999940395355 0.5249999761581421 0.4749999940395355 0.5291666388511658 0.4906249940395355 0.5395833253860474 0.49531251192092896 0.5395833253860474 0.5062500238418579 0.5104166865348816 0.503125011920929 0.5083333253860474 0.503125011920929 0.4937500059604645 0.49531251192092896 0.48750001192092896
0 0.612500011920929 0.6499999761581421 0.598437488079071 0.668749988079071 0.6171875 0.7041666507720947 0.620312511920929 0.7041666507720947 0.6343749761581421 0.6895833611488342 0.6343749761581421 0.6854166388511658 0.620312511920929 0.6604166626930237 0.6187499761581421 0.6541666388511658 0.6156250238418579 0.6499999761581421
0 0.4468750059604645 0.6416666507720947 0.4437499940395355 0.6708333492279053 0.47968751192092896 0.6770833134651184 0.46875 0.6625000238418579 0.46875 0.6583333611488342 0.4765625 0.6479166746139526