0 0.5171874761581421 0.6395833492279053 0.515625 0.6645833253860474 0.518750011920929 0.6666666865348816 0.518750011920929 0.6708333492279053 0.551562488079071 0.6770833134651184 0.5546875 0.6458333134651184 0.5296875238418579 0.6416666507720947 0.528124988079071 0.6395833492279053
0 0.557812511920929 0.6166666746139526 0.5546875 0.6354166865348816 0.5546875 0.643750011920929 0.5562499761581421 0.6458333134651184 0.5796874761581421 0.6499999761581421 0.581250011920929 0.6520833373069763 0.590624988079071 0.6520833373069763 0.5921875238418579 0.6229166388511658
0 0.46406251192092896 0.46875 0.4609375 0.49791666865348816 0.4859375059604645 0.5020833611488342 0.48750001192092896 0.5041666626930237 0.49687498807907104 0.5041666626930237 0.4984374940395355 0.4749999940395355
0 0.4921875 0.5083333253860474 0.4921875 0.5229166746139526 0.49531251192092896 0.5249999761581421 0.49531251192092896 0.5291666388511658 0.528124988079071 0.5354166626930237 0.53125 0.5041666626930237 0.4984374940395355 0.49791666865348816 0.4984374940395355 0.5041666626930237
0 0.46406251192092896 0.5562499761581421 0.45625001192092896 0.581250011920929 0.484375 0.6000000238418579 0.48906248807907104 0.6000000238418579 0.49687498807907104 0.574999988079071 0.4703125059604645 0.5562499761581421
0 0.4375 0.675000011920929 0.43437498807907104 0.675000011920929 0.4140625 0.706250011920929 0.4140625 0.7124999761581421 0.42656248807907104 0.7270833253860474 0.4312500059604645 0.7270833253860474 0.44999998807907104 0.6958333253860474 0.44999998807907104 0.6895833611488342
0 0.621874988079071 0.5104166865348816 0.6187499761581421 0.5395833253860474 0.643750011920929 0.543749988079071 0.645312488079071 0.5458333492279053 0.6546875238418579 0.5458333492279053 0.65625 0.5166666507720947
0 0.5546875 0.6604166626930237 0.5531250238418579 0.6770833134651184 0.551562488079071 0.6791666746139526 0.542187511920929 0.6770833134651184 0.534375011920929 0.6979166865348816 0.534375011920929 0.7020833492279053 0.550000011920929 0.7124999761581421 0.5546875 0.7124999761581421 0.5687500238418579 0.675000011920929 0.567187488079071 0.668749988079071
0 0.5625 0.518750011920929 0.5484374761581421 0.5333333611488342 0.5484374761581421 0.5375000238418579 0.567187488079071 0.5729166865348816 0.5703125 0.5729166865348816 0.5843750238418579 0.5583333373069763 0.5843750238418579 0.5541666746139526 0.5703125 0.5291666388511658 0.5687500238418579 0.5229166746139526 0.565625011920929 0.518750011920929
0 0.5796874761581421 0.47708332538604736 0.578125 0.5020833611488342 0.581250011920929 0.5041666626930237 0.581250011920929 0.5083333253860474 0.614062488079071 0.5145833492279053 0.6171875 0.4833333194255829 0.5921875238418579 0.4791666567325592 0.590624988079071 0.47708332538604736
0 0.526562511920929 0.5583333373069763 0.512499988079071 0.5729166865348816 0.512499988079071 0.5770833492279053 0.53125 0.612500011920929 0.534375011920929 0.612500011920929 0.5484374761581421 0.5979166626930237 0.5484374761581421 0.59375 0.534375011920929 0.5687500238418579 0.5328124761581421 0.5625 0.5296875238418579 0.5583333373069763
0 0.43281251192092896 0.5249999761581421 0.41874998807907104 0.5625 0.41874998807907104 0.5666666626930237 0.43437498807907104 0.5770833492279053 0.4390625059604645 0.5770833492279053 0.453125 0.5395833253860474 0.453125 0.5354166626930237 0.4390625059604645 0.5249999761581421
0 0.42656248807907104 0.6104166507720947 0.4203124940395355 0.612500011920929 0.4000000059604645 0.6395833492279053 0.4000000059604645 0.643750011920929 0.4140625 0.6625000238418579 0.41718751192092896 0.6625000238418579 0.4359374940395355 0.6354166865348816 0.4359374940395355 0.6229166388511658
0 0.596875011920929 0.5208333134651184 0.582812488079071 0.5354166626930237 0.582812488079071 0.5395833253860474 0.6015625 0.574999988079071 0.604687511920929 0.574999988079071 0.6187499761581421 0.5604166388511658 0.6187499761581421 0.5562499761581421 0.604687511920929 0.53125 0.6031249761581421 0.5249999761581421 0.6000000238418579 0.5208333134651184
0 0.48906248807907104 0.65625 0.4859375059604645 0.65625 0.46562498807907104 0.6875 0.46562498807907104 0.6937500238418579 0.4781250059604645 0.7083333134651184 0.4828124940395355 0.7083333134651184 0.5015624761581421 0.6770833134651184 0.5015624761581421 0.6708333492279053
0 0.660937488079071 0.47083333134651184 0.6546875238418579 0.4729166626930237 0.6343749761581421 0.5 0.6343749761581421 0.5041666626930237 0.640625 0.512499988079071 0.6578124761581421 0.5145833492279053 0.6703125238418579 0.4958333373069763 0.6703125238418579 0.4833333194255829