0 0.4859375059604645 0.47708332538604736 0.4765625 0.48124998807907104 0.45625001192092896 0.49791666865348816 0.45625001192092896 0.5062500238418579 0.46406251192092896 0.5249999761581421 0.4703125059604645 0.5229166746139526 0.49531251192092896 0.5020833611488342 0.49531251192092896 0.49791666865348816
0 0.606249988079071 0.6645833253860474 0.6031249761581421 0.6645833253860474 0.582812488079071 0.6958333253860474 0.582812488079071 0.7020833492279053 0.5953124761581421 0.7166666388511658 0.6000000238418579 0.7166666388511658 0.6187499761581421 0.6854166388511658 0.6187499761581421 0.6791666746139526
0 0.5625 0.46666666865348816 0.559374988079071 0.4958333373069763 0.5843750238418579 0.5 0.5859375 0.5020833611488342 0.5953124761581421 0.5020833611488342 0.596875011920929 0.4729166626930237
0 0.528124988079071 0.5958333611488342 0.518750011920929 0.6000000238418579 0.4984374940395355 0.6166666746139526 0.4984374940395355 0.625 0.5062500238418579 0.643750011920929 0.512499988079071 0.6416666507720947 0.5375000238418579 0.6208333373069763 0.5375000238418579 0.6166666746139526
0 0.5640624761581421 0.5145833492279053 0.557812511920929 0.5166666507720947 0.5375000238418579 0.543749988079071 0.5375000238418579 0.5479166507720947 0.551562488079071 0.5666666626930237 0.5546875 0.5666666626930237 0.573437511920929 0.5395833253860474 0.573437511920929 0.5270833373069763
0 0.645312488079071 0.5604166388511658 0.6390625238418579 0.5625 0.6187499761581421 0.5895833373069763 0.6187499761581421 0.59375 0.6328125 0.612500011920929 0.635937511920929 0.612500011920929 0.6546875238418579 0.5854166746139526 0.6546875238418579 0.5729166865348816
0 0.596875011920929 0.4958333373069763 0.596875011920929 0.5020833611488342 0.59375 0.5062500238418579 0.59375 0.5208333134651184 0.596875011920929 0.5229166746139526 0.596875011920929 0.5270833373069763 0.629687488079071 0.5333333611488342 0.6328125 0.5020833611488342
0 0.39531248807907104 0.53125 0.39375001192092896 0.5562499761581421 0.3968749940395355 0.5583333373069763 0.3968749940395355 0.5625 0.4296875 0.5687500238418579 0.43281251192092896 0.5375000238418579 0.4078125059604645 0.5333333611488342 0.40625 0.53125
0 0.5625 0.5562499761581421 0.5546875 0.5687500238418579 0.551562488079071 0.5687500238418579 0.5484374761581421 0.5645833611488342 0.5375000238418579 0.5895833373069763 0.5375000238418579 0.59375 0.5531250238418579 0.606249988079071 0.5562499761581421 0.606249988079071 0.559374988079071 0.6020833253860474 0.573437511920929 0.5687500238418579 0.573437511920929 0.5645833611488342
0 0.4078125059604645 0.6583333611488342 0.40625 0.6833333373069763 0.40937501192092896 0.6854166388511658 0.40937501192092896 0.6895833611488342 0.44218748807907104 0.6958333253860474 0.4453125 0.6645833253860474 0.4203124940395355 0.6604166626930237 0.41874998807907104 0.6583333611488342
0 0.6703125238418579 0.5895833373069763 0.660937488079071 0.59375 0.640625 0.6104166507720947 0.640625 0.6187499761581421 0.6484375 0.637499988079071 0.6546875238418579 0.6354166865348816 0.6796875 0.6145833134651184 0.6796875 0.6104166507720947
0 0.5546875 0.6229166388511658 0.551562488079071 0.6520833373069763 0.5765625238418579 0.65625 0.578125 0.6583333611488342 0.5874999761581421 0.6583333611488342 0.589062511920929 0.6291666626930237
0 0.546875 0.643750011920929 0.5328124761581421 0.6812499761581421 0.5328124761581421 0.6854166388511658 0.5484374761581421 0.6958333253860474 0.5531250238418579 0.6958333253860474 0.567187488079071 0.65625 0.551562488079071 0.6541666388511658 0.550000011920929 0.643750011920929
0 0.6156250238418579 0.5375000238418579 0.6015625 0.5520833134651184 0.6015625 0.5562499761581421 0.6171875 0.5874999761581421 0.621874988079071 0.5854166746139526 0.6343749761581421 0.5666666626930237 0.6234375238418579 0.5479166507720947 0.621874988079071 0.5416666865348816 0.6187499761581421 0.5375000238418579