0 0.5390625 0.5708333253860474 0.5375000238418579 0.5958333611488342 0.5406249761581421 0.5979166626930237 0.5406249761581421 0.6020833253860474 0.573437511920929 0.6083333492279053 0.5765625238418579 0.5770833492279053 0.551562488079071 0.5729166865348816 0.550000011920929 0.5708333253860474
0 0.4921875 0.5395833253860474 0.48906248807907104 0.5687500238418579 0.5140625238418579 0.5729166865348816 0.515625 0.574999988079071 0.5249999761581421 0.574999988079071 0.526562511920929 0.5458333492279053
0 0.582812488079071 0.6770833134651184 0.5796874761581421 0.6770833134651184 0.559374988079071 0.7083333134651184 0.559374988079071 0.7145833373069763 0.5718749761581421 0.7291666865348816 0.5765625238418579 0.7291666865348816 0.5953124761581421 0.6979166865348816 0.5953124761581421 0.6916666626930237
0 0.45781248807907104 0.550000011920929 0.45625001192092896 0.574999988079071 0.4593749940395355 0.5770833492279053 0.4593749940395355 0.581250011920929 0.4921875 0.5874999761581421 0.4937500059604645 0.5708333253860474 0.48750001192092896 0.5687500238418579 0.48750001192092896 0.5583333373069763 0.48906248807907104 0.5562499761581421 0.48750001192092896 0.5541666746139526
0 0.503125011920929 0.574999988079071 0.4921875 0.5895833373069763 0.48906248807907104 0.5895833373069763 0.48906248807907104 0.59375 0.5078125 0.6291666626930237 0.510937511920929 0.6291666626930237 0.5249999761581421 0.6145833134651184 0.5249999761581421 0.6104166507720947 0.510937511920929 0.5854166746139526 0.5093749761581421 0.5791666507720947 0.5062500238418579 0.574999988079071
0 0.5249999761581421 0.5166666507720947 0.515625 0.5416666865348816 0.528124988079071 0.5458333492279053 0.526562511920929 0.5687500238418579 0.53125 0.5687500238418579 0.5453125238418579 0.53125 0.5453125238418579 0.5270833373069763 0.53125 0.5166666507720947
0 0.504687488079071 0.49166667461395264 0.49531251192092896 0.4958333373069763 0.4749999940395355 0.512499988079071 0.4749999940395355 0.5208333134651184 0.4828124940395355 0.5395833253860474 0.48906248807907104 0.5375000238418579 0.5140625238418579 0.5166666507720947 0.5140625238418579 0.512499988079071
0 0.5453125238418579 0.6645833253860474 0.534375011920929 0.6666666865348816 0.520312488079071 0.6979166865348816 0.520312488079071 0.7020833492279053 0.535937488079071 0.7145833373069763 0.5390625 0.7145833373069763 0.542187511920929 0.7104166746139526 0.5562499761581421 0.6770833134651184 0.5562499761581421 0.6729166507720947
0 0.5249999761581421 0.6083333492279053 0.526562511920929 0.6145833134651184 0.515625 0.625 0.512499988079071 0.6312500238418579 0.5296875238418579 0.6625000238418579 0.5328124761581421 0.6625000238418579 0.546875 0.6479166746139526 0.546875 0.643750011920929 0.5328124761581421 0.6187499761581421 0.53125 0.612500011920929 0.528124988079071 0.6083333492279053
0 0.4859375059604645 0.6895833611488342 0.484375 0.7145833373069763 0.48750001192092896 0.7166666388511658 0.48750001192092896 0.7208333611488342 0.520312488079071 0.7270833253860474 0.5234375 0.706250011920929 0.518750011920929 0.7020833492279053 0.520312488079071 0.6958333253860474 0.49687498807907104 0.6895833611488342
0 0.5765625238418579 0.625 0.573437511920929 0.6541666388511658 0.598437488079071 0.6583333611488342 0.6000000238418579 0.6604166626930237 0.609375 0.6604166626930237 0.6109374761581421 0.6312500238418579
0 0.559374988079071 0.6208333373069763 0.5453125238418579 0.6583333611488342 0.5453125238418579 0.6625000238418579 0.5609375238418579 0.6729166507720947 0.565625011920929 0.6729166507720947 0.5718749761581421 0.65625 0.5718749761581421 0.643750011920929 0.574999988079071 0.6270833611488342 0.565625011920929 0.6208333373069763