0 0.5171874761581421 0.518750011920929 0.5140625238418579 0.5479166507720947 0.5390625 0.5520833134651184 0.5406249761581421 0.5541666746139526 0.550000011920929 0.5541666746139526 0.551562488079071 0.5249999761581421
0 0.43281251192092896 0.5270833373069763 0.42656248807907104 0.5291666388511658 0.40625 0.5562499761581421 0.40625 0.5604166388511658 0.4203124940395355 0.5791666507720947 0.4234375059604645 0.5791666507720947 0.44218748807907104 0.5520833134651184 0.44218748807907104 0.5395833253860474
0 0.6578124761581421 0.6354166865348816 0.6546875238418579 0.6354166865348816 0.6343749761581421 0.6666666865348816 0.6343749761581421 0.6729166507720947 0.6468750238418579 0.6875 0.651562511920929 0.6875 0.6703125238418579 0.65625 0.6703125238418579 0.6499999761581421
0 0.5375000238418579 0.6229166388511658 0.535937488079071 0.6479166746139526 0.5390625 0.6499999761581421 0.5390625 0.6541666388511658 0.5718749761581421 0.6604166626930237 0.574999988079071 0.6291666626930237 0.550000011920929 0.625 0.5484374761581421 0.6229166388511658
0 0.573437511920929 0.5625 0.5640624761581421 0.5666666626930237 0.543749988079071 0.5833333134651184 0.543749988079071 0.5916666388511658 0.551562488079071 0.6104166507720947 0.557812511920929 0.6083333492279053 0.582812488079071 0.5874999761581421 0.582812488079071 0.5833333134651184
0 0.4781250059604645 0.543749988079071 0.46406251192092896 0.581250011920929 0.46406251192092896 0.5854166746139526 0.47968751192092896 0.5958333611488342 0.484375 0.5958333611488342 0.4984374940395355 0.5583333373069763 0.4984374940395355 0.5541666746139526 0.484375 0.543749988079071
0 0.49687498807907104 0.5020833611488342 0.4828124940395355 0.5416666865348816 0.49687498807907104 0.550000011920929 0.5 0.5541666746139526 0.503125011920929 0.5541666746139526 0.5171874761581421 0.5166666507720947 0.5171874761581421 0.512499988079071 0.503125011920929 0.5020833611488342
0 0.596875011920929 0.5270833373069763 0.59375 0.5270833373069763 0.573437511920929 0.5583333373069763 0.578125 0.5708333253860474 0.5859375 0.5791666507720947 0.590624988079071 0.5791666507720947 0.609375 0.5479166507720947 0.609375 0.5416666865348816
0 0.612500011920929 0.4854166805744171 0.604687511920929 0.5104166865348816 0.6328125 0.5291666388511658 0.637499988079071 0.5291666388511658 0.645312488079071 0.5041666626930237 0.6187499761581421 0.4854166805744171
0 0.4703125059604645 0.6916666626930237 0.4671874940395355 0.7208333611488342 0.4921875 0.7250000238418579 0.4937500059604645 0.7270833253860474 0.503125011920929 0.7270833253860474 0.504687488079071 0.6979166865348816
0 0.5453125238418579 0.5083333253860474 0.543749988079071 0.5208333134651184 0.5531250238418579 0.5249999761581421 0.5531250238418579 0.5395833253860474 0.5796874761581421 0.5458333492279053 0.582812488079071 0.5145833492279053 0.557812511920929 0.5104166865348816 0.5562499761581421 0.5083333253860474