0 0.5531250238418579 0.5270833373069763 0.542187511920929 0.5291666388511658 0.528124988079071 0.5604166388511658 0.528124988079071 0.5645833611488342 0.543749988079071 0.5770833492279053 0.546875 0.5770833492279053 0.550000011920929 0.5729166865348816 0.5640624761581421 0.5395833253860474 0.5640624761581421 0.5354166626930237
0 0.47343748807907104 0.5104166865348816 0.46562498807907104 0.5354166626930237 0.4937500059604645 0.5541666746139526 0.4984374940395355 0.5541666746139526 0.5062500238418579 0.5291666388511658 0.47968751192092896 0.5104166865348816
0 0.6156250238418579 0.6708333492279053 0.606249988079071 0.675000011920929 0.5859375 0.6916666626930237 0.5859375 0.699999988079071 0.59375 0.71875 0.6000000238418579 0.7166666388511658 0.625 0.6958333253860474 0.625 0.6916666626930237
0 0.640625 0.5145833492279053 0.6265624761581421 0.5520833134651184 0.6265624761581421 0.5562499761581421 0.6421874761581421 0.5666666626930237 0.6468750238418579 0.5666666626930237 0.660937488079071 0.5291666388511658 0.660937488079071 0.5249999761581421 0.6468750238418579 0.5145833492279053
0 0.48124998807907104 0.5874999761581421 0.47187501192092896 0.5916666388511658 0.4515624940395355 0.6083333492279053 0.4515624940395355 0.6166666746139526 0.4593749940395355 0.6354166865348816 0.46562498807907104 0.6333333253860474 0.4906249940395355 0.612500011920929 0.4906249940395355 0.6083333492279053
0 0.565625011920929 0.6604166626930237 0.559374988079071 0.6625000238418579 0.5390625 0.6895833611488342 0.5390625 0.6937500238418579 0.5531250238418579 0.7124999761581421 0.5562499761581421 0.7124999761581421 0.574999988079071 0.6854166388511658 0.574999988079071 0.6729166507720947
0 0.5296875238418579 0.612500011920929 0.5218750238418579 0.637499988079071 0.550000011920929 0.65625 0.5546875 0.65625 0.5625 0.6312500238418579 0.535937488079071 0.612500011920929
0 0.6171875 0.5666666626930237 0.609375 0.5916666388511658 0.637499988079071 0.6104166507720947 0.6421874761581421 0.6104166507720947 0.6499999761581421 0.5854166746139526 0.6234375238418579 0.5666666626930237
0 0.621874988079071 0.6604166626930237 0.620312511920929 0.6791666746139526 0.6265624761581421 0.6916666626930237 0.6546875238418579 0.6958333253860474 0.65625 0.6666666865348816
0 0.546875 0.5041666626930237 0.5390625 0.5291666388511658 0.5531250238418579 0.5249999761581421 0.565625011920929 0.5354166626930237 0.5640624761581421 0.5458333492279053 0.5718749761581421 0.5479166507720947 0.5796874761581421 0.5229166746139526 0.5531250238418579 0.5041666626930237
0 0.5062500238418579 0.59375 0.4921875 0.6083333492279053 0.4921875 0.612500011920929 0.510937511920929 0.6479166746139526 0.5140625238418579 0.6479166746139526 0.5218750238418579 0.6395833492279053 0.520312488079071 0.6333333253860474 0.5249999761581421 0.6229166388511658 0.5140625238418579 0.6041666865348816 0.512499988079071 0.5979166626930237 0.5093749761581421 0.59375
0 0.4203124940395355 0.5583333373069763 0.41874998807907104 0.5833333134651184 0.421875 0.5854166746139526 0.421875 0.5895833373069763 0.4546875059604645 0.5958333611488342 0.45781248807907104 0.5645833611488342 0.43281251192092896 0.5604166388511658 0.4312500059604645 0.5583333373069763