0 0.635937511920929 0.5333333611488342 0.6343749761581421 0.5583333373069763 0.637499988079071 0.5604166388511658 0.637499988079071 0.5645833611488342 0.6703125238418579 0.5708333253860474 0.6734374761581421 0.5395833253860474 0.6484375 0.5354166626930237 0.6468750238418579 0.5333333611488342
0 0.635937511920929 0.5249999761581421 0.625 0.5270833373069763 0.6109374761581421 0.5583333373069763 0.6109374761581421 0.5625 0.6265624761581421 0.574999988079071 0.629687488079071 0.574999988079071 0.635937511920929 0.5625 0.6328125 0.5583333373069763 0.6343749761581421 0.5333333611488342 0.635937511920929 0.53125 0.643750011920929 0.53125
0 0.4359374940395355 0.4895833432674408 0.421875 0.5041666626930237 0.421875 0.5083333253860474 0.44062501192092896 0.543749988079071 0.4437499940395355 0.543749988079071 0.45781248807907104 0.5291666388511658 0.45781248807907104 0.5249999761581421 0.4437499940395355 0.5 0.44218748807907104 0.4937500059604645 0.4390625059604645 0.4895833432674408
0 0.596875011920929 0.512499988079071 0.582812488079071 0.5270833373069763 0.582812488079071 0.53125 0.6015625 0.5666666626930237 0.604687511920929 0.5666666626930237 0.614062488079071 0.550000011920929 0.6156250238418579 0.5416666865348816 0.604687511920929 0.5229166746139526 0.6031249761581421 0.5166666507720947 0.6000000238418579 0.512499988079071
0 0.4203124940395355 0.5833333134651184 0.40625 0.6208333373069763 0.40625 0.625 0.421875 0.6354166865348816 0.42656248807907104 0.6354166865348816 0.44062501192092896 0.5979166626930237 0.44062501192092896 0.59375 0.42656248807907104 0.5833333134651184
0 0.48906248807907104 0.5583333373069763 0.4859375059604645 0.5874999761581421 0.510937511920929 0.5916666388511658 0.512499988079071 0.59375 0.5218750238418579 0.59375 0.5234375 0.5645833611488342
0 0.65625 0.5958333611488342 0.645312488079071 0.5979166626930237 0.6312500238418579 0.6291666626930237 0.6312500238418579 0.6333333253860474 0.6468750238418579 0.6458333134651184 0.6499999761581421 0.6458333134651184 0.653124988079071 0.6416666507720947 0.667187511920929 0.6083333492279053 0.667187511920929 0.6041666865348816
0 0.4781250059604645 0.5666666626930237 0.4671874940395355 0.5687500238418579 0.453125 0.6000000238418579 0.453125 0.6041666865348816 0.46875 0.6166666746139526 0.47187501192092896 0.6166666746139526 0.4749999940395355 0.612500011920929 0.484375 0.5895833373069763 0.484375 0.5770833492279053 0.4859375059604645 0.5729166865348816
0 0.5218750238418579 0.5166666507720947 0.518750011920929 0.5458333492279053 0.543749988079071 0.550000011920929 0.5453125238418579 0.5520833134651184 0.5546875 0.5520833134651184 0.5562499761581421 0.5229166746139526
0 0.6390625238418579 0.5854166746139526 0.628125011920929 0.5874999761581421 0.614062488079071 0.6187499761581421 0.614062488079071 0.6229166388511658 0.629687488079071 0.6354166865348816 0.6328125 0.6354166865348816 0.629687488079071 0.6333333253860474 0.629687488079071 0.6291666626930237 0.643750011920929 0.5979166626930237 0.6499999761581421 0.5958333611488342 0.6499999761581421 0.59375
0 0.53125 0.6041666865348816 0.528124988079071 0.6041666865348816 0.5078125 0.6354166865348816 0.5078125 0.6416666507720947 0.520312488079071 0.65625 0.5249999761581421 0.65625 0.543749988079071 0.625 0.543749988079071 0.6187499761581421