0 0.612500011920929 0.46875 0.6031249761581421 0.4729166626930237 0.582812488079071 0.4895833432674408 0.582812488079071 0.49791666865348816 0.590624988079071 0.5166666507720947 0.596875011920929 0.5145833492279053 0.621874988079071 0.4937500059604645 0.621874988079071 0.4895833432674408
0 0.4765625 0.668749988079071 0.4749999940395355 0.6937500238418579 0.4781250059604645 0.6958333253860474 0.4781250059604645 0.699999988079071 0.510937511920929 0.706250011920929 0.5140625238418579 0.675000011920929 0.48906248807907104 0.6708333492279053 0.48750001192092896 0.668749988079071
0 0.4625000059604645 0.612500011920929 0.44843751192092896 0.6499999761581421 0.44843751192092896 0.6541666388511658 0.46406251192092896 0.6645833253860474 0.46875 0.6645833253860474 0.4828124940395355 0.6270833611488342 0.4828124940395355 0.6229166388511658 0.46875 0.612500011920929
0 0.48906248807907104 0.5 0.4859375059604645 0.5 0.46562498807907104 0.53125 0.46562498807907104 0.5375000238418579 0.4781250059604645 0.5520833134651184 0.4828124940395355 0.5520833134651184 0.5015624761581421 0.5208333134651184 0.5015624761581421 0.5145833492279053
0 0.4203124940395355 0.5854166746139526 0.40937501192092896 0.5874999761581421 0.39531248807907104 0.6187499761581421 0.39531248807907104 0.6229166388511658 0.41093748807907104 0.6354166865348816 0.4140625 0.6354166865348816 0.41718751192092896 0.6312500238418579 0.4312500059604645 0.5979166626930237 0.4312500059604645 0.59375
0 0.4468750059604645 0.4958333373069763 0.4468750059604645 0.5 0.47187501192092896 0.5166666507720947 0.48750001192092896 0.49791666865348816 0.4859375059604645 0.49166667461395264 0.4609375 0.4749999940395355 0.4546875059604645 0.4749999940395355
0 0.6312500238418579 0.6187499761581421 0.621874988079071 0.6229166388511658 0.6015625 0.6395833492279053 0.6015625 0.6479166746139526 0.609375 0.6666666865348816 0.6156250238418579 0.6645833253860474 0.640625 0.643750011920929 0.640625 0.6395833492279053
0 0.520312488079071 0.5833333134651184 0.510937511920929 0.5874999761581421 0.4906249940395355 0.6041666865348816 0.4906249940395355 0.612500011920929 0.4984374940395355 0.6312500238418579 0.504687488079071 0.6291666626930237 0.5296875238418579 0.6083333492279053 0.5296875238418579 0.6041666865348816
0 0.5015624761581421 0.6333333253860474 0.5 0.6520833373069763 0.503125011920929 0.6541666388511658 0.503125011920929 0.6583333611488342 0.535937488079071 0.6645833253860474 0.5390625 0.6333333253860474 0.5140625238418579 0.6291666626930237 0.512499988079071 0.6270833611488342 0.5078125 0.6270833611488342
0 0.528124988079071 0.47083333134651184 0.518750011920929 0.4749999940395355 0.4984374940395355 0.49166667461395264 0.4984374940395355 0.5 0.5062500238418579 0.518750011920929 0.512499988079071 0.5166666507720947 0.5375000238418579 0.4958333373069763 0.5375000238418579 0.49166667461395264
0 0.6484375 0.581250011920929 0.637499988079071 0.5729166865348816 0.6265624761581421 0.574999988079071 0.614062488079071 0.6020833253860474 0.612500011920929 0.6104166507720947 0.6234375238418579 0.6187499761581421 0.628125011920929 0.6166666746139526 0.6343749761581421 0.6187499761581421 0.645312488079071 0.59375
0 0.5406249761581421 0.5874999761581421 0.5390625 0.612500011920929 0.542187511920929 0.6145833134651184 0.542187511920929 0.6187499761581421 0.574999988079071 0.625 0.578125 0.59375 0.5531250238418579 0.5895833373069763 0.551562488079071 0.5874999761581421
0 0.453125 0.6354166865348816 0.44999998807907104 0.6354166865348816 0.4296875 0.6666666865348816 0.4296875 0.6729166507720947 0.44218748807907104 0.6875 0.4468750059604645 0.6875 0.4609375 0.6645833253860474 0.4468750059604645 0.6541666388511658 0.4468750059604645 0.6499999761581421
0 0.6171875 0.6645833253860474 0.612500011920929 0.668749988079071 0.6078125238418579 0.668749988079071 0.5921875238418579 0.6937500238418579 0.5921875238418579 0.699999988079071 0.604687511920929 0.7145833373069763 0.609375 0.7145833373069763 0.628125011920929 0.6833333373069763 0.628125011920929 0.6770833134651184