0 0.6109374761581421 0.550000011920929 0.596875011920929 0.5645833611488342 0.596875011920929 0.5687500238418579 0.6156250238418579 0.6041666865348816 0.6187499761581421 0.6041666865348816 0.6328125 0.5895833373069763 0.6328125 0.5854166746139526 0.6187499761581421 0.5604166388511658 0.6171875 0.5541666746139526 0.614062488079071 0.550000011920929
0 0.551562488079071 0.5062500238418579 0.5453125238418579 0.5083333253860474 0.5249999761581421 0.5354166626930237 0.5249999761581421 0.5395833253860474 0.5390625 0.5583333373069763 0.542187511920929 0.5583333373069763 0.5609375238418579 0.53125 0.5609375238418579 0.518750011920929
0 0.4765625 0.625 0.46562498807907104 0.6270833611488342 0.4515624940395355 0.6583333611488342 0.4515624940395355 0.6625000238418579 0.4671874940395355 0.675000011920929 0.4703125059604645 0.675000011920929 0.47343748807907104 0.6708333492279053 0.48750001192092896 0.637499988079071 0.48750001192092896 0.6333333253860474
0 0.598437488079071 0.53125 0.5953124761581421 0.5604166388511658 0.598437488079071 0.5604166388511658 0.6109374761581421 0.5479166507720947 0.614062488079071 0.5479166507720947 0.625 0.5666666626930237 0.6312500238418579 0.5666666626930237 0.6328125 0.5375000238418579
0 0.5171874761581421 0.5604166388511658 0.5093749761581421 0.5854166746139526 0.5375000238418579 0.6041666865348816 0.542187511920929 0.6041666865348816 0.550000011920929 0.5791666507720947 0.5234375 0.5604166388511658
0 0.512499988079071 0.5083333253860474 0.5093749761581421 0.5083333253860474 0.48906248807907104 0.5395833253860474 0.48906248807907104 0.5458333492279053 0.5015624761581421 0.5604166388511658 0.5062500238418579 0.5604166388511658 0.5249999761581421 0.5291666388511658 0.5249999761581421 0.5229166746139526
0 0.5796874761581421 0.6625000238418579 0.573437511920929 0.6645833253860474 0.5531250238418579 0.6916666626930237 0.5531250238418579 0.6958333253860474 0.567187488079071 0.7145833373069763 0.5703125 0.7145833373069763 0.589062511920929 0.6875 0.589062511920929 0.675000011920929
0 0.621874988079071 0.4729166626930237 0.6078125238418579 0.5104166865348816 0.6078125238418579 0.5145833492279053 0.6234375238418579 0.5249999761581421 0.628125011920929 0.5249999761581421 0.6421874761581421 0.48750001192092896 0.6421874761581421 0.4833333194255829 0.628125011920929 0.4729166626930237
0 0.667187511920929 0.6208333373069763 0.65625 0.6229166388511658 0.6421874761581421 0.6541666388511658 0.6421874761581421 0.6583333611488342 0.6578124761581421 0.6708333492279053 0.660937488079071 0.6708333492279053 0.6640625 0.6666666865348816 0.6781250238418579 0.6333333253860474 0.6781250238418579 0.6291666626930237
0 0.65625 0.4937500059604645 0.6421874761581421 0.53125 0.6421874761581421 0.5354166626930237 0.6578124761581421 0.5458333492279053 0.6625000238418579 0.5458333492279053 0.676562488079071 0.5083333253860474 0.676562488079071 0.5041666626930237 0.6625000238418579 0.4937500059604645
0 0.5625 0.5270833373069763 0.559374988079071 0.5375000238418579 0.550000011920929 0.550000011920929 0.567187488079071 0.581250011920929 0.5703125 0.581250011920929 0.5843750238418579 0.5666666626930237 0.5843750238418579 0.5625 0.5703125 0.5375000238418579 0.5687500238418579 0.53125 0.565625011920929 0.5270833373069763
0 0.42656248807907104 0.668749988079071 0.41874998807907104 0.6937500238418579 0.4468750059604645 0.7124999761581421 0.4515624940395355 0.7124999761581421 0.4593749940395355 0.6875 0.43281251192092896 0.668749988079071
0 0.44218748807907104 0.5895833373069763 0.4312500059604645 0.5916666388511658 0.41718751192092896 0.6229166388511658 0.41718751192092896 0.6270833611488342 0.43281251192092896 0.6395833492279053 0.4359374940395355 0.6395833492279053 0.4390625059604645 0.6354166865348816 0.453125 0.6020833253860474 0.453125 0.5979166626930237