0 0.47187501192092896 0.5083333253860474 0.46406251192092896 0.5333333611488342 0.4921875 0.5520833134651184 0.49687498807907104 0.5520833134651184 0.504687488079071 0.5270833373069763 0.4781250059604645 0.5083333253860474
0 0.4703125059604645 0.5479166507720947 0.46875 0.5729166865348816 0.47187501192092896 0.574999988079071 0.47187501192092896 0.5791666507720947 0.504687488079071 0.5854166746139526 0.5078125 0.5541666746139526 0.5 0.5520833134651184 0.4921875 0.5541666746139526 0.48124998807907104 0.5479166507720947
0 0.6421874761581421 0.6312500238418579 0.628125011920929 0.6458333134651184 0.628125011920929 0.6499999761581421 0.6468750238418579 0.6854166388511658 0.6499999761581421 0.6854166388511658 0.6640625 0.6708333492279053 0.6640625 0.6666666865348816 0.6499999761581421 0.6416666507720947 0.6484375 0.6354166865348816 0.645312488079071 0.6312500238418579
0 0.645312488079071 0.5770833492279053 0.6343749761581421 0.5791666507720947 0.620312511920929 0.6104166507720947 0.620312511920929 0.6145833134651184 0.635937511920929 0.6270833611488342 0.6390625238418579 0.6270833611488342 0.6421874761581421 0.6229166388511658 0.65625 0.5895833373069763 0.65625 0.5854166746139526
0 0.46875 0.543749988079071 0.45781248807907104 0.5458333492279053 0.4437499940395355 0.5770833492279053 0.4437499940395355 0.581250011920929 0.4593749940395355 0.59375 0.4625000059604645 0.59375 0.4703125059604645 0.5791666507720947 0.4703125059604645 0.574999988079071 0.4671874940395355 0.5729166865348816 0.4671874940395355 0.5583333373069763 0.46875 0.5562499761581421 0.46875 0.5479166507720947 0.47187501192092896 0.5458333492279053
0 0.4234375059604645 0.6604166626930237 0.4203124940395355 0.6895833611488342 0.4453125 0.6937500238418579 0.4468750059604645 0.6958333253860474 0.45625001192092896 0.6958333253860474 0.45781248807907104 0.6666666865348816
0 0.4984374940395355 0.550000011920929 0.5093749761581421 0.5541666746139526 0.5078125 0.581250011920929 0.53125 0.5854166746139526 0.534375011920929 0.5541666746139526 0.5093749761581421 0.550000011920929 0.5078125 0.5479166507720947 0.5 0.5479166507720947
0 0.4453125 0.5833333134651184 0.4359374940395355 0.59375 0.4359374940395355 0.5979166626930237 0.4546875059604645 0.6333333253860474 0.45781248807907104 0.6333333253860474 0.47187501192092896 0.6187499761581421 0.47187501192092896 0.6145833134651184 0.4625000059604645 0.5958333611488342 0.4593749940395355 0.5958333611488342
0 0.6015625 0.5833333134651184 0.604687511920929 0.5854166746139526 0.604687511920929 0.5895833373069763 0.6265624761581421 0.59375 0.6328125 0.5791666507720947 0.640625 0.574999988079071 0.640625 0.5645833611488342 0.6156250238418579 0.5604166388511658 0.614062488079071 0.5583333373069763 0.6031249761581421 0.5583333373069763
0 0.559374988079071 0.5979166626930237 0.5531250238418579 0.6000000238418579 0.5328124761581421 0.6270833611488342 0.5328124761581421 0.6312500238418579 0.546875 0.6499999761581421 0.550000011920929 0.6499999761581421 0.5687500238418579 0.6229166388511658 0.5687500238418579 0.6104166507720947
0 0.43281251192092896 0.6145833134651184 0.42500001192092896 0.6395833492279053 0.453125 0.6583333611488342 0.45781248807907104 0.6583333611488342 0.46562498807907104 0.6333333253860474 0.4609375 0.6312500238418579 0.45781248807907104 0.6354166865348816 0.4546875059604645 0.6354166865348816 0.4453125 0.6187499761581421 0.4390625059604645 0.6145833134651184
0 0.574999988079071 0.6104166507720947 0.5703125 0.612500011920929 0.5703125 0.6229166388511658 0.5531250238418579 0.6479166746139526 0.5640624761581421 0.6625000238418579 0.5687500238418579 0.6625000238418579 0.5874999761581421 0.6312500238418579 0.5874999761581421 0.625