0 0.625 0.5520833134651184 0.621874988079071 0.581250011920929 0.6468750238418579 0.5854166746139526 0.6484375 0.5874999761581421 0.6578124761581421 0.5874999761581421 0.659375011920929 0.5583333373069763
0 0.609375 0.543749988079071 0.6000000238418579 0.5479166507720947 0.5796874761581421 0.5645833611488342 0.5796874761581421 0.5729166865348816 0.5874999761581421 0.5916666388511658 0.59375 0.5895833373069763 0.6187499761581421 0.5687500238418579 0.6187499761581421 0.5645833611488342
0 0.604687511920929 0.6729166507720947 0.6015625 0.7020833492279053 0.6265624761581421 0.706250011920929 0.628125011920929 0.7083333134651184 0.637499988079071 0.7083333134651184 0.6390625238418579 0.6791666746139526
0 0.4375 0.6187499761581421 0.4312500059604645 0.6208333373069763 0.41093748807907104 0.6479166746139526 0.41093748807907104 0.6520833373069763 0.42500001192092896 0.6708333492279053 0.4281249940395355 0.6708333492279053 0.4468750059604645 0.643750011920929 0.4468750059604645 0.6312500238418579
0 0.5062500238418579 0.47708332538604736 0.4921875 0.49166667461395264 0.4921875 0.4958333373069763 0.510937511920929 0.53125 0.5140625238418579 0.53125 0.528124988079071 0.5166666507720947 0.528124988079071 0.512499988079071 0.5140625238418579 0.48750001192092896 0.512499988079071 0.48124998807907104 0.5093749761581421 0.47708332538604736
0 0.4359374940395355 0.5479166507720947 0.43437498807907104 0.5729166865348816 0.4375 0.574999988079071 0.4375 0.5791666507720947 0.4703125059604645 0.5854166746139526 0.47343748807907104 0.5541666746139526 0.44843751192092896 0.550000011920929 0.4468750059604645 0.5479166507720947
0 0.612500011920929 0.5916666388511658 0.6031249761581421 0.5958333611488342 0.582812488079071 0.612500011920929 0.582812488079071 0.6208333373069763 0.590624988079071 0.6395833492279053 0.596875011920929 0.637499988079071 0.621874988079071 0.6166666746139526 0.621874988079071 0.612500011920929
0 0.5234375 0.6208333373069763 0.5171874761581421 0.6229166388511658 0.49687498807907104 0.6499999761581421 0.49687498807907104 0.6541666388511658 0.510937511920929 0.6729166507720947 0.5140625238418579 0.6729166507720947 0.5328124761581421 0.6458333134651184 0.5328124761581421 0.6333333253860474
0 0.5062500238418579 0.5666666626930237 0.5 0.5687500238418579 0.47968751192092896 0.5958333611488342 0.47968751192092896 0.6000000238418579 0.4937500059604645 0.6187499761581421 0.49687498807907104 0.6187499761581421 0.515625 0.5916666388511658 0.515625 0.5791666507720947
0 0.4453125 0.5270833373069763 0.4437499940395355 0.5458333492279053 0.47343748807907104 0.5520833134651184 0.4749999940395355 0.5625 0.47968751192092896 0.5645833611488342 0.4828124940395355 0.5333333611488342 0.45781248807907104 0.5291666388511658 0.45625001192092896 0.5270833373069763
0 0.542187511920929 0.5208333134651184 0.534375011920929 0.5458333492279053 0.5625 0.5645833611488342 0.567187488079071 0.5645833611488342 0.574999988079071 0.5395833253860474 0.5484374761581421 0.5208333134651184
0 0.48750001192092896 0.5375000238418579 0.484375 0.5375000238418579 0.48124998807907104 0.5645833611488342 0.47968751192092896 0.5666666626930237 0.4749999940395355 0.5645833611488342 0.47343748807907104 0.5666666626930237 0.47343748807907104 0.5791666507720947 0.47187501192092896 0.581250011920929 0.4828124940395355 0.5895833373069763 0.4921875 0.5770833492279053 0.5015624761581421 0.5520833134651184 0.5 0.5458333492279053
0 0.44843751192092896 0.6333333253860474 0.44843751192092896 0.643750011920929 0.4390625059604645 0.65625 0.4375 0.6625000238418579 0.4625000059604645 0.6666666865348816 0.46406251192092896 0.668749988079071 0.47343748807907104 0.668749988079071 0.4749999940395355 0.6395833492279053 0.44999998807907104 0.6354166865348816
0 0.635937511920929 0.6770833134651184 0.640625 0.6791666746139526 0.6390625238418579 0.7083333134651184 0.65625 0.7208333611488342 0.660937488079071 0.7208333611488342 0.668749988079071 0.699999988079071 0.668749988079071 0.6958333253860474 0.6421874761581421 0.6770833134651184
0 0.65625 0.5208333134651184 0.645312488079071 0.512499988079071 0.6343749761581421 0.5145833492279053 0.621874988079071 0.5416666865348816 0.620312511920929 0.550000011920929 0.6234375238418579 0.5520833134651184 0.625 0.550000011920929 0.6328125 0.550000011920929 0.643750011920929 0.5541666746139526 0.653124988079071 0.5333333611488342