0 0.5484374761581421 0.6458333134651184 0.542187511920929 0.6479166746139526 0.5218750238418579 0.675000011920929 0.5218750238418579 0.6791666746139526 0.535937488079071 0.6979166865348816 0.5390625 0.6979166865348816 0.557812511920929 0.6708333492279053 0.557812511920929 0.6583333611488342
0 0.4234375059604645 0.606249988079071 0.4203124940395355 0.606249988079071 0.4000000059604645 0.637499988079071 0.4000000059604645 0.643750011920929 0.4124999940395355 0.6583333611488342 0.41718751192092896 0.6583333611488342 0.4359374940395355 0.6270833611488342 0.4359374940395355 0.6208333373069763
0 0.4749999940395355 0.4791666567325592 0.4609375 0.4937500059604645 0.4609375 0.49791666865348816 0.47968751192092896 0.5333333611488342 0.4828124940395355 0.5333333611488342 0.49687498807907104 0.518750011920929 0.49687498807907104 0.5145833492279053 0.4828124940395355 0.4895833432674408 0.48124998807907104 0.4833333194255829 0.4781250059604645 0.4791666567325592
0 0.39531248807907104 0.4729166626930237 0.39375001192092896 0.49791666865348816 0.3968749940395355 0.5 0.3968749940395355 0.5041666626930237 0.4296875 0.5104166865348816 0.43281251192092896 0.4791666567325592 0.4078125059604645 0.4749999940395355 0.40625 0.4729166626930237
0 0.6265624761581421 0.4729166626930237 0.625 0.49791666865348816 0.628125011920929 0.5 0.628125011920929 0.5041666626930237 0.660937488079071 0.5104166865348816 0.6640625 0.4791666567325592 0.6390625238418579 0.4749999940395355 0.637499988079071 0.4729166626930237
0 0.4765625 0.6312500238418579 0.46875 0.65625 0.49687498807907104 0.675000011920929 0.5015624761581421 0.675000011920929 0.5093749761581421 0.6499999761581421 0.4828124940395355 0.6312500238418579
0 0.542187511920929 0.581250011920929 0.534375011920929 0.606249988079071 0.5625 0.625 0.567187488079071 0.625 0.574999988079071 0.6000000238418579 0.5484374761581421 0.581250011920929
0 0.645312488079071 0.6583333611488342 0.6312500238418579 0.6958333253860474 0.6312500238418579 0.699999988079071 0.6468750238418579 0.7104166746139526 0.651562511920929 0.7104166746139526 0.6656249761581421 0.6729166507720947 0.6656249761581421 0.668749988079071 0.651562511920929 0.6583333611488342
0 0.6171875 0.5541666746139526 0.6156250238418579 0.5791666507720947 0.6187499761581421 0.581250011920929 0.6187499761581421 0.5854166746139526 0.651562511920929 0.5916666388511658 0.6546875238418579 0.5604166388511658 0.629687488079071 0.5562499761581421 0.628125011920929 0.5541666746139526
0 0.535937488079071 0.6083333492279053 0.5171874761581421 0.637499988079071 0.5171874761581421 0.643750011920929 0.5296875238418579 0.6583333611488342 0.534375011920929 0.6583333611488342 0.5531250238418579 0.6270833611488342 0.5531250238418579 0.6208333373069763
0 0.44843751192092896 0.6895833611488342 0.4468750059604645 0.7145833373069763 0.44999998807907104 0.7166666388511658 0.44999998807907104 0.7208333611488342 0.4828124940395355 0.7270833253860474 0.4859375059604645 0.6958333253860474 0.4609375 0.6916666626930237 0.4593749940395355 0.6895833611488342
0 0.48750001192092896 0.6041666865348816 0.47968751192092896 0.6291666626930237 0.4828124940395355 0.6291666626930237 0.5093749761581421 0.6479166746139526 0.512499988079071 0.6479166746139526 0.520312488079071 0.6229166388511658 0.4937500059604645 0.6041666865348816
0 0.5562499761581421 0.5270833373069763 0.5484374761581421 0.5520833134651184 0.5765625238418579 0.5708333253860474 0.581250011920929 0.5708333253860474 0.589062511920929 0.5458333492279053 0.5625 0.5270833373069763
0 0.41874998807907104 0.5958333611488342 0.41718751192092896 0.6083333492279053 0.4203124940395355 0.6041666865348816 0.4234375059604645 0.6041666865348816 0.4375 0.6208333373069763 0.4359374940395355 0.6291666626930237 0.453125 0.6333333253860474 0.45625001192092896 0.6020833253860474 0.4312500059604645 0.5979166626930237 0.4296875 0.5958333611488342