0 0.4203124940395355 0.5458333492279053 0.4124999940395355 0.5708333253860474 0.44062501192092896 0.5895833373069763 0.4453125 0.5895833373069763 0.453125 0.5645833611488342 0.42656248807907104 0.5458333492279053
0 0.4437499940395355 0.48750001192092896 0.43437498807907104 0.49166667461395264 0.4140625 0.5083333253860474 0.4140625 0.5166666507720947 0.421875 0.5354166626930237 0.4281249940395355 0.5333333611488342 0.453125 0.512499988079071 0.453125 0.5083333253860474
0 0.5859375 0.675000011920929 0.5765625238418579 0.6791666746139526 0.5562499761581421 0.6958333253860474 0.5562499761581421 0.7041666507720947 0.5640624761581421 0.7229166626930237 0.5703125 0.7208333611488342 0.5953124761581421 0.699999988079071 0.5953124761581421 0.6958333253860474
0 0.512499988079071 0.5375000238418579 0.5062500238418579 0.5395833253860474 0.4859375059604645 0.5666666626930237 0.4859375059604645 0.5708333253860474 0.5 0.5895833373069763 0.503125011920929 0.5895833373069763 0.5218750238418579 0.5625 0.5218750238418579 0.550000011920929
0 0.534375011920929 0.59375 0.520312488079071 0.6312500238418579 0.520312488079071 0.6354166865348816 0.535937488079071 0.6458333134651184 0.5406249761581421 0.6458333134651184 0.5546875 0.6083333492279053 0.5546875 0.6041666865348816 0.5406249761581421 0.59375
0 0.5765625238418579 0.5687500238418579 0.5625 0.606249988079071 0.5625 0.6104166507720947 0.578125 0.6208333373069763 0.582812488079071 0.6208333373069763 0.596875011920929 0.5833333134651184 0.596875011920929 0.5791666507720947 0.582812488079071 0.5687500238418579
0 0.43437498807907104 0.6416666507720947 0.43281251192092896 0.6666666865348816 0.4359374940395355 0.668749988079071 0.4359374940395355 0.6729166507720947 0.46875 0.6791666746139526 0.47187501192092896 0.6479166746139526 0.4468750059604645 0.643750011920929 0.4453125 0.6416666507720947
0 0.6187499761581421 0.5625 0.6171875 0.5874999761581421 0.620312511920929 0.5895833373069763 0.620312511920929 0.59375 0.653124988079071 0.6000000238418579 0.65625 0.5687500238418579 0.6312500238418579 0.5645833611488342 0.629687488079071 0.5625
0 0.46406251192092896 0.6791666746139526 0.4546875059604645 0.6791666746139526 0.453125 0.6770833134651184 0.44062501192092896 0.675000011920929 0.4312500059604645 0.6937500238418579 0.4296875 0.7020833492279053 0.43437498807907104 0.7041666507720947 0.4453125 0.7145833373069763 0.44843751192092896 0.7145833373069763 0.45625001192092896 0.699999988079071
0 0.6421874761581421 0.6354166865348816 0.6390625238418579 0.6645833253860474 0.6640625 0.668749988079071 0.6656249761581421 0.6708333492279053 0.675000011920929 0.6708333492279053 0.676562488079071 0.6416666507720947
0 0.518750011920929 0.675000011920929 0.515625 0.7041666507720947 0.5406249761581421 0.7083333134651184 0.542187511920929 0.7104166746139526 0.551562488079071 0.7104166746139526 0.5531250238418579 0.6812499761581421
0 0.5640624761581421 0.5708333253860474 0.5546875 0.5583333373069763 0.551562488079071 0.5583333373069763 0.528124988079071 0.5874999761581421 0.528124988079071 0.5916666388511658 0.53125 0.5958333611488342 0.534375011920929 0.5916666388511658 0.5406249761581421 0.5916666388511658 0.551562488079071 0.6000000238418579 0.5640624761581421 0.5833333134651184
0 0.48906248807907104 0.518750011920929 0.4859375059604645 0.518750011920929 0.46562498807907104 0.550000011920929 0.46562498807907104 0.5562499761581421 0.4781250059604645 0.5708333253860474 0.4828124940395355 0.5708333253860474 0.5015624761581421 0.5395833253860474 0.5015624761581421 0.5333333611488342
0 0.4468750059604645 0.4729166626930237 0.4453125 0.48750001192092896 0.453125 0.5041666626930237 0.47968751192092896 0.5083333253860474 0.48124998807907104 0.4791666567325592
0 0.46875 0.606249988079071 0.46562498807907104 0.6354166865348816 0.4906249940395355 0.6395833492279053 0.4921875 0.6416666507720947 0.5015624761581421 0.6416666507720947 0.503125011920929 0.612500011920929