0 0.4390625059604645 0.48124998807907104 0.4281249940395355 0.4833333194255829 0.4140625 0.5145833492279053 0.4140625 0.518750011920929 0.4296875 0.53125 0.43281251192092896 0.53125 0.4359374940395355 0.5270833373069763 0.44999998807907104 0.4937500059604645 0.44999998807907104 0.4895833432674408
0 0.4312500059604645 0.5833333134651184 0.4281249940395355 0.5833333134651184 0.4078125059604645 0.6145833134651184 0.4078125059604645 0.6208333373069763 0.4203124940395355 0.6354166865348816 0.42500001192092896 0.6354166865348816 0.4437499940395355 0.6041666865348816 0.4437499940395355 0.5979166626930237
0 0.578125 0.6416666507720947 0.567187488079071 0.643750011920929 0.5531250238418579 0.675000011920929 0.5531250238418579 0.6791666746139526 0.5687500238418579 0.6916666626930237 0.5718749761581421 0.6916666626930237 0.574999988079071 0.6875 0.589062511920929 0.6541666388511658 0.589062511920929 0.6499999761581421
0 0.4828124940395355 0.6291666626930237 0.47968751192092896 0.6583333611488342 0.504687488079071 0.6625000238418579 0.5062500238418579 0.6645833253860474 0.515625 0.6645833253860474 0.5171874761581421 0.6354166865348816
0 0.606249988079071 0.5041666626930237 0.596875011920929 0.5083333253860474 0.5765625238418579 0.5249999761581421 0.5765625238418579 0.5333333611488342 0.5843750238418579 0.5520833134651184 0.590624988079071 0.550000011920929 0.6156250238418579 0.5291666388511658 0.6156250238418579 0.5249999761581421
0 0.6484375 0.6000000238418579 0.640625 0.625 0.668749988079071 0.643750011920929 0.6734374761581421 0.643750011920929 0.6812499761581421 0.6187499761581421 0.6546875238418579 0.6000000238418579
0 0.5687500238418579 0.47083333134651184 0.565625011920929 0.5 0.590624988079071 0.5041666626930237 0.5921875238418579 0.5062500238418579 0.6015625 0.5041666626930237 0.6031249761581421 0.47708332538604736
0 0.6031249761581421 0.5687500238418579 0.596875011920929 0.5708333253860474 0.5765625238418579 0.5979166626930237 0.5765625238418579 0.6020833253860474 0.590624988079071 0.6208333373069763 0.59375 0.6208333373069763 0.612500011920929 0.59375 0.612500011920929 0.581250011920929
0 0.5249999761581421 0.5041666626930237 0.5218750238418579 0.5333333611488342 0.546875 0.5375000238418579 0.5484374761581421 0.5395833253860474 0.557812511920929 0.5395833253860474 0.559374988079071 0.5104166865348816
0 0.44999998807907104 0.49791666865348816 0.4390625059604645 0.5208333134651184 0.4390625059604645 0.5270833373069763 0.453125 0.5520833134651184 0.45625001192092896 0.5520833134651184 0.4703125059604645 0.5375000238418579 0.4703125059604645 0.5333333611488342 0.45625001192092896 0.5083333253860474 0.4546875059604645 0.5020833611488342
0 0.6109374761581421 0.6604166626930237 0.6000000238418579 0.6625000238418579 0.5859375 0.6937500238418579 0.5859375 0.6979166865348816 0.6015625 0.7104166746139526 0.604687511920929 0.7104166746139526 0.6078125238418579 0.706250011920929 0.621874988079071 0.6729166507720947 0.621874988079071 0.668749988079071