0 0.6156250238418579 0.5416666865348816 0.612500011920929 0.5708333253860474 0.637499988079071 0.574999988079071 0.6390625238418579 0.5770833492279053 0.6484375 0.5770833492279053 0.6499999761581421 0.5479166507720947
0 0.5406249761581421 0.53125 0.5296875238418579 0.5333333611488342 0.515625 0.5645833611488342 0.515625 0.5687500238418579 0.53125 0.581250011920929 0.534375011920929 0.581250011920929 0.5375000238418579 0.5770833492279053 0.551562488079071 0.543749988079071 0.551562488079071 0.5395833253860474
0 0.5218750238418579 0.46666666865348816 0.512499988079071 0.47083333134651184 0.4921875 0.48750001192092896 0.4921875 0.4958333373069763 0.5 0.5145833492279053 0.5062500238418579 0.512499988079071 0.53125 0.49166667461395264 0.53125 0.48750001192092896
0 0.5249999761581421 0.675000011920929 0.5218750238418579 0.7041666507720947 0.546875 0.7083333134651184 0.5484374761581421 0.7104166746139526 0.557812511920929 0.7104166746139526 0.559374988079071 0.6812499761581421
0 0.5484374761581421 0.6416666507720947 0.5375000238418579 0.6333333253860474 0.526562511920929 0.6354166865348816 0.5140625238418579 0.6625000238418579 0.512499988079071 0.6708333492279053 0.5234375 0.6791666746139526 0.5249999761581421 0.6729166507720947 0.535937488079071 0.675000011920929 0.5453125238418579 0.6541666388511658
0 0.5843750238418579 0.4937500059604645 0.581250011920929 0.5229166746139526 0.606249988079071 0.5270833373069763 0.6078125238418579 0.5291666388511658 0.6171875 0.5291666388511658 0.6187499761581421 0.5
0 0.47968751192092896 0.5770833492279053 0.4765625 0.606249988079071 0.5015624761581421 0.6104166507720947 0.503125011920929 0.612500011920929 0.512499988079071 0.612500011920929 0.5140625238418579 0.5833333134651184
0 0.6234375238418579 0.6187499761581421 0.621874988079071 0.643750011920929 0.625 0.6458333134651184 0.625 0.6499999761581421 0.6578124761581421 0.65625 0.660937488079071 0.625 0.635937511920929 0.6208333373069763 0.6343749761581421 0.6187499761581421
0 0.4671874940395355 0.6583333611488342 0.453125 0.6958333253860474 0.453125 0.699999988079071 0.46875 0.7104166746139526 0.47343748807907104 0.7104166746139526 0.48750001192092896 0.6729166507720947 0.48750001192092896 0.668749988079071 0.47343748807907104 0.6583333611488342
0 0.5921875238418579 0.5791666507720947 0.578125 0.6166666746139526 0.578125 0.6208333373069763 0.59375 0.6312500238418579 0.598437488079071 0.6312500238418579 0.612500011920929 0.59375 0.612500011920929 0.5895833373069763 0.598437488079071 0.5791666507720947
0 0.4593749940395355 0.6499999761581421 0.44999998807907104 0.6541666388511658 0.4296875 0.6708333492279053 0.4296875 0.6791666746139526 0.4375 0.6979166865348816 0.44062501192092896 0.6979166865348816 0.45625001192092896 0.6854166388511658 0.46406251192092896 0.6645833253860474 0.46406251192092896 0.6604166626930237
0 0.4906249940395355 0.6333333253860474 0.48124998807907104 0.6583333611488342 0.48124998807907104 0.6625000238418579 0.48906248807907104 0.668749988079071 0.4859375059604645 0.6812499761581421 0.4921875 0.6854166388511658 0.49687498807907104 0.6854166388511658 0.510937511920929 0.6479166746139526 0.510937511920929 0.643750011920929 0.49687498807907104 0.6333333253860474
0 0.44062501192092896 0.4937500059604645 0.4375 0.4937500059604645 0.41718751192092896 0.5249999761581421 0.41718751192092896 0.53125 0.4296875 0.5458333492279053 0.43437498807907104 0.5458333492279053 0.453125 0.5145833492279053 0.453125 0.5083333253860474
0 0.4312500059604645 0.550000011920929 0.4234375059604645 0.574999988079071 0.4515624940395355 0.59375 0.45625001192092896 0.59375 0.46406251192092896 0.5687500238418579 0.4375 0.550000011920929