0 0.6328125 0.5479166507720947 0.629687488079071 0.5770833492279053 0.6546875238418579 0.581250011920929 0.65625 0.5833333134651184 0.6656249761581421 0.5833333134651184 0.667187511920929 0.5541666746139526
0 0.40937501192092896 0.6395833492279053 0.40625 0.668749988079071 0.4312500059604645 0.6729166507720947 0.43281251192092896 0.675000011920929 0.44218748807907104 0.675000011920929 0.4437499940395355 0.6458333134651184
0 0.4749999940395355 0.5083333253860474 0.4609375 0.5458333492279053 0.4609375 0.550000011920929 0.4765625 0.5604166388511658 0.48124998807907104 0.5604166388511658 0.49531251192092896 0.5229166746139526 0.49531251192092896 0.518750011920929 0.48124998807907104 0.5083333253860474
0 0.6343749761581421 0.6833333373069763 0.6265624761581421 0.7083333134651184 0.6546875238418579 0.7270833253860474 0.659375011920929 0.7270833253860474 0.667187511920929 0.7020833492279053 0.640625 0.6833333373069763
0 0.6343749761581421 0.6583333611488342 0.628125011920929 0.6604166626930237 0.6078125238418579 0.6875 0.6078125238418579 0.6916666626930237 0.621874988079071 0.7104166746139526 0.625 0.7104166746139526 0.625 0.7041666507720947 0.6343749761581421 0.6812499761581421 0.643750011920929 0.6833333373069763 0.643750011920929 0.6708333492279053
0 0.4906249940395355 0.6145833134651184 0.4828124940395355 0.6395833492279053 0.510937511920929 0.6583333611488342 0.515625 0.6583333611488342 0.5234375 0.6333333253860474 0.49687498807907104 0.6145833134651184
0 0.5234375 0.48750001192092896 0.512499988079071 0.4895833432674408 0.4984374940395355 0.5208333134651184 0.4984374940395355 0.5249999761581421 0.5140625238418579 0.5375000238418579 0.5171874761581421 0.5375000238418579 0.520312488079071 0.5333333611488342 0.534375011920929 0.5 0.534375011920929 0.4958333373069763
0 0.518750011920929 0.543749988079071 0.5078125 0.5458333492279053 0.4937500059604645 0.5770833492279053 0.4937500059604645 0.581250011920929 0.5093749761581421 0.59375 0.512499988079071 0.59375 0.515625 0.5895833373069763 0.5296875238418579 0.5562499761581421 0.5296875238418579 0.5520833134651184
0 0.48124998807907104 0.6395833492279053 0.46875 0.6729166507720947 0.46875 0.6770833134651184 0.484375 0.6875 0.48906248807907104 0.6875 0.5015624761581421 0.6541666388511658
0 0.5546875 0.5270833373069763 0.5453125238418579 0.53125 0.5249999761581421 0.5479166507720947 0.53125 0.5520833134651184 0.528124988079071 0.5625 0.5328124761581421 0.574999988079071 0.5390625 0.5729166865348816 0.5640624761581421 0.5520833134651184 0.5640624761581421 0.5479166507720947
0 0.635937511920929 0.512499988079071 0.6265624761581421 0.5166666507720947 0.606249988079071 0.5333333611488342 0.606249988079071 0.5416666865348816 0.614062488079071 0.5604166388511658 0.620312511920929 0.5583333373069763 0.6312500238418579 0.550000011920929 0.6328125 0.5458333492279053 0.635937511920929 0.5458333492279053 0.645312488079071 0.5375000238418579 0.645312488079071 0.5333333611488342
0 0.49687498807907104 0.5249999761581421 0.4937500059604645 0.5291666388511658 0.48124998807907104 0.5625 0.4749999940395355 0.5604166388511658 0.48750001192092896 0.5770833492279053 0.4906249940395355 0.5770833492279053 0.49687498807907104 0.5687500238418579 0.503125011920929 0.5520833134651184 0.5093749761581421 0.543749988079071 0.5093749761581421 0.5375000238418579 0.503125011920929 0.5291666388511658
0 0.612500011920929 0.4937500059604645 0.606249988079071 0.4937500059604645 0.5921875238418579 0.53125 0.5921875238418579 0.5354166626930237 0.606249988079071 0.543749988079071 0.604687511920929 0.5416666865348816 0.604687511920929 0.5333333611488342 0.620312511920929 0.5208333134651184 0.6265624761581421 0.5083333253860474 0.625 0.5020833611488342
0 0.44062501192092896 0.6083333492279053 0.4375 0.637499988079071 0.4625000059604645 0.6416666507720947 0.46406251192092896 0.643750011920929 0.47343748807907104 0.643750011920929 0.4749999940395355 0.6145833134651184
0 0.6312500238418579 0.5520833134651184 0.6171875 0.5625 0.614062488079071 0.5625 0.612500011920929 0.5583333373069763 0.6015625 0.574999988079071 0.6015625 0.581250011920929 0.614062488079071 0.5958333611488342 0.6187499761581421 0.5958333611488342 0.629687488079071 0.5791666507720947 0.628125011920929 0.5770833492279053 0.628125011920929 0.5666666626930237 0.629687488079071 0.5645833611488342
0 0.4453125 0.6479166746139526 0.4437499940395355 0.675000011920929 0.4375 0.6770833134651184 0.47343748807907104 0.6833333373069763 0.4671874940395355 0.6770833134651184 0.4671874940395355 0.6729166507720947 0.4749999940395355 0.6541666388511658
0 0.606249988079071 0.6416666507720947 0.596875011920929 0.6458333134651184 0.5765625238418579 0.6625000238418579 0.5765625238418579 0.6708333492279053 0.5843750238418579 0.6895833611488342 0.590624988079071 0.6875 0.6156250238418579 0.6666666865348816 0.6156250238418579 0.6625000238418579
0 0.4453125 0.5770833492279053 0.44218748807907104 0.606249988079071 0.4671874940395355 0.6104166507720947 0.46875 0.612500011920929 0.4781250059604645 0.612500011920929 0.47968751192092896 0.5833333134651184
0 0.6312500238418579 0.581250011920929 0.628125011920929 0.59375 0.65625 0.612500011920929 0.660937488079071 0.612500011920929 0.668749988079071 0.5916666388511658 0.667187511920929 0.5854166746139526 0.65625 0.5854166746139526 0.6546875238418579 0.5833333134651184 0.6468750238418579 0.5833333134651184 0.635937511920929 0.5791666507720947
0 0.5874999761581421 0.5583333373069763 0.578125 0.5625 0.557812511920929 0.5791666507720947 0.557812511920929 0.5874999761581421 0.565625011920929 0.606249988079071 0.5718749761581421 0.6041666865348816 0.596875011920929 0.5833333134651184 0.596875011920929 0.5791666507720947