0 0.628125011920929 0.643750011920929 0.621874988079071 0.6458333134651184 0.6015625 0.6729166507720947 0.6015625 0.6770833134651184 0.6156250238418579 0.6958333253860474 0.6187499761581421 0.6958333253860474 0.637499988079071 0.668749988079071 0.637499988079071 0.65625
0 0.5093749761581421 0.5895833373069763 0.49531251192092896 0.6041666865348816 0.49531251192092896 0.6083333492279053 0.5140625238418579 0.643750011920929 0.5171874761581421 0.643750011920929 0.53125 0.6291666626930237 0.53125 0.625 0.5171874761581421 0.6000000238418579 0.515625 0.59375 0.512499988079071 0.5895833373069763
0 0.4937500059604645 0.6041666865348816 0.4828124940395355 0.606249988079071 0.46875 0.637499988079071 0.46875 0.6416666507720947 0.484375 0.6541666388511658 0.48750001192092896 0.6541666388511658 0.4906249940395355 0.6499999761581421 0.5015624761581421 0.625 0.49531251192092896 0.612500011920929
0 0.49531251192092896 0.6875 0.4937500059604645 0.7124999761581421 0.49687498807907104 0.7145833373069763 0.49687498807907104 0.71875 0.5296875238418579 0.7250000238418579 0.5328124761581421 0.6937500238418579 0.5078125 0.6895833611488342 0.5062500238418579 0.6875
0 0.4921875 0.5229166746139526 0.4828124940395355 0.5270833373069763 0.4625000059604645 0.543749988079071 0.4625000059604645 0.5520833134651184 0.4703125059604645 0.5708333253860474 0.4765625 0.5687500238418579 0.5015624761581421 0.5479166507720947 0.5015624761581421 0.543749988079071
0 0.503125011920929 0.4895833432674408 0.5 0.518750011920929 0.5249999761581421 0.5229166746139526 0.526562511920929 0.5249999761581421 0.535937488079071 0.5249999761581421 0.5375000238418579 0.4958333373069763
0 0.6484375 0.5333333611488342 0.640625 0.5583333373069763 0.668749988079071 0.5770833492279053 0.6734374761581421 0.5770833492279053 0.6812499761581421 0.5520833134651184 0.6546875238418579 0.5333333611488342
0 0.44218748807907104 0.6145833134651184 0.4281249940395355 0.6291666626930237 0.4281249940395355 0.6333333253860474 0.4468750059604645 0.668749988079071 0.44999998807907104 0.668749988079071 0.46406251192092896 0.6541666388511658 0.46406251192092896 0.6499999761581421 0.44999998807907104 0.625 0.44843751192092896 0.6187499761581421 0.4453125 0.6145833134651184
0 0.6343749761581421 0.606249988079071 0.625 0.6104166507720947 0.604687511920929 0.6270833611488342 0.604687511920929 0.6354166865348816 0.612500011920929 0.6541666388511658 0.625 0.6416666507720947 0.629687488079071 0.643750011920929 0.643750011920929 0.6312500238418579 0.643750011920929 0.6270833611488342
0 0.582812488079071 0.6187499761581421 0.5687500238418579 0.65625 0.5687500238418579 0.6604166626930237 0.5843750238418579 0.6708333492279053 0.589062511920929 0.6708333492279053 0.6031249761581421 0.6333333253860474 0.6031249761581421 0.6291666626930237 0.589062511920929 0.6187499761581421
0 0.535937488079071 0.5333333611488342 0.5328124761581421 0.5625 0.557812511920929 0.5666666626930237 0.559374988079071 0.5687500238418579 0.5687500238418579 0.5687500238418579 0.5703125 0.5395833253860474
0 0.5546875 0.6541666388511658 0.5484374761581421 0.65625 0.528124988079071 0.6833333373069763 0.528124988079071 0.6875 0.542187511920929 0.706250011920929 0.5453125238418579 0.706250011920929 0.5640624761581421 0.6791666746139526 0.5640624761581421 0.6666666865348816