0 0.4468750059604645 0.5020833611488342 0.43281251192092896 0.5395833253860474 0.43281251192092896 0.543749988079071 0.44843751192092896 0.5541666746139526 0.453125 0.5541666746139526 0.4671874940395355 0.5166666507720947 0.4671874940395355 0.512499988079071 0.453125 0.5020833611488342
0 0.5078125 0.637499988079071 0.49687498807907104 0.6395833492279053 0.4828124940395355 0.6708333492279053 0.4828124940395355 0.675000011920929 0.4984374940395355 0.6875 0.5015624761581421 0.6875 0.504687488079071 0.6833333373069763 0.518750011920929 0.6499999761581421 0.518750011920929 0.6458333134651184
0 0.589062511920929 0.6625000238418579 0.574999988079071 0.6770833134651184 0.574999988079071 0.6812499761581421 0.59375 0.7166666388511658 0.596875011920929 0.7166666388511658 0.6109374761581421 0.7020833492279053 0.6109374761581421 0.6979166865348816 0.596875011920929 0.6729166507720947 0.5953124761581421 0.6666666865348816 0.5921875238418579 0.6625000238418579
0 0.4312500059604645 0.46875 0.41718751192092896 0.4833333194255829 0.41718751192092896 0.48750001192092896 0.43281251192092896 0.518750011920929 0.4375 0.5229166746139526 0.4453125 0.5020833611488342 0.44999998807907104 0.5 0.44999998807907104 0.49791666865348816 0.4390625059604645 0.4791666567325592 0.4375 0.4729166626930237 0.43437498807907104 0.46875
0 0.5453125238418579 0.4937500059604645 0.535937488079071 0.49791666865348816 0.515625 0.5145833492279053 0.515625 0.5229166746139526 0.5234375 0.5416666865348816 0.5296875238418579 0.5395833253860474 0.5546875 0.518750011920929 0.5546875 0.5145833492279053
0 0.5390625 0.6416666507720947 0.535937488079071 0.6416666507720947 0.5218750238418579 0.6520833373069763 0.5140625238418579 0.6625000238418579 0.510937511920929 0.675000011920929 0.5171874761581421 0.6895833611488342 0.5234375 0.6875 0.5484374761581421 0.6666666865348816 0.5484374761581421 0.6625000238418579
0 0.565625011920929 0.5083333253860474 0.551562488079071 0.5458333492279053 0.551562488079071 0.550000011920929 0.567187488079071 0.5604166388511658 0.5718749761581421 0.5604166388511658 0.5859375 0.5229166746139526 0.5859375 0.518750011920929 0.5718749761581421 0.5083333253860474
0 0.606249988079071 0.6000000238418579 0.598437488079071 0.625 0.6265624761581421 0.643750011920929 0.6312500238418579 0.643750011920929 0.6390625238418579 0.6187499761581421 0.612500011920929 0.6000000238418579
0 0.46562498807907104 0.4895833432674408 0.46406251192092896 0.5083333253860474 0.46875 0.512499988079071 0.4671874940395355 0.518750011920929 0.47968751192092896 0.5229166746139526 0.48750001192092896 0.5229166746139526 0.48906248807907104 0.5249999761581421 0.4984374940395355 0.5249999761581421 0.5 0.4958333373069763
0 0.4906249940395355 0.5854166746139526 0.47968751192092896 0.5874999761581421 0.46562498807907104 0.6187499761581421 0.46562498807907104 0.6229166388511658 0.48124998807907104 0.6354166865348816 0.484375 0.6354166865348816 0.48750001192092896 0.6312500238418579 0.5015624761581421 0.5979166626930237 0.5015624761581421 0.59375
0 0.4390625059604645 0.606249988079071 0.42500001192092896 0.6208333373069763 0.42500001192092896 0.625 0.4437499940395355 0.6604166626930237 0.4468750059604645 0.6604166626930237 0.4609375 0.6458333134651184 0.4609375 0.6416666507720947 0.4468750059604645 0.6166666746139526 0.4453125 0.6104166507720947 0.44218748807907104 0.606249988079071
0 0.5921875238418579 0.4833333194255829 0.589062511920929 0.512499988079071 0.614062488079071 0.5166666507720947 0.6156250238418579 0.518750011920929 0.625 0.518750011920929 0.6265624761581421 0.4895833432674408
0 0.6421874761581421 0.6395833492279053 0.628125011920929 0.6770833134651184 0.628125011920929 0.6812499761581421 0.643750011920929 0.6916666626930237 0.6484375 0.6916666626930237 0.6625000238418579 0.6541666388511658 0.6625000238418579 0.6499999761581421 0.6484375 0.6395833492279053
0 0.4281249940395355 0.5708333253860474 0.4203124940395355 0.5958333611488342 0.4359374940395355 0.606249988079071 0.44218748807907104 0.6041666865348816 0.44843751192092896 0.6145833134651184 0.453125 0.6145833134651184 0.4609375 0.5895833373069763 0.43437498807907104 0.5708333253860474
0 0.518750011920929 0.5562499761581421 0.515625 0.5562499761581421 0.49531251192092896 0.5874999761581421 0.503125011920929 0.59375 0.5015624761581421 0.6000000238418579 0.5078125 0.6083333492279053 0.512499988079071 0.6083333492279053 0.53125 0.5770833492279053 0.53125 0.5708333253860474