0 0.4390625059604645 0.625 0.4375 0.6499999761581421 0.44062501192092896 0.6520833373069763 0.44062501192092896 0.65625 0.47343748807907104 0.6625000238418579 0.4765625 0.6312500238418579 0.4515624940395355 0.6270833611488342 0.44999998807907104 0.625
0 0.643750011920929 0.6499999761581421 0.635937511920929 0.675000011920929 0.6640625 0.6937500238418579 0.668749988079071 0.6937500238418579 0.676562488079071 0.668749988079071 0.6499999761581421 0.6499999761581421
0 0.5921875238418579 0.5770833492279053 0.582812488079071 0.581250011920929 0.5625 0.5979166626930237 0.5625 0.606249988079071 0.5703125 0.625 0.5765625238418579 0.6229166388511658 0.6015625 0.6020833253860474 0.6015625 0.5979166626930237
0 0.528124988079071 0.5354166626930237 0.5140625238418579 0.550000011920929 0.5140625238418579 0.5541666746139526 0.5328124761581421 0.5895833373069763 0.535937488079071 0.5895833373069763 0.550000011920929 0.574999988079071 0.550000011920929 0.5708333253860474 0.535937488079071 0.5458333492279053 0.534375011920929 0.5395833253860474 0.53125 0.5354166626930237
0 0.41093748807907104 0.4729166626930237 0.3968749940395355 0.5104166865348816 0.3968749940395355 0.5145833492279053 0.4124999940395355 0.5249999761581421 0.41718751192092896 0.5249999761581421 0.4312500059604645 0.48750001192092896 0.4312500059604645 0.4833333194255829 0.41718751192092896 0.4729166626930237
0 0.4703125059604645 0.47708332538604736 0.45625001192092896 0.5145833492279053 0.45625001192092896 0.518750011920929 0.47187501192092896 0.5291666388511658 0.4765625 0.5291666388511658 0.4906249940395355 0.49166667461395264 0.4906249940395355 0.48750001192092896 0.4765625 0.47708332538604736
0 0.4984374940395355 0.643750011920929 0.484375 0.6583333611488342 0.484375 0.6625000238418579 0.503125011920929 0.6979166865348816 0.5062500238418579 0.6979166865348816 0.520312488079071 0.6833333373069763 0.520312488079071 0.6791666746139526 0.5062500238418579 0.6541666388511658 0.504687488079071 0.6479166746139526 0.5015624761581421 0.643750011920929
0 0.5296875238418579 0.6833333373069763 0.526562511920929 0.7124999761581421 0.551562488079071 0.7166666388511658 0.5531250238418579 0.71875 0.5625 0.71875 0.5640624761581421 0.6895833611488342
0 0.4296875 0.4937500059604645 0.42656248807907104 0.5041666626930237 0.42656248807907104 0.518750011920929 0.4296875 0.5208333134651184 0.4296875 0.5249999761581421 0.4625000059604645 0.53125 0.46406251192092896 0.5249999761581421 0.4546875059604645 0.518750011920929 0.4609375 0.5 0.4390625059604645 0.4937500059604645
0 0.5453125238418579 0.5062500238418579 0.542187511920929 0.5062500238418579 0.5218750238418579 0.5375000238418579 0.5218750238418579 0.5395833253860474 0.528124988079071 0.5333333611488342 0.53125 0.5333333611488342 0.542187511920929 0.5541666746139526 0.557812511920929 0.5270833373069763 0.557812511920929 0.5208333134651184
0 0.5234375 0.46875 0.5140625238418579 0.4729166626930237 0.4937500059604645 0.4895833432674408 0.4937500059604645 0.49791666865348816 0.5015624761581421 0.5166666507720947 0.5078125 0.5145833492279053 0.5328124761581421 0.4937500059604645 0.5328124761581421 0.4895833432674408
0 0.5609375238418579 0.6020833253860474 0.543749988079071 0.6291666626930237 0.543749988079071 0.6354166865348816 0.5562499761581421 0.6499999761581421 0.5609375238418579 0.6499999761581421 0.578125 0.6229166388511658 0.573437511920929 0.6270833611488342 0.5703125 0.6270833611488342 0.5625 0.6104166507720947
0 0.4906249940395355 0.5583333373069763 0.4765625 0.5958333611488342 0.4765625 0.6000000238418579 0.4921875 0.6104166507720947 0.49687498807907104 0.6104166507720947 0.510937511920929 0.5729166865348816 0.510937511920929 0.5687500238418579 0.49687498807907104 0.5583333373069763