0 0.6187499761581421 0.4729166626930237 0.609375 0.47708332538604736 0.589062511920929 0.4937500059604645 0.589062511920929 0.5020833611488342 0.596875011920929 0.5208333134651184 0.6031249761581421 0.518750011920929 0.628125011920929 0.49791666865348816 0.628125011920929 0.4937500059604645
0 0.5484374761581421 0.512499988079071 0.5453125238418579 0.5416666865348816 0.5703125 0.5458333492279053 0.5718749761581421 0.5479166507720947 0.581250011920929 0.5479166507720947 0.582812488079071 0.518750011920929
0 0.44843751192092896 0.5687500238418579 0.43437498807907104 0.5833333134651184 0.43437498807907104 0.5874999761581421 0.453125 0.6229166388511658 0.45625001192092896 0.6229166388511658 0.4703125059604645 0.6083333492279053 0.4703125059604645 0.6041666865348816 0.45625001192092896 0.5791666507720947 0.4546875059604645 0.5729166865348816 0.4515624940395355 0.5687500238418579
0 0.4546875059604645 0.5062500238418579 0.44843751192092896 0.5083333253860474 0.4281249940395355 0.5354166626930237 0.4281249940395355 0.5395833253860474 0.44218748807907104 0.5583333373069763 0.4453125 0.5583333373069763 0.46406251192092896 0.53125 0.46406251192092896 0.518750011920929
0 0.48124998807907104 0.5958333611488342 0.4781250059604645 0.5958333611488342 0.47187501192092896 0.6041666865348816 0.47187501192092896 0.6083333492279053 0.45781248807907104 0.6270833611488342 0.45781248807907104 0.6333333253860474 0.4703125059604645 0.6479166746139526 0.4749999940395355 0.6479166746139526 0.4937500059604645 0.6166666746139526 0.4937500059604645 0.6104166507720947
0 0.6234375238418579 0.5520833134651184 0.621874988079071 0.5770833492279053 0.625 0.5791666507720947 0.625 0.5833333134651184 0.6578124761581421 0.5895833373069763 0.660937488079071 0.5583333373069763 0.635937511920929 0.5541666746139526 0.6343749761581421 0.5520833134651184
0 0.4124999940395355 0.5333333611488342 0.3984375 0.5479166507720947 0.3984375 0.5520833134651184 0.41718751192092896 0.5874999761581421 0.4203124940395355 0.5874999761581421 0.43437498807907104 0.5729166865348816 0.43437498807907104 0.5687500238418579 0.4203124940395355 0.543749988079071 0.41874998807907104 0.5375000238418579 0.4156250059604645 0.5333333611488342
0 0.518750011920929 0.625 0.504687488079071 0.6625000238418579 0.504687488079071 0.6666666865348816 0.520312488079071 0.6770833134651184 0.5249999761581421 0.6770833134651184 0.5390625 0.6395833492279053 0.5390625 0.6354166865348816 0.5249999761581421 0.625
0 0.557812511920929 0.5979166626930237 0.5546875 0.6270833611488342 0.5796874761581421 0.6312500238418579 0.581250011920929 0.6333333253860474 0.590624988079071 0.6333333253860474 0.5921875238418579 0.6041666865348816
0 0.6578124761581421 0.6312500238418579 0.6484375 0.6354166865348816 0.628125011920929 0.6520833373069763 0.628125011920929 0.6604166626930237 0.635937511920929 0.6791666746139526 0.6421874761581421 0.6770833134651184 0.667187511920929 0.65625 0.667187511920929 0.6520833373069763
0 0.5546875 0.6104166507720947 0.542187511920929 0.6291666626930237 0.5406249761581421 0.6395833492279053 0.5375000238418579 0.6458333134651184 0.5484374761581421 0.6604166626930237 0.5531250238418579 0.6604166626930237 0.5703125 0.6333333253860474 0.5703125 0.6312500238418579 0.5625 0.6312500238418579 0.5531250238418579 0.6270833611488342
0 0.65625 0.6145833134651184 0.645312488079071 0.606249988079071 0.6343749761581421 0.6083333492279053 0.621874988079071 0.6354166865348816 0.620312511920929 0.643750011920929 0.629687488079071 0.6499999761581421 0.645312488079071 0.637499988079071 0.653124988079071 0.6270833611488342