0 0.659375011920929 0.6083333492279053 0.65625 0.6083333492279053 0.635937511920929 0.6395833492279053 0.635937511920929 0.6458333134651184 0.6484375 0.6604166626930237 0.653124988079071 0.6604166626930237 0.671875 0.6291666626930237 0.671875 0.6229166388511658
0 0.4984374940395355 0.5458333492279053 0.4906249940395355 0.5708333253860474 0.518750011920929 0.5895833373069763 0.5234375 0.5895833373069763 0.53125 0.5645833611488342 0.504687488079071 0.5458333492279053
0 0.653124988079071 0.6729166507720947 0.6421874761581421 0.675000011920929 0.628125011920929 0.706250011920929 0.628125011920929 0.7104166746139526 0.643750011920929 0.7229166626930237 0.6468750238418579 0.7229166626930237 0.6499999761581421 0.71875 0.6640625 0.6854166388511658 0.6640625 0.6812499761581421
0 0.4281249940395355 0.6770833134651184 0.4140625 0.7145833373069763 0.4140625 0.71875 0.4296875 0.7291666865348816 0.43437498807907104 0.7291666865348816 0.44843751192092896 0.6916666626930237 0.44843751192092896 0.6875 0.43437498807907104 0.6770833134651184
0 0.557812511920929 0.6666666865348816 0.5546875 0.6958333253860474 0.5796874761581421 0.699999988079071 0.581250011920929 0.7020833492279053 0.590624988079071 0.7020833492279053 0.5921875238418579 0.6729166507720947
0 0.5765625238418579 0.5979166626930237 0.5625 0.6354166865348816 0.5625 0.6395833492279053 0.578125 0.6499999761581421 0.582812488079071 0.6499999761581421 0.596875011920929 0.612500011920929 0.596875011920929 0.6083333492279053 0.582812488079071 0.5979166626930237
0 0.5953124761581421 0.6666666865348816 0.590624988079071 0.6708333492279053 0.59375 0.6729166507720947 0.59375 0.6875 0.5921875238418579 0.6895833611488342 0.5921875238418579 0.7020833492279053 0.590624988079071 0.7041666507720947 0.6000000238418579 0.7208333611488342 0.6031249761581421 0.7208333611488342 0.6171875 0.706250011920929 0.6171875 0.7020833492279053 0.6031249761581421 0.6770833134651184 0.6015625 0.6708333492279053 0.598437488079071 0.6666666865348816
0 0.44062501192092896 0.6166666746139526 0.43281251192092896 0.6416666507720947 0.4609375 0.6604166626930237 0.46562498807907104 0.6604166626930237 0.47343748807907104 0.6354166865348816 0.4468750059604645 0.6166666746139526
0 0.5328124761581421 0.574999988079071 0.518750011920929 0.612500011920929 0.518750011920929 0.6166666746139526 0.534375011920929 0.6270833611488342 0.5390625 0.6270833611488342 0.5531250238418579 0.5895833373069763 0.5531250238418579 0.5854166746139526 0.5390625 0.574999988079071
0 0.6468750238418579 0.5791666507720947 0.6390625238418579 0.6041666865348816 0.651562511920929 0.612500011920929 0.65625 0.606249988079071 0.659375011920929 0.606249988079071 0.671875 0.6208333373069763 0.6796875 0.6020833253860474 0.6796875 0.5979166626930237 0.653124988079071 0.5791666507720947
0 0.6000000238418579 0.5166666507720947 0.589062511920929 0.518750011920929 0.574999988079071 0.550000011920929 0.574999988079071 0.5541666746139526 0.590624988079071 0.5666666626930237 0.59375 0.5666666626930237 0.596875011920929 0.5625 0.6109374761581421 0.5291666388511658 0.6109374761581421 0.5249999761581421
0 0.46406251192092896 0.5041666626930237 0.4625000059604645 0.5291666388511658 0.46562498807907104 0.53125 0.46562498807907104 0.5354166626930237 0.4984374940395355 0.5416666865348816 0.5015624761581421 0.5104166865348816 0.4765625 0.5062500238418579 0.4749999940395355 0.5041666626930237
0 0.43437498807907104 0.5666666626930237 0.4203124940395355 0.581250011920929 0.4203124940395355 0.5854166746139526 0.4359374940395355 0.6166666746139526 0.4390625059604645 0.6187499761581421 0.44062501192092896 0.6145833134651184 0.44843751192092896 0.6145833134651184 0.45625001192092896 0.606249988079071 0.45625001192092896 0.6020833253860474 0.44218748807907104 0.5770833492279053 0.44062501192092896 0.5708333253860474 0.4375 0.5666666626930237
0 0.573437511920929 0.5229166746139526 0.5625 0.5249999761581421 0.5484374761581421 0.5562499761581421 0.5484374761581421 0.5604166388511658 0.5640624761581421 0.5729166865348816 0.567187488079071 0.5729166865348816 0.574999988079071 0.5583333373069763 0.573437511920929 0.550000011920929 0.582812488079071 0.53125
0 0.6171875 0.5583333373069763 0.609375 0.5833333134651184 0.637499988079071 0.6020833253860474 0.645312488079071 0.5791666507720947 0.6499999761581421 0.5770833492279053 0.6234375238418579 0.5583333373069763