0 0.515625 0.5687500238418579 0.512499988079071 0.5979166626930237 0.5375000238418579 0.6020833253860474 0.5390625 0.6041666865348816 0.5484374761581421 0.6041666865348816 0.550000011920929 0.574999988079071
0 0.6484375 0.6645833253860474 0.640625 0.6895833611488342 0.668749988079071 0.7083333134651184 0.6734374761581421 0.7083333134651184 0.6812499761581421 0.6833333373069763 0.6546875238418579 0.6645833253860474
0 0.47343748807907104 0.4791666567325592 0.4703125059604645 0.5083333253860474 0.49531251192092896 0.512499988079071 0.49687498807907104 0.5145833492279053 0.5062500238418579 0.5145833492279053 0.5078125 0.4854166805744171
0 0.5140625238418579 0.6416666507720947 0.512499988079071 0.6666666865348816 0.515625 0.668749988079071 0.515625 0.6729166507720947 0.5484374761581421 0.6791666746139526 0.551562488079071 0.6479166746139526 0.526562511920929 0.643750011920929 0.5249999761581421 0.6416666507720947
0 0.5484374761581421 0.5166666507720947 0.5390625 0.5208333134651184 0.518750011920929 0.5375000238418579 0.518750011920929 0.5458333492279053 0.526562511920929 0.5645833611488342 0.5328124761581421 0.5625 0.557812511920929 0.5416666865348816 0.557812511920929 0.5375000238418579
0 0.653124988079071 0.4937500059604645 0.643750011920929 0.49791666865348816 0.6234375238418579 0.5145833492279053 0.6234375238418579 0.5229166746139526 0.6312500238418579 0.5416666865348816 0.637499988079071 0.5395833253860474 0.6625000238418579 0.518750011920929 0.6625000238418579 0.5145833492279053
0 0.59375 0.5354166626930237 0.5874999761581421 0.5375000238418579 0.567187488079071 0.5645833611488342 0.567187488079071 0.5687500238418579 0.581250011920929 0.5874999761581421 0.5843750238418579 0.5874999761581421 0.6031249761581421 0.5604166388511658 0.6031249761581421 0.5479166507720947
0 0.520312488079071 0.5145833492279053 0.5140625238418579 0.5166666507720947 0.4937500059604645 0.543749988079071 0.4937500059604645 0.5479166507720947 0.5078125 0.5666666626930237 0.510937511920929 0.5666666626930237 0.520312488079071 0.5541666746139526 0.5171874761581421 0.5458333492279053 0.5171874761581421 0.5375000238418579 0.5296875238418579 0.5270833373069763
0 0.4749999940395355 0.518750011920929 0.46875 0.5208333134651184 0.44843751192092896 0.5479166507720947 0.44843751192092896 0.5520833134651184 0.4625000059604645 0.5708333253860474 0.46562498807907104 0.5708333253860474 0.484375 0.543749988079071 0.484375 0.53125
0 0.5093749761581421 0.5895833373069763 0.5 0.6000000238418579 0.5 0.6041666865348816 0.518750011920929 0.6395833492279053 0.5218750238418579 0.6395833492279053 0.535937488079071 0.625 0.535937488079071 0.6208333373069763 0.526562511920929 0.6020833253860474 0.512499988079071 0.6000000238418579 0.510937511920929 0.5979166626930237 0.510937511920929 0.5895833373069763
0 0.578125 0.5020833611488342 0.574999988079071 0.53125 0.59375 0.5333333611488342 0.6015625 0.5375000238418579 0.6109374761581421 0.5375000238418579 0.612500011920929 0.5083333253860474
0 0.48906248807907104 0.6020833253860474 0.4859375059604645 0.6020833253860474 0.46562498807907104 0.6333333253860474 0.46562498807907104 0.6395833492279053 0.4781250059604645 0.6541666388511658 0.4828124940395355 0.6541666388511658 0.5015624761581421 0.6229166388511658 0.5015624761581421 0.6166666746139526