0 0.5 0.4958333373069763 0.49687498807907104 0.4958333373069763 0.4765625 0.5270833373069763 0.4765625 0.5333333611488342 0.48906248807907104 0.5479166507720947 0.4937500059604645 0.5479166507720947 0.512499988079071 0.5166666507720947 0.512499988079071 0.5104166865348816
0 0.4781250059604645 0.5729166865348816 0.46406251192092896 0.5874999761581421 0.46406251192092896 0.5916666388511658 0.4828124940395355 0.6270833611488342 0.4859375059604645 0.6270833611488342 0.5 0.612500011920929 0.5 0.6083333492279053 0.4859375059604645 0.5833333134651184 0.484375 0.5770833492279053 0.48124998807907104 0.5729166865348816
0 0.612500011920929 0.6000000238418579 0.6109374761581421 0.625 0.614062488079071 0.6270833611488342 0.614062488079071 0.6312500238418579 0.6468750238418579 0.637499988079071 0.6499999761581421 0.606249988079071 0.625 0.6020833253860474 0.6234375238418579 0.6000000238418579
0 0.559374988079071 0.5166666507720947 0.5453125238418579 0.53125 0.5453125238418579 0.5354166626930237 0.5640624761581421 0.5708333253860474 0.567187488079071 0.5708333253860474 0.581250011920929 0.5562499761581421 0.581250011920929 0.5520833134651184 0.567187488079071 0.5270833373069763 0.565625011920929 0.5208333134651184 0.5625 0.5166666507720947
0 0.559374988079071 0.5874999761581421 0.5562499761581421 0.6166666746139526 0.581250011920929 0.6208333373069763 0.582812488079071 0.6229166388511658 0.5921875238418579 0.6229166388511658 0.59375 0.59375
0 0.453125 0.6000000238418579 0.4515624940395355 0.625 0.4546875059604645 0.6270833611488342 0.4546875059604645 0.6312500238418579 0.48750001192092896 0.637499988079071 0.48906248807907104 0.625 0.4859375059604645 0.6291666626930237 0.4828124940395355 0.6291666626930237 0.4671874940395355 0.6020833253860474 0.46406251192092896 0.6000000238418579
0 0.606249988079071 0.6395833492279053 0.606249988079071 0.6479166746139526 0.614062488079071 0.6666666865348816 0.620312511920929 0.6645833253860474 0.645312488079071 0.643750011920929 0.645312488079071 0.6395833492279053 0.6421874761581421 0.637499988079071 0.6328125 0.637499988079071 0.621874988079071 0.6333333253860474 0.614062488079071 0.6333333253860474
0 0.651562511920929 0.6291666626930237 0.637499988079071 0.6666666865348816 0.637499988079071 0.6708333492279053 0.653124988079071 0.6812499761581421 0.6578124761581421 0.6812499761581421 0.671875 0.643750011920929 0.671875 0.6395833492279053 0.6578124761581421 0.6291666626930237
0 0.39531248807907104 0.581250011920929 0.3921875059604645 0.6104166507720947 0.41718751192092896 0.6145833134651184 0.41874998807907104 0.6166666746139526 0.4281249940395355 0.6166666746139526 0.4296875 0.5874999761581421
0 0.518750011920929 0.6229166388511658 0.5171874761581421 0.6479166746139526 0.520312488079071 0.6499999761581421 0.520312488079071 0.6541666388511658 0.5531250238418579 0.6604166626930237 0.5562499761581421 0.6291666626930237 0.53125 0.625 0.5296875238418579 0.6229166388511658
0 0.59375 0.6166666746139526 0.5921875238418579 0.625 0.582812488079071 0.625 0.581250011920929 0.6229166388511658 0.565625011920929 0.643750011920929 0.565625011920929 0.6479166746139526 0.5796874761581421 0.6666666865348816 0.582812488079071 0.6666666865348816 0.6015625 0.6395833492279053 0.6015625 0.6270833611488342
0 0.4359374940395355 0.4854166805744171 0.43281251192092896 0.4854166805744171 0.4124999940395355 0.5166666507720947 0.4124999940395355 0.5229166746139526 0.42500001192092896 0.5375000238418579 0.4296875 0.5375000238418579 0.44843751192092896 0.5062500238418579 0.44843751192092896 0.5