0 0.567187488079071 0.48124998807907104 0.5625 0.5145833492279053 0.5640624761581421 0.5208333134651184 0.612500011920929 0.5291666388511658 0.6156250238418579 0.5062500238418579 0.614062488079071 0.48750001192092896
0 0.5093749761581421 0.6166666746139526 0.4937500059604645 0.6666666865348816 0.4921875 0.6791666746139526 0.5093749761581421 0.6895833611488342 0.520312488079071 0.6916666626930237 0.528124988079071 0.6645833253860474 0.5328124761581421 0.6583333611488342 0.5375000238418579 0.6312500238418579
0 0.534375011920929 0.6499999761581421 0.534375011920929 0.6583333611488342 0.5296875238418579 0.6645833253860474 0.5234375 0.6895833611488342 0.5703125 0.699999988079071 0.574999988079071 0.6604166626930237
0 0.598437488079071 0.606249988079071 0.578125 0.6229166388511658 0.578125 0.6312500238418579 0.6000000238418579 0.6791666746139526 0.606249988079071 0.6812499761581421 0.628125011920929 0.6625000238418579 0.628125011920929 0.6583333611488342 0.6031249761581421 0.606249988079071
0 0.5406249761581421 0.6145833134651184 0.5375000238418579 0.6291666626930237 0.5390625 0.637499988079071 0.535937488079071 0.6479166746139526 0.5718749761581421 0.65625 0.5765625238418579 0.6604166626930237 0.5765625238418579 0.6645833253860474 0.5843750238418579 0.6645833253860474 0.5859375 0.6499999761581421 0.5765625238418579 0.6312500238418579 0.578125 0.6208333373069763 0.5453125238418579 0.612500011920929
0 0.4453125 0.5270833373069763 0.4296875 0.5770833492279053 0.4281249940395355 0.5895833373069763 0.4453125 0.6000000238418579 0.45625001192092896 0.6020833253860474 0.46406251192092896 0.574999988079071 0.46875 0.5687500238418579 0.47343748807907104 0.5416666865348816
0 0.47343748807907104 0.6583333611488342 0.4703125059604645 0.6583333611488342 0.43281251192092896 0.6937500238418579 0.44843751192092896 0.7270833253860474 0.4546875059604645 0.7250000238418579 0.48906248807907104 0.6937500238418579 0.48750001192092896 0.6833333373069763
0 0.6078125238418579 0.5333333611488342 0.6031249761581421 0.5583333373069763 0.6031249761581421 0.5729166865348816 0.651562511920929 0.5833333134651184 0.65625 0.543749988079071 0.612500011920929 0.53125
0 0.4749999940395355 0.5729166865348816 0.46562498807907104 0.574999988079071 0.4593749940395355 0.6000000238418579 0.45625001192092896 0.6041666865348816 0.4515624940395355 0.6041666865348816 0.46875 0.6479166746139526 0.49531251192092896 0.6312500238418579
0 0.5406249761581421 0.48124998807907104 0.53125 0.48750001192092896 0.503125011920929 0.5208333134651184 0.503125011920929 0.5270833373069763 0.520312488079071 0.5541666746139526 0.5296875238418579 0.5479166507720947 0.557812511920929 0.5145833492279053 0.5562499761581421 0.5041666626930237
0 0.6546875238418579 0.5416666865348816 0.6578124761581421 0.543749988079071 0.6578124761581421 0.5562499761581421 0.653124988079071 0.5833333134651184 0.640625 0.5833333134651184 0.635937511920929 0.6041666865348816 0.653124988079071 0.6145833134651184 0.6640625 0.6166666746139526 0.671875 0.5895833373069763 0.676562488079071 0.5833333134651184 0.6812499761581421 0.5562499761581421