0 0.6390625238418579 0.5604166388511658 0.635937511920929 0.5604166388511658 0.598437488079071 0.5958333611488342 0.614062488079071 0.6291666626930237 0.620312511920929 0.6270833611488342 0.6546875238418579 0.5958333611488342 0.653124988079071 0.5854166746139526
0 0.621874988079071 0.5249999761581421 0.6171875 0.5583333373069763 0.6187499761581421 0.5645833611488342 0.628125011920929 0.5666666626930237 0.6390625238418579 0.5583333373069763 0.6468750238418579 0.5708333253860474 0.667187511920929 0.5729166865348816 0.6703125238418579 0.550000011920929 0.668749988079071 0.53125
0 0.49531251192092896 0.47708332538604736 0.4749999940395355 0.4937500059604645 0.4749999940395355 0.5020833611488342 0.49687498807907104 0.550000011920929 0.503125011920929 0.5520833134651184 0.5249999761581421 0.5333333611488342 0.5249999761581421 0.5291666388511658 0.5 0.47708332538604736
0 0.421875 0.5291666388511658 0.40156251192092896 0.5458333492279053 0.40156251192092896 0.5541666746139526 0.4234375059604645 0.6020833253860474 0.4296875 0.6041666865348816 0.4515624940395355 0.5854166746139526 0.4515624940395355 0.581250011920929 0.42656248807907104 0.5291666388511658
0 0.42500001192092896 0.606249988079071 0.4046874940395355 0.6229166388511658 0.4046874940395355 0.6312500238418579 0.42656248807907104 0.6791666746139526 0.43281251192092896 0.6812499761581421 0.4546875059604645 0.6625000238418579 0.4546875059604645 0.6583333611488342 0.4296875 0.606249988079071
0 0.542187511920929 0.5916666388511658 0.535937488079071 0.5916666388511658 0.515625 0.606249988079071 0.515625 0.6145833134651184 0.535937488079071 0.6666666865348816 0.5625 0.6499999761581421
0 0.6421874761581421 0.6083333492279053 0.620312511920929 0.6291666626930237 0.612500011920929 0.6291666626930237 0.6000000238418579 0.6416666507720947 0.6156250238418579 0.675000011920929 0.621874988079071 0.6729166507720947 0.65625 0.6416666507720947 0.6546875238418579 0.6312500238418579
0 0.4828124940395355 0.5562499761581421 0.47343748807907104 0.5625 0.4453125 0.5958333611488342 0.4453125 0.6020833253860474 0.4625000059604645 0.6291666626930237 0.47187501192092896 0.6229166388511658 0.5 0.5895833373069763 0.4984374940395355 0.5791666507720947
0 0.4296875 0.6854166388511658 0.4281249940395355 0.7104166746139526 0.4765625 0.7208333611488342 0.48124998807907104 0.6812499761581421 0.4437499940395355 0.6729166507720947
0 0.6234375238418579 0.4729166626930237 0.6187499761581421 0.5062500238418579 0.620312511920929 0.512499988079071 0.668749988079071 0.5208333134651184 0.671875 0.49791666865348816 0.6703125238418579 0.4791666567325592
0 0.5406249761581421 0.5458333492279053 0.5390625 0.5895833373069763 0.5453125238418579 0.59375 0.5531250238418579 0.6145833134651184 0.567187488079071 0.6145833134651184 0.5703125 0.6104166507720947 0.5703125 0.5479166507720947
0 0.515625 0.6000000238418579 0.5062500238418579 0.606249988079071 0.4781250059604645 0.6395833492279053 0.4781250059604645 0.6458333134651184 0.49531251192092896 0.6729166507720947 0.504687488079071 0.6666666865348816 0.5249999761581421 0.6416666507720947 0.5140625238418579 0.6145833134651184 0.5140625238418579 0.606249988079071 0.5171874761581421 0.6020833253860474
0 0.515625 0.6541666388511658 0.4984374940395355 0.675000011920929 0.49531251192092896 0.675000011920929 0.48750001192092896 0.6645833253860474 0.47343748807907104 0.6770833134651184 0.4828124940395355 0.6812499761581421 0.48124998807907104 0.706250011920929 0.4859375059604645 0.7145833373069763 0.4921875 0.7124999761581421 0.526562511920929 0.6812499761581421 0.5249999761581421 0.6708333492279053