0 0.47187501192092896 0.6187499761581421 0.46562498807907104 0.6187499761581421 0.4453125 0.6333333253860474 0.4453125 0.6416666507720947 0.46562498807907104 0.6937500238418579 0.4921875 0.6770833134651184
0 0.65625 0.5041666626930237 0.6499999761581421 0.5041666626930237 0.629687488079071 0.518750011920929 0.629687488079071 0.5270833373069763 0.6499999761581421 0.5791666507720947 0.676562488079071 0.5625
0 0.6015625 0.5916666388511658 0.598437488079071 0.5916666388511658 0.5609375238418579 0.6270833611488342 0.5765625238418579 0.6604166626930237 0.582812488079071 0.6583333611488342 0.6171875 0.6270833611488342 0.6156250238418579 0.6166666746139526
0 0.609375 0.5416666865348816 0.604687511920929 0.5666666626930237 0.604687511920929 0.581250011920929 0.653124988079071 0.5916666388511658 0.6546875238418579 0.5791666507720947 0.6499999761581421 0.581250011920929 0.645312488079071 0.574999988079071 0.635937511920929 0.5458333492279053 0.614062488079071 0.5395833253860474
0 0.4390625059604645 0.6145833134651184 0.4359374940395355 0.6145833134651184 0.3984375 0.6499999761581421 0.3984375 0.6541666388511658 0.4140625 0.6833333373069763 0.4203124940395355 0.6812499761581421 0.44843751192092896 0.6541666388511658 0.4437499940395355 0.6416666507720947 0.4437499940395355 0.6333333253860474 0.4468750059604645 0.6270833611488342
0 0.41874998807907104 0.5708333253860474 0.4140625 0.5708333253860474 0.39375001192092896 0.5874999761581421 0.39531248807907104 0.6000000238418579 0.4124999940395355 0.6354166865348816 0.4359374940395355 0.612500011920929 0.44062501192092896 0.6145833134651184
0 0.6187499761581421 0.6229166388511658 0.6171875 0.6291666626930237 0.59375 0.6499999761581421 0.612500011920929 0.6979166865348816 0.6390625238418579 0.6812499761581421
0 0.543749988079071 0.6791666746139526 0.5390625 0.7041666507720947 0.5390625 0.71875 0.5874999761581421 0.7291666865348816 0.5921875238418579 0.6895833611488342 0.5484374761581421 0.6770833134651184
0 0.6234375238418579 0.6979166865348816 0.6234375238418579 0.7124999761581421 0.671875 0.7229166626930237 0.676562488079071 0.6833333373069763 0.6390625238418579 0.6729166507720947 0.640625 0.6812499761581421 0.6265624761581421 0.6916666626930237
0 0.4296875 0.5020833611488342 0.42500001192092896 0.5354166626930237 0.42656248807907104 0.5416666865348816 0.4749999940395355 0.550000011920929 0.4781250059604645 0.5270833373069763 0.4765625 0.5083333253860474
0 0.6171875 0.6166666746139526 0.6343749761581421 0.6604166626930237 0.6625000238418579 0.6645833253860474 0.6656249761581421 0.6416666507720947 0.6640625 0.6229166388511658
0 0.46406251192092896 0.5833333134651184 0.4593749940395355 0.6208333373069763 0.47187501192092896 0.6166666746139526 0.4765625 0.6270833611488342 0.5078125 0.6333333253860474 0.512499988079071 0.59375 0.46875 0.581250011920929
0 0.4703125059604645 0.5541666746139526 0.46406251192092896 0.550000011920929 0.4359374940395355 0.5458333492279053 0.41874998807907104 0.5604166388511658 0.4156250059604645 0.5687500238418579 0.41874998807907104 0.5687500238418579 0.43437498807907104 0.5979166626930237 0.47187501192092896 0.5645833611488342
0 0.4984374940395355 0.643750011920929 0.49687498807907104 0.7104166746139526 0.5249999761581421 0.7124999761581421 0.528124988079071 0.7083333134651184 0.528124988079071 0.6458333134651184
0 0.5093749761581421 0.46875 0.5 0.4749999940395355 0.47343748807907104 0.5062500238418579 0.47968751192092896 0.5104166865348816 0.47968751192092896 0.5270833373069763 0.48906248807907104 0.5416666865348816 0.4984374940395355 0.5354166626930237 0.526562511920929 0.5020833611488342 0.5249999761581421 0.49166667461395264
0 0.551562488079071 0.4937500059604645 0.5453125238418579 0.4937500059604645 0.5249999761581421 0.5083333253860474 0.5249999761581421 0.5166666507720947 0.5453125238418579 0.5687500238418579 0.5718749761581421 0.5520833134651184