0 0.4375 0.5395833253860474 0.43281251192092896 0.5645833611488342 0.43281251192092896 0.5791666507720947 0.48124998807907104 0.5895833373069763 0.4859375059604645 0.550000011920929 0.44218748807907104 0.5375000238418579
0 0.46406251192092896 0.4854166805744171 0.4546875059604645 0.49166667461395264 0.42656248807907104 0.5249999761581421 0.42656248807907104 0.53125 0.43437498807907104 0.543749988079071 0.4390625059604645 0.5354166626930237 0.4609375 0.5416666865348816 0.48124998807907104 0.518750011920929 0.47968751192092896 0.5083333253860474
0 0.6171875 0.543749988079071 0.6156250238418579 0.6104166507720947 0.643750011920929 0.612500011920929 0.6468750238418579 0.6083333492279053 0.6468750238418579 0.5458333492279053
0 0.4671874940395355 0.6625000238418579 0.4625000059604645 0.6875 0.4625000059604645 0.7020833492279053 0.510937511920929 0.7124999761581421 0.515625 0.6729166507720947 0.47187501192092896 0.6604166626930237
0 0.5218750238418579 0.5833333134651184 0.5171874761581421 0.6166666746139526 0.518750011920929 0.6229166388511658 0.567187488079071 0.6312500238418579 0.5703125 0.6083333492279053 0.5687500238418579 0.5895833373069763
0 0.629687488079071 0.6708333492279053 0.625 0.6958333253860474 0.625 0.7104166746139526 0.6734374761581421 0.7208333611488342 0.6781250238418579 0.6812499761581421 0.6343749761581421 0.668749988079071
0 0.643750011920929 0.5 0.625 0.512499988079071 0.6234375238418579 0.5229166746139526 0.6312500238418579 0.5416666865348816 0.6484375 0.5458333492279053 0.6499999761581421 0.5729166865348816 0.668749988079071 0.5604166388511658 0.6703125238418579 0.5541666746139526 0.651562511920929 0.5020833611488342
0 0.520312488079071 0.6479166746139526 0.518750011920929 0.7145833373069763 0.546875 0.7166666388511658 0.550000011920929 0.7124999761581421 0.550000011920929 0.6499999761581421
0 0.44843751192092896 0.6020833253860474 0.4437499940395355 0.6270833611488342 0.4437499940395355 0.6416666507720947 0.4921875 0.6520833373069763 0.49687498807907104 0.612500011920929 0.453125 0.6000000238418579
0 0.5703125 0.48124998807907104 0.5609375238418579 0.48750001192092896 0.5328124761581421 0.5208333134651184 0.5328124761581421 0.5270833373069763 0.550000011920929 0.5541666746139526 0.559374988079071 0.5479166507720947 0.5874999761581421 0.5145833492279053 0.5859375 0.5041666626930237
0 0.551562488079071 0.675000011920929 0.551562488079071 0.7124999761581421 0.5484374761581421 0.71875 0.590624988079071 0.7270833253860474 0.5953124761581421 0.6875
0 0.598437488079071 0.5874999761581421 0.578125 0.6041666865348816 0.578125 0.612500011920929 0.6000000238418579 0.6604166626930237 0.606249988079071 0.6625000238418579 0.628125011920929 0.643750011920929 0.628125011920929 0.6395833492279053 0.6031249761581421 0.5874999761581421
0 0.4078125059604645 0.6458333134651184 0.40625 0.7124999761581421 0.43437498807907104 0.7145833373069763 0.4375 0.7104166746139526 0.4375 0.6479166746139526