0 0.5249999761581421 0.606249988079071 0.5218750238418579 0.606249988079071 0.484375 0.6416666507720947 0.5 0.675000011920929 0.5062500238418579 0.6729166507720947 0.5406249761581421 0.6416666507720947 0.5390625 0.6312500238418579
0 0.628125011920929 0.5791666507720947 0.621874988079071 0.5791666507720947 0.6015625 0.59375 0.6015625 0.6020833253860474 0.621874988079071 0.6541666388511658 0.6484375 0.637499988079071
0 0.596875011920929 0.4791666567325592 0.5921875238418579 0.5041666626930237 0.5921875238418579 0.518750011920929 0.640625 0.5291666388511658 0.645312488079071 0.4895833432674408 0.6015625 0.47708332538604736
0 0.5453125238418579 0.6333333253860474 0.5406249761581421 0.6333333253860474 0.5406249761581421 0.643750011920929 0.520312488079071 0.6604166626930237 0.5390625 0.7083333134651184 0.565625011920929 0.6916666626930237
0 0.4921875 0.6291666626930237 0.4828124940395355 0.6354166865348816 0.4546875059604645 0.668749988079071 0.4546875059604645 0.675000011920929 0.47187501192092896 0.7020833492279053 0.48124998807907104 0.6958333253860474 0.4984374940395355 0.675000011920929 0.4828124940395355 0.6458333134651184 0.4828124940395355 0.6416666507720947 0.4937500059604645 0.6312500238418579
0 0.557812511920929 0.4729166626930237 0.551562488079071 0.4729166626930237 0.53125 0.48750001192092896 0.53125 0.4958333373069763 0.551562488079071 0.5479166507720947 0.578125 0.53125
0 0.582812488079071 0.6645833253860474 0.578125 0.6895833611488342 0.578125 0.7041666507720947 0.6265624761581421 0.7145833373069763 0.6312500238418579 0.675000011920929 0.5874999761581421 0.6625000238418579
0 0.612500011920929 0.5291666388511658 0.609375 0.5291666388511658 0.5718749761581421 0.5645833611488342 0.5874999761581421 0.5979166626930237 0.59375 0.5958333611488342 0.628125011920929 0.5645833611488342 0.6265624761581421 0.5541666746139526
0 0.44218748807907104 0.4833333194255829 0.44062501192092896 0.550000011920929 0.46875 0.5520833134651184 0.47187501192092896 0.5479166507720947 0.47187501192092896 0.4854166805744171
0 0.4312500059604645 0.5645833611488342 0.42500001192092896 0.5645833611488342 0.4046874940395355 0.5791666507720947 0.4046874940395355 0.5874999761581421 0.42500001192092896 0.6395833492279053 0.4515624940395355 0.6229166388511658
0 0.645312488079071 0.6416666507720947 0.625 0.65625 0.6171875 0.6520833373069763 0.620312511920929 0.668749988079071 0.6328125 0.675000011920929 0.6312500238418579 0.6979166865348816 0.637499988079071 0.7124999761581421 0.6640625 0.6958333253860474
0 0.5234375 0.5375000238418579 0.503125011920929 0.5541666746139526 0.503125011920929 0.5625 0.5218750238418579 0.6041666865348816 0.5249999761581421 0.6041666865348816 0.53125 0.612500011920929 0.5531250238418579 0.59375 0.5531250238418579 0.5895833373069763 0.528124988079071 0.5375000238418579