0 0.598437488079071 0.5375000238418579 0.596875011920929 0.6041666865348816 0.625 0.606249988079071 0.628125011920929 0.6020833253860474 0.628125011920929 0.5395833253860474
0 0.4609375 0.6000000238418579 0.45781248807907104 0.6000000238418579 0.4203124940395355 0.6354166865348816 0.4359374940395355 0.668749988079071 0.44218748807907104 0.6666666865348816 0.4765625 0.6354166865348816 0.4749999940395355 0.625
0 0.6078125238418579 0.65625 0.604687511920929 0.65625 0.567187488079071 0.6916666626930237 0.582812488079071 0.7250000238418579 0.589062511920929 0.7229166626930237 0.6234375238418579 0.6916666626930237 0.621874988079071 0.6812499761581421
0 0.4124999940395355 0.5104166865348816 0.41093748807907104 0.5770833492279053 0.4390625059604645 0.5791666507720947 0.44218748807907104 0.574999988079071 0.44218748807907104 0.512499988079071
0 0.4749999940395355 0.637499988079071 0.4390625059604645 0.6708333492279053 0.4359374940395355 0.6708333492279053 0.4312500059604645 0.6625000238418579 0.4296875 0.6645833253860474 0.4453125 0.6979166865348816 0.4515624940395355 0.6958333253860474 0.4859375059604645 0.6645833253860474 0.484375 0.6541666388511658
0 0.5625 0.5458333492279053 0.557812511920929 0.5833333134651184 0.5625 0.5874999761581421 0.5953124761581421 0.5916666388511658 0.5953124761581421 0.550000011920929
0 0.5375000238418579 0.6000000238418579 0.5328124761581421 0.625 0.5328124761581421 0.6395833492279053 0.581250011920929 0.6499999761581421 0.5859375 0.6104166507720947 0.542187511920929 0.5979166626930237
0 0.4906249940395355 0.6458333134651184 0.4859375059604645 0.6791666746139526 0.48750001192092896 0.6854166388511658 0.535937488079071 0.6937500238418579 0.5390625 0.6708333492279053 0.5375000238418579 0.6520833373069763
0 0.6187499761581421 0.6729166507720947 0.625 0.6854166388511658 0.625 0.6916666626930237 0.6078125238418579 0.706250011920929 0.604687511920929 0.7124999761581421 0.653124988079071 0.7229166626930237 0.6578124761581421 0.6833333373069763
0 0.629687488079071 0.5583333373069763 0.629687488079071 0.6000000238418579 0.6625000238418579 0.6041666865348816 0.6656249761581421 0.5645833611488342 0.640625 0.5583333373069763
0 0.65625 0.46666666865348816 0.653124988079071 0.46666666865348816 0.6156250238418579 0.5020833611488342 0.6312500238418579 0.5354166626930237 0.637499988079071 0.5333333611488342 0.671875 0.5020833611488342 0.6703125238418579 0.49166667461395264