0 0.4703125059604645 0.5041666626930237 0.46406251192092896 0.5041666626930237 0.4437499940395355 0.518750011920929 0.4437499940395355 0.5270833373069763 0.46406251192092896 0.5791666507720947 0.4906249940395355 0.5625
0 0.6390625238418579 0.6583333611488342 0.637499988079071 0.7250000238418579 0.6656249761581421 0.7270833253860474 0.668749988079071 0.7229166626930237 0.668749988079071 0.6604166626930237
0 0.645312488079071 0.6208333373069763 0.635937511920929 0.6270833611488342 0.6078125238418579 0.6604166626930237 0.6078125238418579 0.6666666865348816 0.625 0.6937500238418579 0.635937511920929 0.6854166388511658 0.635937511920929 0.6604166626930237 0.6390625238418579 0.65625 0.6625000238418579 0.6541666388511658 0.660937488079071 0.643750011920929
0 0.6546875238418579 0.5020833611488342 0.6484375 0.5020833611488342 0.628125011920929 0.5166666507720947 0.628125011920929 0.5249999761581421 0.6484375 0.5770833492279053 0.675000011920929 0.5604166388511658
0 0.4625000059604645 0.581250011920929 0.45625001192092896 0.581250011920929 0.4359374940395355 0.5958333611488342 0.4359374940395355 0.6041666865348816 0.45625001192092896 0.65625 0.4828124940395355 0.6395833492279053
0 0.5546875 0.4729166626930237 0.5484374761581421 0.4729166626930237 0.528124988079071 0.48750001192092896 0.528124988079071 0.4958333373069763 0.5484374761581421 0.5479166507720947 0.574999988079071 0.53125
0 0.5625 0.625 0.546875 0.675000011920929 0.5453125238418579 0.6875 0.5625 0.6979166865348816 0.573437511920929 0.699999988079071 0.581250011920929 0.6729166507720947 0.5859375 0.6666666865348816 0.590624988079071 0.6395833492279053
0 0.6000000238418579 0.4895833432674408 0.59375 0.4895833432674408 0.573437511920929 0.5041666626930237 0.573437511920929 0.512499988079071 0.59375 0.5645833611488342 0.620312511920929 0.5479166507720947
0 0.4375 0.612500011920929 0.4312500059604645 0.612500011920929 0.41093748807907104 0.6270833611488342 0.41093748807907104 0.6354166865348816 0.4312500059604645 0.6875 0.45781248807907104 0.6708333492279053
0 0.574999988079071 0.5333333611488342 0.5484374761581421 0.550000011920929 0.5484374761581421 0.5562499761581421 0.5687500238418579 0.6083333492279053 0.5953124761581421 0.5916666388511658
0 0.504687488079071 0.49791666865348816 0.48906248807907104 0.5520833134651184 0.4937500059604645 0.5645833611488342 0.5093749761581421 0.5729166865348816 0.515625 0.5729166865348816 0.5234375 0.5458333492279053 0.528124988079071 0.5395833253860474 0.5328124761581421 0.512499988079071
0 0.5874999761581421 0.6000000238418579 0.578125 0.6291666626930237 0.5921875238418579 0.6395833492279053 0.5874999761581421 0.6666666865348816 0.5843750238418579 0.6708333492279053 0.598437488079071 0.675000011920929 0.606249988079071 0.6479166746139526 0.6109374761581421 0.6416666507720947 0.6156250238418579 0.6145833134651184