0 0.503125011920929 0.6041666865348816 0.4984374940395355 0.637499988079071 0.5 0.643750011920929 0.5484374761581421 0.6520833373069763 0.551562488079071 0.6291666626930237 0.550000011920929 0.6104166507720947
0 0.48750001192092896 0.5041666626930237 0.4828124940395355 0.5375000238418579 0.484375 0.543749988079071 0.5328124761581421 0.5520833134651184 0.535937488079071 0.5291666388511658 0.534375011920929 0.5104166865348816
0 0.4828124940395355 0.6041666865348816 0.47343748807907104 0.6104166507720947 0.4453125 0.643750011920929 0.4453125 0.6499999761581421 0.4625000059604645 0.6770833134651184 0.47187501192092896 0.6708333492279053 0.49687498807907104 0.6416666507720947 0.4984374940395355 0.6270833611488342
0 0.5531250238418579 0.4791666567325592 0.5328124761581421 0.4958333373069763 0.5328124761581421 0.5041666626930237 0.5546875 0.5520833134651184 0.5609375238418579 0.5541666746139526 0.582812488079071 0.5354166626930237 0.582812488079071 0.53125 0.557812511920929 0.4791666567325592
0 0.5234375 0.6770833134651184 0.518750011920929 0.7104166746139526 0.520312488079071 0.7166666388511658 0.5687500238418579 0.7250000238418579 0.5718749761581421 0.7020833492279053 0.5703125 0.6833333373069763
0 0.4984374940395355 0.6895833611488342 0.503125011920929 0.6937500238418579 0.518750011920929 0.6958333253860474 0.520312488079071 0.6812499761581421 0.5234375 0.675000011920929 0.550000011920929 0.6791666746139526 0.551562488079071 0.6604166626930237 0.503125011920929 0.6520833373069763
0 0.5687500238418579 0.5895833373069763 0.557812511920929 0.5666666626930237 0.5531250238418579 0.5604166388511658 0.550000011920929 0.5604166388511658 0.515625 0.5916666388511658 0.512499988079071 0.6000000238418579 0.515625 0.6041666865348816 0.551562488079071 0.6104166507720947 0.5687500238418579 0.5958333611488342
0 0.596875011920929 0.4833333194255829 0.5765625238418579 0.5 0.5765625238418579 0.5083333253860474 0.598437488079071 0.5562499761581421 0.604687511920929 0.5583333373069763 0.6265624761581421 0.5395833253860474 0.6265624761581421 0.5354166626930237 0.6015625 0.4833333194255829
0 0.643750011920929 0.5416666865348816 0.6343749761581421 0.5479166507720947 0.606249988079071 0.581250011920929 0.606249988079071 0.5874999761581421 0.6234375238418579 0.6145833134651184 0.6328125 0.6083333492279053 0.660937488079071 0.574999988079071 0.659375011920929 0.5645833611488342
0 0.44218748807907104 0.5291666388511658 0.4390625059604645 0.5291666388511658 0.40156251192092896 0.5645833611488342 0.41718751192092896 0.5979166626930237 0.4234375059604645 0.5958333611488342 0.45781248807907104 0.5645833611488342 0.45625001192092896 0.5541666746139526
0 0.4375 0.6291666626930237 0.4281249940395355 0.6354166865348816 0.4000000059604645 0.668749988079071 0.4000000059604645 0.675000011920929 0.41718751192092896 0.7020833492279053 0.42656248807907104 0.6958333253860474 0.453125 0.6645833253860474 0.4437499940395355 0.6499999761581421 0.4453125 0.6395833492279053
0 0.4468750059604645 0.4937500059604645 0.4203124940395355 0.48124998807907104 0.4046874940395355 0.53125 0.40312498807907104 0.543749988079071 0.4156250059604645 0.550000011920929 0.4437499940395355 0.5229166746139526 0.4437499940395355 0.5145833492279053 0.44843751192092896 0.5020833611488342
0 0.6000000238418579 0.606249988079071 0.59375 0.606249988079071 0.573437511920929 0.6208333373069763 0.573437511920929 0.6291666626930237 0.59375 0.6812499761581421 0.620312511920929 0.6645833253860474
0 0.45781248807907104 0.5520833134651184 0.4593749940395355 0.5645833611488342 0.4546875059604645 0.5687500238418579 0.4546875059604645 0.5916666388511658 0.503125011920929 0.6000000238418579 0.5062500238418579 0.5770833492279053 0.504687488079071 0.5583333373069763