0 0.4859375059604645 0.5208333134651184 0.48124998807907104 0.5541666746139526 0.4828124940395355 0.5604166388511658 0.53125 0.5687500238418579 0.534375011920929 0.5458333492279053 0.5328124761581421 0.5270833373069763
0 0.5765625238418579 0.5041666626930237 0.574999988079071 0.5708333253860474 0.6031249761581421 0.5729166865348816 0.606249988079071 0.5687500238418579 0.606249988079071 0.5062500238418579
0 0.4906249940395355 0.5645833611488342 0.4906249940395355 0.5708333253860474 0.510937511920929 0.6229166388511658 0.5375000238418579 0.606249988079071 0.526562511920929 0.5708333253860474
0 0.606249988079071 0.5708333253860474 0.6031249761581421 0.574999988079071 0.574999988079071 0.5729166865348816 0.574999988079071 0.6312500238418579 0.6031249761581421 0.6333333253860474 0.606249988079071 0.6291666626930237
0 0.6312500238418579 0.512499988079071 0.6109374761581421 0.5291666388511658 0.6109374761581421 0.5375000238418579 0.6328125 0.5854166746139526 0.6390625238418579 0.5874999761581421 0.660937488079071 0.5687500238418579 0.660937488079071 0.5645833611488342 0.635937511920929 0.512499988079071
0 0.5531250238418579 0.5604166388511658 0.550000011920929 0.5604166388511658 0.53125 0.581250011920929 0.5390625 0.606249988079071 0.5234375 0.6187499761581421 0.5328124761581421 0.6333333253860474 0.542187511920929 0.6270833611488342 0.5703125 0.59375 0.5687500238418579 0.5833333134651184
0 0.6234375238418579 0.6229166388511658 0.6078125238418579 0.6208333373069763 0.6078125238418579 0.6291666626930237 0.6031249761581421 0.6354166865348816 0.5921875238418579 0.6354166865348816 0.5921875238418579 0.6875 0.620312511920929 0.6895833611488342 0.6234375238418579 0.6854166388511658
0 0.4546875059604645 0.5645833611488342 0.453125 0.6312500238418579 0.48124998807907104 0.6333333253860474 0.484375 0.6291666626930237 0.484375 0.5666666626930237
0 0.645312488079071 0.5833333134651184 0.6390625238418579 0.5895833373069763 0.6390625238418579 0.6499999761581421 0.667187511920929 0.6520833373069763 0.6703125238418579 0.6479166746139526 0.6703125238418579 0.5854166746139526
0 0.557812511920929 0.6312500238418579 0.5531250238418579 0.668749988079071 0.557812511920929 0.6729166507720947 0.590624988079071 0.6770833134651184 0.590624988079071 0.6354166865348816
0 0.518750011920929 0.6395833492279053 0.515625 0.6395833492279053 0.4781250059604645 0.675000011920929 0.4937500059604645 0.7083333134651184 0.5 0.706250011920929 0.534375011920929 0.675000011920929 0.5328124761581421 0.6645833253860474
0 0.4359374940395355 0.49791666865348816 0.43437498807907104 0.5645833611488342 0.4515624940395355 0.5666666626930237 0.4546875059604645 0.5625 0.46562498807907104 0.5625 0.46562498807907104 0.5
0 0.4453125 0.5895833373069763 0.42500001192092896 0.606249988079071 0.42500001192092896 0.6145833134651184 0.4468750059604645 0.6625000238418579 0.453125 0.6645833253860474 0.4749999940395355 0.6458333134651184 0.47187501192092896 0.6354166865348816 0.45625001192092896 0.6354166865348816 0.4515624940395355 0.6312500238418579 0.4515624940395355 0.5916666388511658
0 0.5453125238418579 0.5020833611488342 0.534375011920929 0.4791666567325592 0.5296875238418579 0.4729166626930237 0.526562511920929 0.4729166626930237 0.4921875 0.5041666626930237 0.48906248807907104 0.512499988079071 0.4921875 0.518750011920929 0.526562511920929 0.5249999761581421 0.5453125238418579 0.5083333253860474