0 0.42656248807907104 0.6229166388511658 0.41093748807907104 0.6729166507720947 0.40937501192092896 0.6854166388511658 0.42656248807907104 0.6958333253860474 0.4375 0.6979166865348816 0.4453125 0.6708333492279053 0.44999998807907104 0.6645833253860474 0.4546875059604645 0.637499988079071
0 0.621874988079071 0.5229166746139526 0.606249988079071 0.5729166865348816 0.604687511920929 0.5854166746139526 0.621874988079071 0.5958333611488342 0.6328125 0.5979166626930237 0.640625 0.5708333253860474 0.645312488079071 0.5645833611488342 0.6499999761581421 0.5375000238418579
0 0.4593749940395355 0.5208333134651184 0.4390625059604645 0.5375000238418579 0.4390625059604645 0.5458333492279053 0.4609375 0.59375 0.4671874940395355 0.5958333611488342 0.48906248807907104 0.5770833492279053 0.48906248807907104 0.5729166865348816 0.46406251192092896 0.5208333134651184
0 0.5843750238418579 0.637499988079071 0.5640624761581421 0.6541666388511658 0.5640624761581421 0.6625000238418579 0.5859375 0.7104166746139526 0.5921875238418579 0.7124999761581421 0.614062488079071 0.6937500238418579 0.614062488079071 0.6895833611488342 0.589062511920929 0.637499988079071
0 0.578125 0.5354166626930237 0.574999988079071 0.5354166626930237 0.5375000238418579 0.5708333253860474 0.5531250238418579 0.6041666865348816 0.559374988079071 0.6020833253860474 0.59375 0.5708333253860474 0.5921875238418579 0.5604166388511658
0 0.6343749761581421 0.6104166507720947 0.6312500238418579 0.6104166507720947 0.5953124761581421 0.643750011920929 0.6109374761581421 0.6791666746139526 0.6499999761581421 0.6458333134651184 0.6484375 0.6354166865348816
0 0.46406251192092896 0.6000000238418579 0.4625000059604645 0.6208333373069763 0.4671874940395355 0.625 0.512499988079071 0.6312500238418579 0.515625 0.6083333492279053 0.5140625238418579 0.5895833373069763 0.48124998807907104 0.5854166746139526
0 0.45781248807907104 0.5104166865348816 0.45625001192092896 0.5229166746139526 0.4593749940395355 0.518750011920929 0.46406251192092896 0.518750011920929 0.484375 0.5583333373069763 0.5015624761581421 0.5604166388511658 0.5062500238418579 0.5208333134651184 0.4625000059604645 0.5083333253860474
0 0.5078125 0.4895833432674408 0.48750001192092896 0.5062500238418579 0.48750001192092896 0.5145833492279053 0.503125011920929 0.5166666507720947 0.5078125 0.5208333134651184 0.504687488079071 0.5520833134651184 0.510937511920929 0.5645833611488342 0.515625 0.5645833611488342 0.5375000238418579 0.5458333492279053 0.5375000238418579 0.5416666865348816 0.515625 0.4937500059604645
0 0.6234375238418579 0.4895833432674408 0.6187499761581421 0.5291666388511658 0.6187499761581421 0.5249999761581421 0.625 0.5208333134651184 0.651562511920929 0.5375000238418579 0.667187511920929 0.5395833253860474 0.671875 0.5 0.628125011920929 0.48750001192092896
0 0.5234375 0.48750001192092896 0.5218750238418579 0.5062500238418579 0.5390625 0.5416666865348816 0.5375000238418579 0.5479166507720947 0.526562511920929 0.5562499761581421 0.550000011920929 0.5562499761581421 0.5531250238418579 0.5520833134651184 0.5531250238418579 0.4895833432674408
0 0.40312498807907104 0.5208333134651184 0.3984375 0.5541666746139526 0.4000000059604645 0.5604166388511658 0.44843751192092896 0.5687500238418579 0.4375 0.5458333492279053 0.4375 0.5375000238418579 0.44999998807907104 0.5270833373069763