0 0.453125 0.4749999940395355 0.44843751192092896 0.5083333253860474 0.44999998807907104 0.5145833492279053 0.4984374940395355 0.5229166746139526 0.5015624761581421 0.5 0.5 0.48124998807907104
0 0.574999988079071 0.5791666507720947 0.5546875 0.5958333611488342 0.5546875 0.6041666865348816 0.5765625238418579 0.6520833373069763 0.582812488079071 0.6541666388511658 0.604687511920929 0.6354166865348816 0.604687511920929 0.6312500238418579 0.5796874761581421 0.5791666507720947
0 0.6546875238418579 0.512499988079071 0.6484375 0.512499988079071 0.628125011920929 0.5270833373069763 0.628125011920929 0.5354166626930237 0.6484375 0.5874999761581421 0.675000011920929 0.5708333253860474
0 0.6000000238418579 0.550000011920929 0.5796874761581421 0.5666666626930237 0.5796874761581421 0.574999988079071 0.6031249761581421 0.625 0.6078125238418579 0.625 0.629687488079071 0.606249988079071 0.629687488079071 0.6020833253860474 0.604687511920929 0.550000011920929
0 0.44999998807907104 0.6104166507720947 0.4437499940395355 0.6104166507720947 0.4234375059604645 0.625 0.4234375059604645 0.6333333253860474 0.4437499940395355 0.6854166388511658 0.4703125059604645 0.668749988079071
0 0.48906248807907104 0.53125 0.484375 0.5562499761581421 0.484375 0.5708333253860474 0.5328124761581421 0.581250011920929 0.5375000238418579 0.5416666865348816 0.4937500059604645 0.5291666388511658
0 0.5531250238418579 0.4729166626930237 0.5328124761581421 0.4895833432674408 0.5328124761581421 0.49791666865348816 0.5546875 0.5458333492279053 0.5609375238418579 0.5479166507720947 0.582812488079071 0.5291666388511658 0.582812488079071 0.5249999761581421 0.557812511920929 0.4729166626930237
0 0.421875 0.5270833373069763 0.40625 0.5770833492279053 0.4046874940395355 0.5895833373069763 0.421875 0.6000000238418579 0.43281251192092896 0.6020833253860474 0.44062501192092896 0.574999988079071 0.4453125 0.5687500238418579 0.44999998807907104 0.5416666865348816
0 0.4296875 0.675000011920929 0.42500001192092896 0.7083333134651184 0.42656248807907104 0.7145833373069763 0.4749999940395355 0.7229166626930237 0.4781250059604645 0.699999988079071 0.4765625 0.6812499761581421 0.45781248807907104 0.6791666746139526 0.4437499940395355 0.6875 0.4375 0.675000011920929
0 0.6171875 0.5208333134651184 0.596875011920929 0.5375000238418579 0.598437488079071 0.550000011920929 0.604687511920929 0.5479166507720947 0.609375 0.5541666746139526 0.625 0.5895833373069763 0.629687488079071 0.5916666388511658 0.6421874761581421 0.581250011920929 0.6421874761581421 0.574999988079071 0.6265624761581421 0.5354166626930237 0.625 0.5249999761581421 0.621874988079071 0.5208333134651184
0 0.4437499940395355 0.5145833492279053 0.44218748807907104 0.5249999761581421 0.4468750059604645 0.5375000238418579 0.4515624940395355 0.5416666865348816 0.4515624940395355 0.550000011920929 0.4593749940395355 0.5729166865348816 0.46562498807907104 0.5770833492279053 0.48124998807907104 0.5666666626930237 0.484375 0.543749988079071 0.4765625 0.5208333134651184 0.453125 0.518750011920929 0.4468750059604645 0.512499988079071
0 0.5484374761581421 0.5770833492279053 0.535937488079071 0.574999988079071 0.5328124761581421 0.5833333134651184 0.4984374940395355 0.5770833492279053 0.49531251192092896 0.606249988079071 0.5 0.6104166507720947 0.5453125238418579 0.6166666746139526