0 0.48124998807907104 0.581250011920929 0.46562498807907104 0.6312500238418579 0.46406251192092896 0.643750011920929 0.48124998807907104 0.6541666388511658 0.4921875 0.65625 0.5 0.6291666626930237 0.504687488079071 0.6229166388511658 0.5093749761581421 0.5958333611488342
0 0.453125 0.5979166626930237 0.4468750059604645 0.5979166626930237 0.42656248807907104 0.612500011920929 0.42656248807907104 0.6208333373069763 0.4468750059604645 0.6729166507720947 0.47343748807907104 0.65625 0.47187501192092896 0.6499999761581421 0.4625000059604645 0.643750011920929 0.46562498807907104 0.6291666626930237
0 0.48906248807907104 0.6666666865348816 0.484375 0.699999988079071 0.4859375059604645 0.706250011920929 0.534375011920929 0.7145833373069763 0.5375000238418579 0.6916666626930237 0.535937488079071 0.6729166507720947
0 0.4359374940395355 0.6499999761581421 0.40156251192092896 0.6895833611488342 0.40156251192092896 0.6958333253860474 0.41874998807907104 0.7229166626930237 0.4281249940395355 0.7166666388511658 0.45625001192092896 0.6833333373069763 0.4546875059604645 0.6729166507720947 0.4468750059604645 0.675000011920929 0.44218748807907104 0.668749988079071
0 0.59375 0.65625 0.589062511920929 0.6895833611488342 0.590624988079071 0.6958333253860474 0.6390625238418579 0.7041666507720947 0.6421874761581421 0.6812499761581421 0.640625 0.6625000238418579
0 0.5328124761581421 0.5249999761581421 0.5296875238418579 0.5249999761581421 0.4921875 0.5604166388511658 0.504687488079071 0.5895833373069763 0.5093749761581421 0.59375 0.5484374761581421 0.5604166388511658 0.546875 0.550000011920929
0 0.6078125238418579 0.5333333611488342 0.6031249761581421 0.5666666626930237 0.604687511920929 0.5729166865348816 0.653124988079071 0.581250011920929 0.65625 0.5583333373069763 0.6546875238418579 0.5395833253860474
0 0.453125 0.5354166626930237 0.4437499940395355 0.5416666865348816 0.4156250059604645 0.574999988079071 0.4156250059604645 0.581250011920929 0.4312500059604645 0.606249988079071 0.4453125 0.5979166626930237 0.4703125059604645 0.5687500238418579 0.46875 0.5583333373069763
0 0.620312511920929 0.6208333373069763 0.6156250238418579 0.65625 0.640625 0.6604166626930237 0.645312488079071 0.6666666865348816 0.6656249761581421 0.668749988079071 0.668749988079071 0.6458333134651184 0.667187511920929 0.6270833611488342
0 0.46406251192092896 0.5020833611488342 0.4437499940395355 0.518750011920929 0.4437499940395355 0.5270833373069763 0.44843751192092896 0.5354166626930237 0.453125 0.5333333611488342 0.4703125059604645 0.5583333373069763 0.47187501192092896 0.5687500238418579 0.46562498807907104 0.574999988079071 0.47187501192092896 0.5770833492279053 0.48906248807907104 0.5625 0.4937500059604645 0.5541666746139526 0.47187501192092896 0.5062500238418579
0 0.47968751192092896 0.6541666388511658 0.4593749940395355 0.675000011920929 0.45781248807907104 0.6833333373069763 0.4437499940395355 0.699999988079071 0.4609375 0.7270833253860474 0.46406251192092896 0.7270833253860474 0.4828124940395355 0.706250011920929 0.4859375059604645 0.6708333492279053 0.48906248807907104 0.6645833253860474
0 0.5687500238418579 0.637499988079071 0.5296875238418579 0.6708333492279053 0.535937488079071 0.6708333492279053 0.5390625 0.675000011920929 0.5375000238418579 0.6958333253860474 0.543749988079071 0.706250011920929 0.550000011920929 0.7041666507720947 0.5843750238418579 0.6729166507720947 0.582812488079071 0.6625000238418579
0 0.5062500238418579 0.48750001192092896 0.5 0.48750001192092896 0.47968751192092896 0.5020833611488342 0.47968751192092896 0.5104166865348816 0.49531251192092896 0.5541666746139526 0.5218750238418579 0.53125