0 0.5531250238418579 0.5895833373069763 0.5484374761581421 0.6229166388511658 0.550000011920929 0.6291666626930237 0.598437488079071 0.637499988079071 0.6015625 0.6145833134651184 0.6000000238418579 0.5958333611488342
0 0.6156250238418579 0.4958333373069763 0.6109374761581421 0.5291666388511658 0.612500011920929 0.5354166626930237 0.660937488079071 0.543749988079071 0.6640625 0.5208333134651184 0.6625000238418579 0.5020833611488342
0 0.651562511920929 0.6020833253860474 0.635937511920929 0.6520833373069763 0.6343749761581421 0.6645833253860474 0.651562511920929 0.675000011920929 0.6625000238418579 0.6770833134651184 0.6703125238418579 0.6499999761581421 0.675000011920929 0.643750011920929 0.6796875 0.6166666746139526
0 0.46406251192092896 0.4833333194255829 0.44843751192092896 0.5333333611488342 0.4468750059604645 0.5458333492279053 0.46406251192092896 0.5562499761581421 0.4749999940395355 0.5583333373069763 0.4828124940395355 0.53125 0.48750001192092896 0.5249999761581421 0.4921875 0.49791666865348816
0 0.4468750059604645 0.59375 0.42656248807907104 0.6104166507720947 0.42656248807907104 0.6187499761581421 0.44843751192092896 0.6666666865348816 0.4546875059604645 0.668749988079071 0.4765625 0.6499999761581421 0.4765625 0.6458333134651184 0.4515624940395355 0.59375
0 0.5296875238418579 0.4937500059604645 0.520312488079071 0.5 0.4921875 0.5333333611488342 0.4921875 0.5395833253860474 0.5093749761581421 0.5666666626930237 0.518750011920929 0.5604166388511658 0.546875 0.5270833373069763 0.5453125238418579 0.5166666507720947
0 0.5843750238418579 0.5333333611488342 0.567187488079071 0.5895833373069763 0.6000000238418579 0.59375 0.604687511920929 0.5770833492279053 0.6078125238418579 0.574999988079071 0.612500011920929 0.5479166507720947
0 0.573437511920929 0.6354166865348816 0.550000011920929 0.6312500238418579 0.546875 0.6270833611488342 0.5484374761581421 0.6104166507720947 0.520312488079071 0.6354166865348816 0.5171874761581421 0.643750011920929 0.5296875238418579 0.668749988079071 0.535937488079071 0.6729166507720947 0.573437511920929 0.6395833492279053
0 0.6484375 0.543749988079071 0.6421874761581421 0.543749988079071 0.609375 0.581250011920929 0.609375 0.5874999761581421 0.6265624761581421 0.6145833134651184 0.635937511920929 0.6083333492279053 0.6640625 0.574999988079071 0.6625000238418579 0.5645833611488342
0 0.44843751192092896 0.53125 0.4124999940395355 0.5708333253860474 0.4124999940395355 0.5770833492279053 0.4296875 0.6041666865348816 0.4390625059604645 0.5979166626930237 0.4671874940395355 0.5645833611488342 0.4671874940395355 0.5583333373069763 0.4453125 0.5458333492279053
0 0.43281251192092896 0.6416666507720947 0.41718751192092896 0.6916666626930237 0.4156250059604645 0.7041666507720947 0.43281251192092896 0.7145833373069763 0.4437499940395355 0.7166666388511658 0.4515624940395355 0.6895833611488342 0.45625001192092896 0.6833333373069763 0.4593749940395355 0.6666666865348816 0.44999998807907104 0.6708333492279053 0.4359374940395355 0.6416666507720947
0 0.5562499761581421 0.65625 0.535937488079071 0.675000011920929 0.528124988079071 0.668749988079071 0.512499988079071 0.6875 0.512499988079071 0.6937500238418579 0.5296875238418579 0.7208333611488342 0.5390625 0.7145833373069763 0.567187488079071 0.6812499761581421 0.565625011920929 0.6708333492279053
0 0.578125 0.637499988079071 0.573437511920929 0.6708333492279053 0.574999988079071 0.6770833134651184 0.6234375238418579 0.6854166388511658 0.6265624761581421 0.6625000238418579 0.625 0.643750011920929
0 0.47968751192092896 0.5833333134651184 0.4671874940395355 0.6229166388511658 0.4781250059604645 0.6458333134651184 0.4781250059604645 0.6499999761581421 0.4749999940395355 0.6520833373069763 0.484375 0.6583333611488342 0.4906249940395355 0.6583333611488342 0.4984374940395355 0.6312500238418579 0.503125011920929 0.625 0.5078125 0.5979166626930237
0 0.49687498807907104 0.5520833134651184 0.48124998807907104 0.5645833611488342 0.48124998807907104 0.5729166865348816 0.4859375059604645 0.5833333134651184 0.5093749761581421 0.5979166626930237 0.504687488079071 0.6229166388511658 0.5093749761581421 0.6229166388511658 0.53125 0.6041666865348816 0.53125 0.6000000238418579 0.5171874761581421 0.5687500238418579 0.5093749761581421 0.5687500238418579