2 0.5796874761581421 0.5895833373069763 0.5562499761581421 0.6041666865348816 0.5562499761581421 0.6104166507720947 0.5718749761581421 0.6479166746139526 0.5765625238418579 0.6479166746139526 0.596875011920929 0.6333333253860474 0.5921875238418579 0.6166666746139526
2 0.590624988079071 0.6020833253860474 0.589062511920929 0.6083333492279053 0.59375 0.6166666746139526 0.598437488079071 0.6333333253860474 0.5859375 0.6416666507720947 0.596875011920929 0.6541666388511658 0.604687511920929 0.6583333611488342 0.6187499761581421 0.637499988079071 0.6187499761581421 0.6291666626930237 0.5953124761581421 0.6020833253860474
2 0.4859375059604645 0.6187499761581421 0.47187501192092896 0.6458333134651184 0.47187501192092896 0.6520833373069763 0.5 0.6770833134651184 0.503125011920929 0.6770833134651184 0.515625 0.6520833373069763 0.515625 0.643750011920929 0.48906248807907104 0.6187499761581421
2 0.4312500059604645 0.625 0.40312498807907104 0.6291666626930237 0.4078125059604645 0.6791666746139526 0.4359374940395355 0.6729166507720947
2 0.504687488079071 0.5208333134651184 0.48906248807907104 0.5520833134651184 0.48750001192092896 0.5625 0.503125011920929 0.5770833492279053 0.510937511920929 0.5791666507720947 0.526562511920929 0.5479166507720947 0.528124988079071 0.5375000238418579 0.510937511920929 0.5208333134651184
2 0.6000000238418579 0.4791666567325592 0.5953124761581421 0.4791666567325592 0.5687500238418579 0.5020833611488342 0.5718749761581421 0.5229166746139526 0.581250011920929 0.5354166626930237 0.5874999761581421 0.5333333611488342 0.612500011920929 0.5104166865348816 0.6109374761581421 0.5
2 0.4359374940395355 0.4895833432674408 0.4359374940395355 0.5270833373069763 0.47343748807907104 0.5270833373069763 0.47343748807907104 0.4895833432674408
2 0.5859375 0.6520833373069763 0.557812511920929 0.65625 0.5625 0.706250011920929 0.590624988079071 0.699999988079071
2 0.4749999940395355 0.550000011920929 0.4515624940395355 0.5645833611488342 0.4515624940395355 0.5708333253860474 0.4671874940395355 0.6083333492279053 0.47187501192092896 0.6083333492279053 0.4921875 0.59375 0.48750001192092896 0.5770833492279053
2 0.628125011920929 0.612500011920929 0.614062488079071 0.6208333373069763 0.620312511920929 0.6291666626930237 0.620312511920929 0.637499988079071 0.612500011920929 0.6479166746139526 0.612500011920929 0.6520833373069763 0.620312511920929 0.6708333492279053 0.625 0.6708333492279053 0.645312488079071 0.65625 0.640625 0.6395833492279053
2 0.643750011920929 0.6729166507720947 0.629687488079071 0.6958333253860474 0.629687488079071 0.7020833492279053 0.6499999761581421 0.7250000238418579 0.6578124761581421 0.7291666865348816 0.671875 0.7083333134651184 0.671875 0.699999988079071 0.6484375 0.6729166507720947
2 0.543749988079071 0.5229166746139526 0.526562511920929 0.5333333611488342 0.5296875238418579 0.5375000238418579 0.5296875238418579 0.543749988079071 0.5249999761581421 0.5541666746139526 0.535937488079071 0.581250011920929 0.5406249761581421 0.581250011920929 0.5609375238418579 0.5666666626930237 0.5562499761581421 0.550000011920929
2 0.44218748807907104 0.5874999761581421 0.4468750059604645 0.637499988079071 0.47343748807907104 0.6333333253860474 0.4749999940395355 0.6312500238418579 0.47343748807907104 0.6083333492279053 0.4671874940395355 0.6104166507720947 0.45625001192092896 0.5854166746139526