2 0.635937511920929 0.5270833373069763 0.621874988079071 0.550000011920929 0.621874988079071 0.5562499761581421 0.6421874761581421 0.5791666507720947 0.6499999761581421 0.5833333134651184 0.6640625 0.5625 0.6640625 0.5541666746139526 0.640625 0.5270833373069763
2 0.582812488079071 0.6541666388511658 0.5687500238418579 0.6812499761581421 0.5687500238418579 0.6875 0.596875011920929 0.7124999761581421 0.6000000238418579 0.7124999761581421 0.612500011920929 0.6875 0.612500011920929 0.6791666746139526 0.5859375 0.6541666388511658
2 0.614062488079071 0.6583333611488342 0.614062488079071 0.6958333253860474 0.651562511920929 0.6958333253860474 0.651562511920929 0.6583333611488342
2 0.5249999761581421 0.4937500059604645 0.5015624761581421 0.5083333253860474 0.5015624761581421 0.5145833492279053 0.5171874761581421 0.5520833134651184 0.5218750238418579 0.5520833134651184 0.542187511920929 0.5375000238418579 0.5375000238418579 0.5208333134651184
2 0.5171874761581421 0.6499999761581421 0.512499988079071 0.6499999761581421 0.4859375059604645 0.6729166507720947 0.48906248807907104 0.6937500238418579 0.4984374940395355 0.706250011920929 0.504687488079071 0.7041666507720947 0.5296875238418579 0.6812499761581421 0.528124988079071 0.6708333492279053
2 0.6156250238418579 0.5687500238418579 0.5874999761581421 0.5729166865348816 0.5921875238418579 0.6229166388511658 0.620312511920929 0.6166666746139526
2 0.47968751192092896 0.550000011920929 0.46562498807907104 0.5729166865348816 0.46562498807907104 0.5791666507720947 0.4859375059604645 0.6020833253860474 0.4937500059604645 0.606249988079071 0.5078125 0.5854166746139526 0.5078125 0.5770833492279053 0.484375 0.550000011920929
2 0.551562488079071 0.6791666746139526 0.5687500238418579 0.6791666746139526 0.582812488079071 0.6520833373069763 0.5859375 0.6520833373069763 0.589062511920929 0.65625 0.589062511920929 0.6416666507720947 0.551562488079071 0.6416666507720947
2 0.42500001192092896 0.543749988079071 0.41093748807907104 0.5708333253860474 0.41093748807907104 0.5770833492279053 0.4390625059604645 0.6020833253860474 0.44218748807907104 0.6020833253860474 0.4546875059604645 0.5770833492279053 0.4546875059604645 0.5687500238418579 0.4281249940395355 0.543749988079071
2 0.43281251192092896 0.48124998807907104 0.41874998807907104 0.5041666626930237 0.41874998807907104 0.5104166865348816 0.4390625059604645 0.5333333611488342 0.4468750059604645 0.5375000238418579 0.4609375 0.5166666507720947 0.4609375 0.5083333253860474 0.4375 0.48124998807907104
2 0.559374988079071 0.46666666865348816 0.5531250238418579 0.46666666865348816 0.5249999761581421 0.48124998807907104 0.5249999761581421 0.49166667461395264 0.53125 0.5020833611488342 0.535937488079071 0.5166666507720947 0.567187488079071 0.5 0.567187488079071 0.4937500059604645
2 0.47343748807907104 0.6041666865348816 0.46875 0.6041666865348816 0.44218748807907104 0.6270833611488342 0.4453125 0.6479166746139526 0.4546875059604645 0.6604166626930237 0.4609375 0.6583333611488342 0.4859375059604645 0.6354166865348816 0.484375 0.625
2 0.5609375238418579 0.5354166626930237 0.543749988079071 0.5375000238418579 0.5328124761581421 0.5458333492279053 0.5375000238418579 0.5895833373069763 0.565625011920929 0.5833333134651184
2 0.565625011920929 0.574999988079071 0.567187488079071 0.5833333134651184 0.5640624761581421 0.5874999761581421 0.557812511920929 0.5874999761581421 0.5484374761581421 0.606249988079071 0.546875 0.6166666746139526 0.5625 0.6312500238418579 0.5703125 0.6333333253860474 0.5859375 0.6020833253860474 0.5874999761581421 0.5916666388511658 0.5703125 0.574999988079071
2 0.512499988079071 0.6041666865348816 0.484375 0.6083333492279053 0.48906248807907104 0.6583333611488342 0.503125011920929 0.65625 0.512499988079071 0.6479166746139526 0.5171874761581421 0.6479166746139526
2 0.4359374940395355 0.6229166388511658 0.4312500059604645 0.6229166388511658 0.4046874940395355 0.6458333134651184 0.4078125059604645 0.6666666865348816 0.41718751192092896 0.6791666746139526 0.4234375059604645 0.6770833134651184 0.44843751192092896 0.6541666388511658 0.4437499940395355 0.6479166746139526 0.44062501192092896 0.6312500238418579
2 0.628125011920929 0.5708333253860474 0.6187499761581421 0.574999988079071 0.621874988079071 0.6166666746139526 0.6171875 0.6229166388511658 0.620312511920929 0.6291666626930237 0.625 0.6291666626930237 0.645312488079071 0.6145833134651184 0.640625 0.5979166626930237
2 0.48124998807907104 0.47083333134651184 0.46562498807907104 0.5020833611488342 0.46406251192092896 0.512499988079071 0.47968751192092896 0.5270833373069763 0.48750001192092896 0.5291666388511658 0.503125011920929 0.49791666865348816 0.504687488079071 0.48750001192092896 0.48750001192092896 0.47083333134651184