2 0.4749999940395355 0.4937500059604645 0.46875 0.4937500059604645 0.44062501192092896 0.5083333253860474 0.44062501192092896 0.518750011920929 0.44843751192092896 0.543749988079071 0.453125 0.543749988079071 0.4828124940395355 0.5270833373069763 0.4828124940395355 0.5208333134651184
2 0.651562511920929 0.6208333373069763 0.628125011920929 0.6354166865348816 0.628125011920929 0.6416666507720947 0.643750011920929 0.6791666746139526 0.6484375 0.6791666746139526 0.668749988079071 0.6645833253860474 0.6640625 0.6479166746139526
2 0.5843750238418579 0.46666666865348816 0.5703125 0.4895833432674408 0.5703125 0.4958333373069763 0.590624988079071 0.518750011920929 0.598437488079071 0.5229166746139526 0.612500011920929 0.5020833611488342 0.612500011920929 0.4937500059604645 0.589062511920929 0.46666666865348816
2 0.4765625 0.6458333134651184 0.44843751192092896 0.6499999761581421 0.453125 0.699999988079071 0.48124998807907104 0.6937500238418579
2 0.589062511920929 0.5270833373069763 0.582812488079071 0.5270833373069763 0.5546875 0.5416666865348816 0.5546875 0.5520833134651184 0.5625 0.5770833492279053 0.567187488079071 0.5770833492279053 0.596875011920929 0.5604166388511658 0.596875011920929 0.5541666746139526
2 0.518750011920929 0.6520833373069763 0.504687488079071 0.675000011920929 0.504687488079071 0.6812499761581421 0.5249999761581421 0.7041666507720947 0.5328124761581421 0.7083333134651184 0.546875 0.6875 0.546875 0.6791666746139526 0.5234375 0.6520833373069763
2 0.5328124761581421 0.48750001192092896 0.518750011920929 0.5145833492279053 0.518750011920929 0.5208333134651184 0.546875 0.5458333492279053 0.550000011920929 0.5458333492279053 0.5625 0.5208333134651184 0.5625 0.512499988079071 0.535937488079071 0.48750001192092896
2 0.6312500238418579 0.6520833373069763 0.6031249761581421 0.65625 0.6078125238418579 0.706250011920929 0.635937511920929 0.699999988079071
2 0.4703125059604645 0.47083333134651184 0.47187501192092896 0.49166667461395264 0.4765625 0.4937500059604645 0.4828124940395355 0.518750011920929 0.5015624761581421 0.5166666507720947 0.503125011920929 0.5083333253860474 0.4984374940395355 0.46666666865348816
2 0.5484374761581421 0.6833333373069763 0.5484374761581421 0.6875 0.542187511920929 0.6958333253860474 0.542187511920929 0.7208333611488342 0.5796874761581421 0.7208333611488342 0.5796874761581421 0.6833333373069763
2 0.4156250059604645 0.5333333611488342 0.40156251192092896 0.5604166388511658 0.40156251192092896 0.5666666626930237 0.4296875 0.5916666388511658 0.43281251192092896 0.5916666388511658 0.4453125 0.5666666626930237 0.4453125 0.5583333373069763 0.41874998807907104 0.5333333611488342
2 0.4859375059604645 0.5416666865348816 0.4703125059604645 0.5729166865348816 0.46875 0.5833333134651184 0.484375 0.5979166626930237 0.4921875 0.6000000238418579 0.5078125 0.5687500238418579 0.5093749761581421 0.5583333373069763 0.4921875 0.5416666865348816
2 0.41874998807907104 0.6291666626930237 0.39531248807907104 0.643750011920929 0.39531248807907104 0.6499999761581421 0.41093748807907104 0.6875 0.4156250059604645 0.6875 0.4359374940395355 0.6729166507720947 0.4312500059604645 0.65625
2 0.5484374761581421 0.5916666388511658 0.534375011920929 0.6187499761581421 0.534375011920929 0.625 0.5625 0.6499999761581421 0.565625011920929 0.6499999761581421 0.578125 0.625 0.578125 0.6166666746139526 0.551562488079071 0.5916666388511658
2 0.582812488079071 0.5874999761581421 0.5718749761581421 0.6083333492279053 0.5796874761581421 0.6166666746139526 0.578125 0.6291666626930237 0.596875011920929 0.6458333134651184 0.6000000238418579 0.6458333134651184 0.612500011920929 0.6208333373069763 0.612500011920929 0.612500011920929 0.5859375 0.5874999761581421
2 0.518750011920929 0.5895833373069763 0.503125011920929 0.6208333373069763 0.5015624761581421 0.6312500238418579 0.5171874761581421 0.6458333134651184 0.5249999761581421 0.6479166746139526 0.535937488079071 0.6270833611488342 0.5328124761581421 0.625 0.5328124761581421 0.6187499761581421 0.5406249761581421 0.6041666865348816 0.5249999761581421 0.5895833373069763
2 0.6109374761581421 0.4749999940395355 0.6078125238418579 0.4854166805744171 0.614062488079071 0.4937500059604645 0.614062488079071 0.5020833611488342 0.6000000238418579 0.5229166746139526 0.612500011920929 0.5333333611488342 0.6171875 0.5333333611488342 0.6328125 0.5020833611488342 0.6343749761581421 0.49166667461395264 0.6171875 0.4749999940395355
2 0.4593749940395355 0.5791666507720947 0.4453125 0.6020833253860474 0.4453125 0.6083333492279053 0.46562498807907104 0.6312500238418579 0.47343748807907104 0.6354166865348816 0.48750001192092896 0.6145833134651184 0.48750001192092896 0.606249988079071 0.46406251192092896 0.5791666507720947