2 0.48750001192092896 0.49791666865348816 0.4593749940395355 0.5020833611488342 0.46406251192092896 0.5520833134651184 0.4921875 0.5458333492279053
2 0.5640624761581421 0.5270833373069763 0.535937488079071 0.53125 0.5406249761581421 0.581250011920929 0.5687500238418579 0.574999988079071
2 0.6390625238418579 0.6479166746139526 0.6109374761581421 0.6520833373069763 0.6156250238418579 0.7020833492279053 0.643750011920929 0.6958333253860474
2 0.4281249940395355 0.5249999761581421 0.421875 0.5249999761581421 0.39375001192092896 0.5395833253860474 0.39375001192092896 0.550000011920929 0.40156251192092896 0.574999988079071 0.40625 0.574999988079071 0.4359374940395355 0.5583333373069763 0.4359374940395355 0.5520833134651184
2 0.5093749761581421 0.6208333373069763 0.4937500059604645 0.6520833373069763 0.4921875 0.6625000238418579 0.5078125 0.6770833134651184 0.515625 0.6791666746139526 0.53125 0.6479166746139526 0.5328124761581421 0.637499988079071 0.515625 0.6208333373069763
2 0.44062501192092896 0.4958333373069763 0.4281249940395355 0.5229166746139526 0.4359374940395355 0.5479166507720947 0.44218748807907104 0.5541666746139526 0.4468750059604645 0.5541666746139526 0.4593749940395355 0.5291666388511658 0.4593749940395355 0.512499988079071 0.45625001192092896 0.5041666626930237 0.4468750059604645 0.4958333373069763
2 0.4749999940395355 0.5833333134651184 0.4593749940395355 0.6145833134651184 0.45781248807907104 0.625 0.47343748807907104 0.6395833492279053 0.48124998807907104 0.6416666507720947 0.49687498807907104 0.6104166507720947 0.4984374940395355 0.6000000238418579 0.48124998807907104 0.5833333134651184
2 0.590624988079071 0.5520833134651184 0.5765625238418579 0.5791666507720947 0.5765625238418579 0.5854166746139526 0.604687511920929 0.6104166507720947 0.6078125238418579 0.6104166507720947 0.620312511920929 0.5854166746139526 0.620312511920929 0.5770833492279053 0.59375 0.5520833134651184
2 0.44062501192092896 0.5541666746139526 0.44062501192092896 0.5770833492279053 0.4781250059604645 0.5770833492279053 0.4781250059604645 0.5520833134651184 0.46406251192092896 0.5541666746139526 0.4609375 0.5395833253860474 0.45625001192092896 0.5395833253860474 0.4468750059604645 0.5562499761581421
2 0.46875 0.637499988079071 0.453125 0.6666666865348816 0.4515624940395355 0.6770833134651184 0.4671874940395355 0.6916666626930237 0.4749999940395355 0.6937500238418579 0.4906249940395355 0.6625000238418579 0.4921875 0.6520833373069763 0.484375 0.643750011920929 0.4765625 0.643750011920929
2 0.6625000238418579 0.4854166805744171 0.6390625238418579 0.5 0.6390625238418579 0.5062500238418579 0.6546875238418579 0.543749988079071 0.659375011920929 0.543749988079071 0.6796875 0.5291666388511658 0.675000011920929 0.512499988079071