2 0.44843751192092896 0.5375000238418579 0.43437498807907104 0.5604166388511658 0.43437498807907104 0.5666666626930237 0.4546875059604645 0.5895833373069763 0.4625000059604645 0.59375 0.4765625 0.5729166865348816 0.4765625 0.5645833611488342 0.453125 0.5375000238418579
2 0.651562511920929 0.5625 0.645312488079071 0.5625 0.6171875 0.5770833492279053 0.6171875 0.5874999761581421 0.625 0.612500011920929 0.629687488079071 0.612500011920929 0.659375011920929 0.5958333611488342 0.659375011920929 0.5895833373069763
2 0.5218750238418579 0.5916666388511658 0.5171874761581421 0.5916666388511658 0.4906249940395355 0.6145833134651184 0.4937500059604645 0.6354166865348816 0.503125011920929 0.6479166746139526 0.5093749761581421 0.6458333134651184 0.534375011920929 0.6229166388511658 0.5328124761581421 0.612500011920929
2 0.528124988079071 0.46666666865348816 0.5 0.47083333134651184 0.504687488079071 0.5208333134651184 0.5328124761581421 0.5145833492279053
2 0.5453125238418579 0.6041666865348816 0.535937488079071 0.6187499761581421 0.53125 0.6333333253860474 0.551562488079071 0.65625 0.559374988079071 0.6604166626930237 0.573437511920929 0.6395833492279053 0.573437511920929 0.6312500238418579 0.550000011920929 0.6041666865348816
2 0.48124998807907104 0.668749988079071 0.45781248807907104 0.6833333373069763 0.45781248807907104 0.6895833611488342 0.47343748807907104 0.7270833253860474 0.4781250059604645 0.7270833253860474 0.4984374940395355 0.7124999761581421 0.4937500059604645 0.6958333253860474
2 0.5531250238418579 0.6583333611488342 0.5296875238418579 0.6333333253860474 0.526562511920929 0.6333333253860474 0.510937511920929 0.6458333134651184 0.510937511920929 0.6520833373069763 0.518750011920929 0.6770833134651184 0.5234375 0.6770833134651184 0.528124988079071 0.6729166507720947 0.5484374761581421 0.6645833253860474
2 0.4984374940395355 0.5062500238418579 0.4703125059604645 0.5104166865348816 0.4749999940395355 0.5604166388511658 0.503125011920929 0.5541666746139526
2 0.4359374940395355 0.47708332538604736 0.421875 0.5 0.421875 0.5062500238418579 0.44218748807907104 0.5291666388511658 0.44999998807907104 0.5333333611488342 0.46406251192092896 0.512499988079071 0.46406251192092896 0.5041666626930237 0.44062501192092896 0.47708332538604736
2 0.598437488079071 0.5020833611488342 0.5843750238418579 0.5249999761581421 0.5843750238418579 0.53125 0.604687511920929 0.5541666746139526 0.612500011920929 0.5583333373069763 0.6265624761581421 0.5375000238418579 0.6265624761581421 0.5291666388511658 0.6031249761581421 0.5020833611488342
2 0.534375011920929 0.5520833134651184 0.534375011920929 0.5895833373069763 0.5718749761581421 0.5895833373069763 0.5718749761581421 0.5520833134651184
2 0.4703125059604645 0.643750011920929 0.44218748807907104 0.6479166746139526 0.4468750059604645 0.6979166865348816 0.4593749940395355 0.6958333253860474 0.45625001192092896 0.6895833611488342 0.45625001192092896 0.6833333373069763 0.47343748807907104 0.6708333492279053
2 0.628125011920929 0.637499988079071 0.612500011920929 0.668749988079071 0.6109374761581421 0.6791666746139526 0.6265624761581421 0.6937500238418579 0.6343749761581421 0.6958333253860474 0.6499999761581421 0.6645833253860474 0.651562511920929 0.6541666388511658 0.6343749761581421 0.637499988079071