2 0.645312488079071 0.6145833134651184 0.6390625238418579 0.6145833134651184 0.6109374761581421 0.6291666626930237 0.6109374761581421 0.6395833492279053 0.6187499761581421 0.6645833253860474 0.6234375238418579 0.6645833253860474 0.653124988079071 0.6479166746139526 0.653124988079071 0.6416666507720947
2 0.48750001192092896 0.6479166746139526 0.4828124940395355 0.6479166746139526 0.45625001192092896 0.6708333492279053 0.4593749940395355 0.6916666626930237 0.46875 0.7041666507720947 0.4749999940395355 0.7020833492279053 0.5 0.6791666746139526 0.4984374940395355 0.668749988079071
2 0.6640625 0.4958333373069763 0.659375011920929 0.4958333373069763 0.6328125 0.518750011920929 0.635937511920929 0.5395833253860474 0.645312488079071 0.5520833134651184 0.651562511920929 0.550000011920929 0.676562488079071 0.5270833373069763 0.675000011920929 0.5166666507720947
2 0.559374988079071 0.6520833373069763 0.5453125238418579 0.675000011920929 0.5453125238418579 0.6812499761581421 0.565625011920929 0.7041666507720947 0.573437511920929 0.7083333134651184 0.5874999761581421 0.6875 0.5874999761581421 0.6791666746139526 0.5640624761581421 0.6520833373069763
2 0.5874999761581421 0.4895833432674408 0.573437511920929 0.5166666507720947 0.573437511920929 0.5229166746139526 0.6015625 0.5479166507720947 0.604687511920929 0.5479166507720947 0.6171875 0.5229166746139526 0.6171875 0.5145833492279053 0.590624988079071 0.4895833432674408
2 0.5703125 0.5083333253860474 0.5562499761581421 0.53125 0.5562499761581421 0.5375000238418579 0.5765625238418579 0.5604166388511658 0.5843750238418579 0.5645833611488342 0.596875011920929 0.5458333492279053 0.5718749761581421 0.5229166746139526 0.574999988079071 0.5083333253860474
2 0.5296875238418579 0.643750011920929 0.515625 0.6708333492279053 0.515625 0.6770833134651184 0.543749988079071 0.7020833492279053 0.546875 0.7020833492279053 0.551562488079071 0.6937500238418579 0.551562488079071 0.6895833611488342 0.543749988079071 0.6812499761581421 0.543749988079071 0.675000011920929 0.551562488079071 0.6604166626930237 0.5328124761581421 0.643750011920929
2 0.5921875238418579 0.5583333373069763 0.5843750238418579 0.5666666626930237 0.581250011920929 0.5666666626930237 0.5703125 0.5541666746139526 0.567187488079071 0.5541666746139526 0.5531250238418579 0.5666666626930237 0.5562499761581421 0.5874999761581421 0.565625011920929 0.6000000238418579 0.5718749761581421 0.5979166626930237 0.596875011920929 0.574999988079071 0.596875011920929 0.5687500238418579
2 0.44218748807907104 0.6416666507720947 0.4281249940395355 0.668749988079071 0.4281249940395355 0.675000011920929 0.45625001192092896 0.699999988079071 0.4593749940395355 0.699999988079071 0.4609375 0.6958333253860474 0.45781248807907104 0.6916666626930237 0.4546875059604645 0.6708333492279053 0.46562498807907104 0.6604166626930237 0.4453125 0.6416666507720947
2 0.49687498807907104 0.5958333611488342 0.4828124940395355 0.6229166388511658 0.4828124940395355 0.6291666626930237 0.510937511920929 0.6541666388511658 0.5140625238418579 0.6541666388511658 0.526562511920929 0.6291666626930237 0.526562511920929 0.6208333373069763 0.5 0.5958333611488342
2 0.518750011920929 0.5562499761581421 0.504687488079071 0.5833333134651184 0.504687488079071 0.5895833373069763 0.5328124761581421 0.6145833134651184 0.535937488079071 0.6145833134651184 0.5484374761581421 0.5895833373069763 0.5484374761581421 0.581250011920929 0.5218750238418579 0.5562499761581421
2 0.620312511920929 0.5166666507720947 0.6187499761581421 0.5166666507720947 0.6187499761581421 0.5229166746139526 0.6078125238418579 0.5458333492279053 0.6031249761581421 0.550000011920929 0.612500011920929 0.574999988079071 0.6171875 0.574999988079071 0.637499988079071 0.5604166388511658 0.6328125 0.543749988079071