2 0.5375000238418579 0.65625 0.5328124761581421 0.65625 0.5062500238418579 0.6791666746139526 0.5093749761581421 0.699999988079071 0.518750011920929 0.7124999761581421 0.5249999761581421 0.7104166746139526 0.550000011920929 0.6875 0.5484374761581421 0.6770833134651184
2 0.567187488079071 0.5708333253860474 0.5390625 0.574999988079071 0.543749988079071 0.625 0.5718749761581421 0.6187499761581421
2 0.45625001192092896 0.6416666507720947 0.44218748807907104 0.6645833253860474 0.44218748807907104 0.6708333492279053 0.4625000059604645 0.6937500238418579 0.4703125059604645 0.6979166865348816 0.484375 0.6770833134651184 0.484375 0.668749988079071 0.4609375 0.6416666507720947
2 0.40625 0.46666666865348816 0.3921875059604645 0.4937500059604645 0.3921875059604645 0.5 0.4203124940395355 0.5249999761581421 0.4234375059604645 0.5249999761581421 0.4359374940395355 0.5 0.4359374940395355 0.49166667461395264 0.40937501192092896 0.46666666865348816
2 0.45625001192092896 0.4937500059604645 0.45625001192092896 0.53125 0.4937500059604645 0.53125 0.4937500059604645 0.4937500059604645
2 0.6031249761581421 0.6041666865348816 0.589062511920929 0.6312500238418579 0.589062511920929 0.637499988079071 0.6171875 0.6625000238418579 0.620312511920929 0.6625000238418579 0.6328125 0.637499988079071 0.6328125 0.6291666626930237 0.606249988079071 0.6041666865348816
2 0.65625 0.4749999940395355 0.6328125 0.4895833432674408 0.6328125 0.4958333373069763 0.6484375 0.5333333611488342 0.653124988079071 0.5333333611488342 0.6734374761581421 0.518750011920929 0.668749988079071 0.5020833611488342
2 0.6484375 0.5395833253860474 0.643750011920929 0.5395833253860474 0.6171875 0.5625 0.620312511920929 0.5833333134651184 0.629687488079071 0.5958333611488342 0.635937511920929 0.59375 0.660937488079071 0.5708333253860474 0.659375011920929 0.5604166388511658
2 0.46406251192092896 0.543749988079071 0.44062501192092896 0.5583333373069763 0.44062501192092896 0.5645833611488342 0.45625001192092896 0.6020833253860474 0.4609375 0.6020833253860474 0.48124998807907104 0.5874999761581421 0.4765625 0.5708333253860474
2 0.5390625 0.637499988079071 0.5390625 0.65625 0.5484374761581421 0.675000011920929 0.5765625238418579 0.675000011920929 0.5765625238418579 0.637499988079071
2 0.578125 0.6458333134651184 0.578125 0.6833333373069763 0.6156250238418579 0.6833333373069763 0.6156250238418579 0.6625000238418579 0.596875011920929 0.6458333134651184
2 0.4859375059604645 0.6145833134651184 0.48124998807907104 0.6145833134651184 0.4546875059604645 0.637499988079071 0.4546875059604645 0.6416666507720947 0.4609375 0.6395833492279053 0.47968751192092896 0.6604166626930237 0.4906249940395355 0.6541666388511658 0.4984374940395355 0.6458333134651184 0.4984374940395355 0.6395833492279053