2 0.660937488079071 0.6270833611488342 0.637499988079071 0.6416666507720947 0.637499988079071 0.6479166746139526 0.653124988079071 0.6854166388511658 0.6578124761581421 0.6854166388511658 0.6781250238418579 0.6708333492279053 0.6734374761581421 0.6541666388511658
2 0.573437511920929 0.6291666626930237 0.557812511920929 0.6604166626930237 0.5562499761581421 0.6708333492279053 0.5718749761581421 0.6854166388511658 0.5796874761581421 0.6875 0.5953124761581421 0.65625 0.596875011920929 0.6458333134651184 0.5796874761581421 0.6291666626930237
2 0.46406251192092896 0.5375000238418579 0.44999998807907104 0.5645833611488342 0.44999998807907104 0.5708333253860474 0.4781250059604645 0.5958333611488342 0.48124998807907104 0.5958333611488342 0.4937500059604645 0.5708333253860474 0.4937500059604645 0.5625 0.4671874940395355 0.5375000238418579
2 0.518750011920929 0.6000000238418579 0.504687488079071 0.6270833611488342 0.504687488079071 0.6333333253860474 0.5328124761581421 0.6583333611488342 0.535937488079071 0.6583333611488342 0.5484374761581421 0.6333333253860474 0.5484374761581421 0.625 0.5218750238418579 0.6000000238418579
2 0.515625 0.6479166746139526 0.515625 0.6854166388511658 0.5531250238418579 0.6854166388511658 0.5531250238418579 0.6479166746139526 0.542187511920929 0.6479166746139526 0.535937488079071 0.6604166626930237 0.5328124761581421 0.6604166626930237 0.520312488079071 0.6479166746139526
2 0.5015624761581421 0.5395833253860474 0.4828124940395355 0.550000011920929 0.49531251192092896 0.5625 0.49531251192092896 0.5708333253860474 0.48906248807907104 0.5833333134651184 0.4937500059604645 0.5979166626930237 0.4984374940395355 0.5979166626930237 0.518750011920929 0.5833333134651184 0.5140625238418579 0.5666666626930237
2 0.5874999761581421 0.59375 0.582812488079071 0.59375 0.5562499761581421 0.6166666746139526 0.559374988079071 0.637499988079071 0.5640624761581421 0.643750011920929 0.573437511920929 0.6270833611488342 0.5796874761581421 0.6270833611488342 0.589062511920929 0.6354166865348816 0.6000000238418579 0.625 0.598437488079071 0.6145833134651184
2 0.640625 0.6020833253860474 0.6343749761581421 0.6020833253860474 0.606249988079071 0.6166666746139526 0.606249988079071 0.6270833611488342 0.614062488079071 0.6520833373069763 0.6312500238418579 0.6458333134651184 0.6484375 0.6312500238418579
2 0.44843751192092896 0.5520833134651184 0.4203124940395355 0.5562499761581421 0.42500001192092896 0.606249988079071 0.453125 0.6000000238418579 0.4515624940395355 0.574999988079071 0.44843751192092896 0.5708333253860474 0.44999998807907104 0.5625
2 0.40937501192092896 0.6104166507720947 0.40937501192092896 0.6208333373069763 0.41718751192092896 0.6458333134651184 0.421875 0.6458333134651184 0.4515624940395355 0.6291666626930237 0.4515624940395355 0.6229166388511658 0.4453125 0.6041666865348816 0.42500001192092896 0.6083333492279053 0.421875 0.6041666865348816
2 0.589062511920929 0.4937500059604645 0.574999988079071 0.5208333134651184 0.574999988079071 0.5270833373069763 0.6031249761581421 0.5520833134651184 0.606249988079071 0.5520833134651184 0.6187499761581421 0.5270833373069763 0.6187499761581421 0.518750011920929 0.5921875238418579 0.4937500059604645
2 0.526562511920929 0.5208333134651184 0.5218750238418579 0.5208333134651184 0.503125011920929 0.5375000238418579 0.5171874761581421 0.5708333253860474 0.5390625 0.5520833134651184 0.5375000238418579 0.5416666865348816
2 0.49687498807907104 0.49166667461395264 0.4828124940395355 0.5145833492279053 0.4828124940395355 0.5208333134651184 0.4937500059604645 0.5333333611488342 0.5015624761581421 0.5375000238418579 0.5218750238418579 0.518750011920929 0.5249999761581421 0.518750011920929 0.5015624761581421 0.49166667461395264
2 0.4359374940395355 0.6395833492279053 0.42656248807907104 0.65625 0.42656248807907104 0.6625000238418579 0.4546875059604645 0.6875 0.45781248807907104 0.6875 0.4703125059604645 0.6625000238418579 0.4703125059604645 0.6541666388511658 0.44843751192092896 0.6333333253860474
2 0.4281249940395355 0.6729166507720947 0.421875 0.6729166507720947 0.39375001192092896 0.6875 0.39375001192092896 0.6979166865348816 0.40156251192092896 0.7229166626930237 0.40625 0.7229166626930237 0.4359374940395355 0.706250011920929 0.4359374940395355 0.699999988079071