2 0.5718749761581421 0.6083333492279053 0.557812511920929 0.6354166865348816 0.557812511920929 0.6416666507720947 0.5859375 0.6666666865348816 0.589062511920929 0.6666666865348816 0.6015625 0.6416666507720947 0.6015625 0.6333333253860474 0.574999988079071 0.6083333492279053
2 0.504687488079071 0.6479166746139526 0.4906249940395355 0.6708333492279053 0.4906249940395355 0.6770833134651184 0.510937511920929 0.699999988079071 0.518750011920929 0.7041666507720947 0.5328124761581421 0.6833333373069763 0.5328124761581421 0.675000011920929 0.5093749761581421 0.6479166746139526
2 0.5015624761581421 0.5708333253860474 0.48750001192092896 0.5979166626930237 0.48750001192092896 0.6041666865348816 0.515625 0.6291666626930237 0.518750011920929 0.6291666626930237 0.53125 0.6041666865348816 0.53125 0.5958333611488342 0.504687488079071 0.5708333253860474
2 0.44999998807907104 0.6041666865348816 0.4437499940395355 0.6041666865348816 0.4156250059604645 0.6187499761581421 0.4156250059604645 0.6291666626930237 0.4234375059604645 0.6541666388511658 0.4281249940395355 0.6541666388511658 0.45781248807907104 0.637499988079071 0.45781248807907104 0.6312500238418579
2 0.6234375238418579 0.5979166626930237 0.609375 0.625 0.609375 0.6312500238418579 0.637499988079071 0.65625 0.640625 0.65625 0.653124988079071 0.6312500238418579 0.653124988079071 0.6229166388511658 0.6265624761581421 0.5979166626930237
2 0.4671874940395355 0.6187499761581421 0.45625001192092896 0.6187499761581421 0.4593749940395355 0.637499988079071 0.453125 0.643750011920929 0.44218748807907104 0.6479166746139526 0.4437499940395355 0.6729166507720947 0.47187501192092896 0.6666666865348816
2 0.47187501192092896 0.643750011920929 0.47343748807907104 0.6666666865348816 0.4703125059604645 0.6708333492279053 0.45625001192092896 0.6729166507720947 0.4765625 0.6958333253860474 0.484375 0.699999988079071 0.49531251192092896 0.6833333373069763 0.48906248807907104 0.6770833134651184 0.48906248807907104 0.6708333492279053 0.4937500059604645 0.6645833253860474 0.47968751192092896 0.6479166746139526
2 0.546875 0.6000000238418579 0.542187511920929 0.6000000238418579 0.5296875238418579 0.6104166507720947 0.518750011920929 0.6312500238418579 0.515625 0.6312500238418579 0.518750011920929 0.637499988079071 0.518750011920929 0.643750011920929 0.528124988079071 0.65625 0.534375011920929 0.6541666388511658 0.559374988079071 0.6312500238418579 0.557812511920929 0.6208333373069763
2 0.640625 0.6583333611488342 0.640625 0.675000011920929 0.6781250238418579 0.675000011920929 0.6781250238418579 0.637499988079071 0.651562511920929 0.637499988079071
2 0.612500011920929 0.6645833253860474 0.5843750238418579 0.668749988079071 0.589062511920929 0.71875 0.6171875 0.7124999761581421
2 0.4281249940395355 0.5083333253860474 0.4140625 0.53125 0.4140625 0.5375000238418579 0.43437498807907104 0.5604166388511658 0.44218748807907104 0.5645833611488342 0.45625001192092896 0.543749988079071 0.45625001192092896 0.5354166626930237 0.43281251192092896 0.5083333253860474
2 0.4140625 0.6291666626930237 0.4000000059604645 0.65625 0.4000000059604645 0.6625000238418579 0.4281249940395355 0.6875 0.4312500059604645 0.6875 0.44062501192092896 0.668749988079071 0.44062501192092896 0.6499999761581421 0.4234375059604645 0.65625
2 0.5640624761581421 0.49166667461395264 0.557812511920929 0.49166667461395264 0.5296875238418579 0.5062500238418579 0.5296875238418579 0.5166666507720947 0.5375000238418579 0.5416666865348816 0.542187511920929 0.5416666865348816 0.5718749761581421 0.5249999761581421 0.5718749761581421 0.518750011920929
2 0.5171874761581421 0.5354166626930237 0.5171874761581421 0.5729166865348816 0.5546875 0.5729166865348816 0.5546875 0.5375000238418579 0.5375000238418579 0.543749988079071 0.534375011920929 0.5354166626930237
2 0.46406251192092896 0.4895833432674408 0.44062501192092896 0.5041666626930237 0.4437499940395355 0.518750011920929 0.45781248807907104 0.5354166626930237 0.45625001192092896 0.5479166507720947 0.4609375 0.5479166507720947 0.48124998807907104 0.5333333611488342 0.4765625 0.5166666507720947
2 0.589062511920929 0.5104166865348816 0.5718749761581421 0.512499988079071 0.573437511920929 0.5249999761581421 0.5625 0.5333333611488342 0.565625011920929 0.5645833611488342 0.59375 0.5583333373069763