2 0.6656249761581421 0.5 0.659375011920929 0.5 0.6312500238418579 0.5145833492279053 0.6312500238418579 0.5249999761581421 0.6390625238418579 0.550000011920929 0.643750011920929 0.550000011920929 0.6734374761581421 0.5333333611488342 0.6734374761581421 0.5270833373069763
2 0.4234375059604645 0.6083333492279053 0.4078125059604645 0.6395833492279053 0.40625 0.6499999761581421 0.421875 0.6645833253860474 0.4296875 0.6666666865348816 0.4453125 0.6354166865348816 0.4468750059604645 0.625 0.4296875 0.6083333492279053
2 0.4515624940395355 0.5395833253860474 0.4468750059604645 0.5395833253860474 0.4203124940395355 0.5625 0.4234375059604645 0.5833333134651184 0.43281251192092896 0.5958333611488342 0.4390625059604645 0.59375 0.46406251192092896 0.5708333253860474 0.4625000059604645 0.5604166388511658
2 0.609375 0.5395833253860474 0.59375 0.5708333253860474 0.5921875238418579 0.581250011920929 0.6078125238418579 0.5958333611488342 0.6156250238418579 0.5979166626930237 0.6312500238418579 0.5666666626930237 0.6328125 0.5562499761581421 0.6156250238418579 0.5395833253860474
2 0.5921875238418579 0.49791666865348816 0.5859375 0.49791666865348816 0.557812511920929 0.512499988079071 0.557812511920929 0.5229166746139526 0.565625011920929 0.5479166507720947 0.5703125 0.5479166507720947 0.6000000238418579 0.53125 0.6000000238418579 0.5249999761581421
2 0.526562511920929 0.6083333492279053 0.512499988079071 0.6354166865348816 0.512499988079071 0.6416666507720947 0.5406249761581421 0.6666666865348816 0.543749988079071 0.6666666865348816 0.5562499761581421 0.6416666507720947 0.5562499761581421 0.6333333253860474 0.5296875238418579 0.6083333492279053
2 0.557812511920929 0.6166666746139526 0.5531250238418579 0.625 0.557812511920929 0.6333333253860474 0.557812511920929 0.6416666507720947 0.551562488079071 0.65625 0.5718749761581421 0.675000011920929 0.574999988079071 0.675000011920929 0.5874999761581421 0.6499999761581421 0.5874999761581421 0.6416666507720947 0.5609375238418579 0.6166666746139526
2 0.48750001192092896 0.512499988079071 0.47343748807907104 0.5395833253860474 0.47343748807907104 0.5458333492279053 0.5015624761581421 0.5708333253860474 0.504687488079071 0.5708333253860474 0.5171874761581421 0.5458333492279053 0.5171874761581421 0.5375000238418579 0.4906249940395355 0.512499988079071
2 0.5843750238418579 0.6583333611488342 0.578125 0.6729166507720947 0.573437511920929 0.6770833134651184 0.567187488079071 0.6895833611488342 0.565625011920929 0.699999988079071 0.581250011920929 0.7145833373069763 0.589062511920929 0.7166666388511658 0.604687511920929 0.6854166388511658 0.606249988079071 0.675000011920929 0.589062511920929 0.6583333611488342
2 0.5609375238418579 0.6666666865348816 0.557812511920929 0.6666666865348816 0.53125 0.6895833611488342 0.534375011920929 0.7104166746139526 0.543749988079071 0.7229166626930237 0.550000011920929 0.7208333611488342 0.5687500238418579 0.7041666507720947 0.5640624761581421 0.699999988079071 0.5640624761581421 0.6937500238418579 0.5703125 0.6812499761581421
2 0.47187501192092896 0.4729166626930237 0.45781248807907104 0.4958333373069763 0.45781248807907104 0.5020833611488342 0.47968751192092896 0.5249999761581421 0.48750001192092896 0.5104166865348816 0.49531251192092896 0.5145833492279053 0.5 0.5083333253860474 0.5 0.5 0.4765625 0.4729166626930237
2 0.4609375 0.5062500238418579 0.45625001192092896 0.5041666626930237 0.4281249940395355 0.518750011920929 0.4281249940395355 0.5291666388511658 0.43437498807907104 0.5479166507720947 0.4468750059604645 0.5375000238418579 0.4515624940395355 0.5375000238418579 0.45625001192092896 0.5458333492279053 0.4703125059604645 0.5375000238418579 0.46875 0.5249999761581421
2 0.604687511920929 0.5 0.6078125238418579 0.5416666865348816 0.609375 0.5375000238418579 0.6156250238418579 0.5375000238418579 0.6265624761581421 0.5479166507720947 0.635937511920929 0.5458333492279053 0.629687488079071 0.5249999761581421 0.629687488079071 0.5145833492279053 0.6343749761581421 0.5104166865348816 0.6328125 0.4958333373069763
2 0.4609375 0.6645833253860474 0.4546875059604645 0.6645833253860474 0.42656248807907104 0.6791666746139526 0.42656248807907104 0.6895833611488342 0.43437498807907104 0.7145833373069763 0.4390625059604645 0.7145833373069763 0.46875 0.6979166865348816 0.46875 0.6916666626930237
2 0.4671874940395355 0.5895833373069763 0.4671874940395355 0.6270833611488342 0.504687488079071 0.6270833611488342 0.504687488079071 0.5895833373069763