2 0.4296875 0.668749988079071 0.4234375059604645 0.668749988079071 0.39531248807907104 0.6833333373069763 0.39531248807907104 0.6937500238418579 0.40312498807907104 0.71875 0.4078125059604645 0.71875 0.4375 0.7020833492279053 0.4375 0.6958333253860474
2 0.6187499761581421 0.637499988079071 0.612500011920929 0.637499988079071 0.5843750238418579 0.6520833373069763 0.5843750238418579 0.6625000238418579 0.5921875238418579 0.6875 0.596875011920929 0.6875 0.6265624761581421 0.6708333492279053 0.6265624761581421 0.6645833253860474
2 0.581250011920929 0.625 0.5765625238418579 0.625 0.550000011920929 0.6479166746139526 0.5531250238418579 0.668749988079071 0.5625 0.6812499761581421 0.5687500238418579 0.6791666746139526 0.5843750238418579 0.6645833253860474 0.582812488079071 0.6520833373069763 0.5921875238418579 0.6458333134651184
2 0.4781250059604645 0.6270833611488342 0.4625000059604645 0.6583333611488342 0.4609375 0.668749988079071 0.4765625 0.6833333373069763 0.484375 0.6854166388511658 0.5 0.6541666388511658 0.5015624761581421 0.643750011920929 0.484375 0.6270833611488342
2 0.6484375 0.5770833492279053 0.625 0.5916666388511658 0.625 0.5979166626930237 0.640625 0.6354166865348816 0.645312488079071 0.6354166865348816 0.6656249761581421 0.6208333373069763 0.660937488079071 0.6041666865348816
2 0.534375011920929 0.5 0.510937511920929 0.5145833492279053 0.510937511920929 0.5208333134651184 0.526562511920929 0.5583333373069763 0.53125 0.5583333373069763 0.551562488079071 0.543749988079071 0.546875 0.5270833373069763
2 0.574999988079071 0.49166667461395264 0.5687500238418579 0.49166667461395264 0.5406249761581421 0.5062500238418579 0.5531250238418579 0.5416666865348816 0.582812488079071 0.5249999761581421 0.582812488079071 0.518750011920929
2 0.6499999761581421 0.4791666567325592 0.635937511920929 0.5062500238418579 0.635937511920929 0.512499988079071 0.6640625 0.5375000238418579 0.667187511920929 0.5375000238418579 0.6796875 0.512499988079071 0.6796875 0.5041666626930237 0.653124988079071 0.4791666567325592
2 0.621874988079071 0.550000011920929 0.6171875 0.550000011920929 0.590624988079071 0.5729166865348816 0.59375 0.59375 0.6031249761581421 0.606249988079071 0.609375 0.6041666865348816 0.6343749761581421 0.581250011920929 0.6328125 0.5708333253860474
2 0.503125011920929 0.5062500238418579 0.49687498807907104 0.5062500238418579 0.46875 0.5208333134651184 0.46875 0.53125 0.4765625 0.5562499761581421 0.48124998807907104 0.5562499761581421 0.510937511920929 0.5395833253860474 0.510937511920929 0.5333333611488342
2 0.4234375059604645 0.4958333373069763 0.39531248807907104 0.5 0.4000000059604645 0.550000011920929 0.4281249940395355 0.543749988079071
2 0.4437499940395355 0.6020833253860474 0.4375 0.6020833253860474 0.40937501192092896 0.6166666746139526 0.40937501192092896 0.6270833611488342 0.41718751192092896 0.6520833373069763 0.421875 0.6520833373069763 0.4515624940395355 0.6354166865348816 0.4515624940395355 0.6291666626930237
2 0.49687498807907104 0.47083333134651184 0.4921875 0.47083333134651184 0.46562498807907104 0.4937500059604645 0.46562498807907104 0.5020833611488342 0.4703125059604645 0.5166666507720947 0.47968751192092896 0.5145833492279053 0.49687498807907104 0.5041666626930237 0.5062500238418579 0.5062500238418579 0.5093749761581421 0.5020833611488342 0.5078125 0.49166667461395264