2 0.550000011920929 0.512499988079071 0.5218750238418579 0.5166666507720947 0.526562511920929 0.5666666626930237 0.5546875 0.5604166388511658
2 0.635937511920929 0.550000011920929 0.6312500238418579 0.550000011920929 0.604687511920929 0.5729166865348816 0.6078125238418579 0.59375 0.6171875 0.606249988079071 0.6234375238418579 0.6041666865348816 0.6484375 0.581250011920929 0.6468750238418579 0.5708333253860474
2 0.528124988079071 0.6083333492279053 0.512499988079071 0.6395833492279053 0.510937511920929 0.6499999761581421 0.526562511920929 0.6645833253860474 0.534375011920929 0.6666666865348816 0.550000011920929 0.6354166865348816 0.551562488079071 0.625 0.534375011920929 0.6083333492279053
2 0.5531250238418579 0.574999988079071 0.5390625 0.5979166626930237 0.5390625 0.6041666865348816 0.559374988079071 0.6270833611488342 0.567187488079071 0.6312500238418579 0.581250011920929 0.6104166507720947 0.581250011920929 0.6020833253860474 0.557812511920929 0.574999988079071
2 0.5546875 0.46666666865348816 0.5406249761581421 0.4937500059604645 0.5406249761581421 0.5 0.5687500238418579 0.5249999761581421 0.5718749761581421 0.5249999761581421 0.5843750238418579 0.5 0.5843750238418579 0.49166667461395264 0.557812511920929 0.46666666865348816
2 0.6484375 0.6020833253860474 0.6343749761581421 0.625 0.6343749761581421 0.6312500238418579 0.6546875238418579 0.6541666388511658 0.6625000238418579 0.6583333611488342 0.676562488079071 0.637499988079071 0.676562488079071 0.6291666626930237 0.653124988079071 0.6020833253860474
2 0.4609375 0.47083333134651184 0.4546875059604645 0.47083333134651184 0.42656248807907104 0.4854166805744171 0.42656248807907104 0.4958333373069763 0.43437498807907104 0.5208333134651184 0.4390625059604645 0.5208333134651184 0.46875 0.5041666626930237 0.46875 0.49791666865348816
2 0.609375 0.6312500238418579 0.6031249761581421 0.6312500238418579 0.574999988079071 0.6458333134651184 0.574999988079071 0.65625 0.582812488079071 0.6812499761581421 0.5874999761581421 0.6812499761581421 0.6171875 0.6645833253860474 0.6171875 0.6583333611488342
2 0.4593749940395355 0.5166666507720947 0.4546875059604645 0.5166666507720947 0.4281249940395355 0.5395833253860474 0.4312500059604645 0.5604166388511658 0.44062501192092896 0.5729166865348816 0.4468750059604645 0.5708333253860474 0.47187501192092896 0.5479166507720947 0.4703125059604645 0.5375000238418579
2 0.559374988079071 0.5333333611488342 0.559374988079071 0.5708333253860474 0.596875011920929 0.5708333253860474 0.596875011920929 0.5333333611488342
2 0.675000011920929 0.5041666626930237 0.6468750238418579 0.5083333253860474 0.651562511920929 0.5583333373069763 0.6796875 0.5520833134651184
2 0.4937500059604645 0.5520833134651184 0.47968751192092896 0.5791666507720947 0.47968751192092896 0.5854166746139526 0.5078125 0.6104166507720947 0.510937511920929 0.6104166507720947 0.5234375 0.5854166746139526 0.5234375 0.5770833492279053 0.49687498807907104 0.5520833134651184
2 0.606249988079071 0.5895833373069763 0.596875011920929 0.5958333611488342 0.5953124761581421 0.6041666865348816 0.604687511920929 0.6270833611488342 0.609375 0.6291666626930237 0.612500011920929 0.6395833492279053 0.6156250238418579 0.6416666507720947 0.6328125 0.6291666626930237 0.6343749761581421 0.6187499761581421 0.6265624761581421 0.6020833253860474 0.6234375238418579 0.606249988079071 0.6171875 0.6083333492279053 0.606249988079071 0.59375
2 0.42500001192092896 0.574999988079071 0.3968749940395355 0.5791666507720947 0.40156251192092896 0.6291666626930237 0.4296875 0.6229166388511658