3 0.5140625238418579 0.5229166746139526 0.504687488079071 0.5270833373069763 0.484375 0.543749988079071 0.484375 0.5520833134651184 0.4921875 0.5708333253860474 0.4984374940395355 0.5687500238418579 0.5234375 0.5479166507720947 0.5234375 0.543749988079071
3 0.6421874761581421 0.6229166388511658 0.6390625238418579 0.6229166388511658 0.6187499761581421 0.6541666388511658 0.6187499761581421 0.6604166626930237 0.6312500238418579 0.675000011920929 0.635937511920929 0.675000011920929 0.6546875238418579 0.643750011920929 0.6546875238418579 0.637499988079071
3 0.41093748807907104 0.5 0.40937501192092896 0.5249999761581421 0.4124999940395355 0.5270833373069763 0.4124999940395355 0.53125 0.4453125 0.5375000238418579 0.44843751192092896 0.5062500238418579 0.4234375059604645 0.5020833611488342 0.421875 0.5
3 0.59375 0.5541666746139526 0.5859375 0.5791666507720947 0.614062488079071 0.5979166626930237 0.6187499761581421 0.5979166626930237 0.6265624761581421 0.5729166865348816 0.6000000238418579 0.5541666746139526
3 0.453125 0.6666666865348816 0.4437499940395355 0.6708333492279053 0.4234375059604645 0.6875 0.4234375059604645 0.6958333253860474 0.4312500059604645 0.7145833373069763 0.4375 0.7124999761581421 0.4625000059604645 0.6916666626930237 0.4625000059604645 0.6875
3 0.40156251192092896 0.5645833611488342 0.3984375 0.59375 0.4234375059604645 0.5979166626930237 0.42500001192092896 0.6000000238418579 0.43437498807907104 0.6000000238418579 0.4359374940395355 0.5708333253860474
3 0.453125 0.543749988079071 0.4468750059604645 0.5354166626930237 0.4453125 0.5395833253860474 0.4312500059604645 0.5375000238418579 0.41718751192092896 0.5604166388511658 0.41718751192092896 0.5645833611488342 0.4359374940395355 0.5687500238418579 0.4375 0.5708333253860474 0.4375 0.5770833492279053 0.4515624940395355 0.5541666746139526
3 0.578125 0.6708333492279053 0.5687500238418579 0.675000011920929 0.5484374761581421 0.6916666626930237 0.5484374761581421 0.699999988079071 0.5562499761581421 0.71875 0.5625 0.7166666388511658 0.5874999761581421 0.6958333253860474 0.5874999761581421 0.6916666626930237
3 0.645312488079071 0.5333333611488342 0.643750011920929 0.5583333373069763 0.6468750238418579 0.5604166388511658 0.6468750238418579 0.5645833611488342 0.6796875 0.5708333253860474 0.682812511920929 0.5395833253860474 0.6578124761581421 0.5354166626930237 0.65625 0.5333333611488342
3 0.5531250238418579 0.6041666865348816 0.5390625 0.6187499761581421 0.5390625 0.6229166388511658 0.557812511920929 0.6583333611488342 0.5609375238418579 0.6583333611488342 0.574999988079071 0.643750011920929 0.574999988079071 0.6395833492279053 0.5609375238418579 0.6145833134651184 0.559374988079071 0.6083333492279053 0.5562499761581421 0.6041666865348816
3 0.5843750238418579 0.6791666746139526 0.589062511920929 0.6958333253860474 0.581250011920929 0.7041666507720947 0.581250011920929 0.7083333134651184 0.6171875 0.7145833373069763 0.6187499761581421 0.6854166388511658
3 0.512499988079071 0.5583333373069763 0.49531251192092896 0.5729166865348816 0.4921875 0.5729166865348816 0.4906249940395355 0.5687500238418579 0.48124998807907104 0.581250011920929 0.48124998807907104 0.5854166746139526 0.49531251192092896 0.6041666865348816 0.4984374940395355 0.6041666865348816 0.5171874761581421 0.5770833492279053 0.5171874761581421 0.5645833611488342
3 0.4546875059604645 0.6666666865348816 0.46406251192092896 0.6875 0.46406251192092896 0.6916666626930237 0.4593749940395355 0.6979166865348816 0.48750001192092896 0.7020833492279053 0.48906248807907104 0.6729166507720947
3 0.5078125 0.6458333134651184 0.5 0.6708333492279053 0.528124988079071 0.6895833611488342 0.5328124761581421 0.6895833611488342 0.5406249761581421 0.6645833253860474 0.5140625238418579 0.6458333134651184
3 0.5093749761581421 0.47708332538604736 0.503125011920929 0.4791666567325592 0.4828124940395355 0.5062500238418579 0.4828124940395355 0.5104166865348816 0.49687498807907104 0.5291666388511658 0.5 0.5291666388511658 0.518750011920929 0.5020833611488342 0.518750011920929 0.4895833432674408