3 0.4749999940395355 0.6666666865348816 0.47343748807907104 0.6916666626930237 0.4765625 0.6937500238418579 0.4765625 0.6979166865348816 0.5093749761581421 0.7041666507720947 0.512499988079071 0.6729166507720947 0.48750001192092896 0.668749988079071 0.4859375059604645 0.6666666865348816
3 0.6625000238418579 0.574999988079071 0.659375011920929 0.574999988079071 0.6390625238418579 0.606249988079071 0.6390625238418579 0.612500011920929 0.651562511920929 0.6270833611488342 0.65625 0.6270833611488342 0.675000011920929 0.5958333611488342 0.675000011920929 0.5895833373069763
3 0.643750011920929 0.6208333373069763 0.6343749761581421 0.625 0.614062488079071 0.6416666507720947 0.614062488079071 0.6499999761581421 0.621874988079071 0.668749988079071 0.628125011920929 0.6666666865348816 0.653124988079071 0.6458333134651184 0.653124988079071 0.6416666507720947
3 0.567187488079071 0.5854166746139526 0.5640624761581421 0.5854166746139526 0.543749988079071 0.6166666746139526 0.543749988079071 0.6229166388511658 0.5562499761581421 0.637499988079071 0.5609375238418579 0.637499988079071 0.5796874761581421 0.606249988079071 0.5796874761581421 0.6000000238418579
3 0.625 0.6000000238418579 0.621874988079071 0.6000000238418579 0.6015625 0.6312500238418579 0.6015625 0.637499988079071 0.614062488079071 0.6520833373069763 0.612500011920929 0.6499999761581421 0.612500011920929 0.6416666507720947 0.637499988079071 0.6208333373069763 0.637499988079071 0.6145833134651184
3 0.6343749761581421 0.5166666507720947 0.625 0.5208333134651184 0.604687511920929 0.5375000238418579 0.604687511920929 0.5458333492279053 0.612500011920929 0.5645833611488342 0.6187499761581421 0.5625 0.643750011920929 0.5416666865348816 0.643750011920929 0.5375000238418579
3 0.4921875 0.6166666746139526 0.4781250059604645 0.6541666388511658 0.4781250059604645 0.6583333611488342 0.4906249940395355 0.6666666865348816 0.4984374940395355 0.668749988079071 0.512499988079071 0.6312500238418579 0.512499988079071 0.6270833611488342 0.4984374940395355 0.6166666746139526
3 0.45625001192092896 0.675000011920929 0.453125 0.675000011920929 0.43281251192092896 0.706250011920929 0.43281251192092896 0.7124999761581421 0.4453125 0.7270833253860474 0.44999998807907104 0.7270833253860474 0.46875 0.6958333253860474 0.46875 0.6895833611488342
3 0.6656249761581421 0.637499988079071 0.659375011920929 0.6395833492279053 0.6390625238418579 0.6666666865348816 0.6390625238418579 0.6708333492279053 0.653124988079071 0.6895833611488342 0.65625 0.6895833611488342 0.675000011920929 0.6625000238418579 0.675000011920929 0.6499999761581421
3 0.5390625 0.6354166865348816 0.5328124761581421 0.637499988079071 0.512499988079071 0.6645833253860474 0.512499988079071 0.668749988079071 0.526562511920929 0.6875 0.5296875238418579 0.6875 0.5484374761581421 0.6604166626930237 0.5484374761581421 0.6479166746139526
3 0.4375 0.5041666626930237 0.43437498807907104 0.5333333611488342 0.4593749940395355 0.5375000238418579 0.4609375 0.5395833253860474 0.4703125059604645 0.5395833253860474 0.47187501192092896 0.5104166865348816