3 0.528124988079071 0.5833333134651184 0.518750011920929 0.5874999761581421 0.4984374940395355 0.6041666865348816 0.4984374940395355 0.612500011920929 0.5062500238418579 0.6312500238418579 0.512499988079071 0.6291666626930237 0.5375000238418579 0.6083333492279053 0.5375000238418579 0.6041666865348816
3 0.5531250238418579 0.47083333134651184 0.543749988079071 0.4749999940395355 0.5234375 0.49166667461395264 0.5234375 0.5 0.53125 0.518750011920929 0.5375000238418579 0.5166666507720947 0.5625 0.4958333373069763 0.5625 0.49166667461395264
3 0.596875011920929 0.6291666626930237 0.5874999761581421 0.6333333253860474 0.567187488079071 0.6499999761581421 0.567187488079071 0.6583333611488342 0.574999988079071 0.6770833134651184 0.581250011920929 0.675000011920929 0.606249988079071 0.6541666388511658 0.606249988079071 0.6499999761581421
3 0.41718751192092896 0.6645833253860474 0.4140625 0.6645833253860474 0.39375001192092896 0.6958333253860474 0.39375001192092896 0.7020833492279053 0.40625 0.7166666388511658 0.41093748807907104 0.7166666388511658 0.4296875 0.6854166388511658 0.4296875 0.6791666746139526
3 0.604687511920929 0.5520833134651184 0.590624988079071 0.5895833373069763 0.590624988079071 0.59375 0.606249988079071 0.6041666865348816 0.6109374761581421 0.6041666865348816 0.625 0.5666666626930237 0.625 0.5625 0.6109374761581421 0.5520833134651184
3 0.4984374940395355 0.6166666746139526 0.49687498807907104 0.6416666507720947 0.5 0.643750011920929 0.5 0.6479166746139526 0.5328124761581421 0.6541666388511658 0.535937488079071 0.6229166388511658 0.5249999761581421 0.6208333373069763 0.512499988079071 0.6312500238418579 0.5062500238418579 0.6333333253860474
3 0.614062488079071 0.47708332538604736 0.6109374761581421 0.5062500238418579 0.635937511920929 0.5104166865348816 0.637499988079071 0.512499988079071 0.6468750238418579 0.512499988079071 0.6484375 0.4833333194255829
3 0.6546875238418579 0.6395833492279053 0.643750011920929 0.6416666507720947 0.629687488079071 0.6729166507720947 0.629687488079071 0.6770833134651184 0.645312488079071 0.6895833611488342 0.6484375 0.6895833611488342 0.651562511920929 0.6854166388511658 0.6656249761581421 0.6520833373069763 0.6656249761581421 0.6479166746139526
3 0.6390625238418579 0.5375000238418579 0.628125011920929 0.5395833253860474 0.620312511920929 0.5562499761581421 0.6265624761581421 0.5625 0.621874988079071 0.581250011920929 0.629687488079071 0.5874999761581421 0.6328125 0.5874999761581421 0.635937511920929 0.5833333134651184 0.6499999761581421 0.550000011920929 0.6499999761581421 0.5458333492279053
3 0.47343748807907104 0.6000000238418579 0.4625000059604645 0.6020833253860474 0.44843751192092896 0.6333333253860474 0.44843751192092896 0.637499988079071 0.46406251192092896 0.6499999761581421 0.4671874940395355 0.6499999761581421 0.4703125059604645 0.6458333134651184 0.484375 0.612500011920929 0.484375 0.6083333492279053
3 0.582812488079071 0.512499988079071 0.574999988079071 0.5333333611488342 0.574999988079071 0.5375000238418579 0.6000000238418579 0.5541666746139526 0.6031249761581421 0.5541666746139526 0.604687511920929 0.550000011920929 0.609375 0.550000011920929 0.6156250238418579 0.5354166626930237 0.6156250238418579 0.53125 0.589062511920929 0.512499988079071
3 0.484375 0.46875 0.4703125059604645 0.5062500238418579 0.4703125059604645 0.5104166865348816 0.4859375059604645 0.5208333134651184 0.4906249940395355 0.5208333134651184 0.504687488079071 0.4833333194255829 0.504687488079071 0.4791666567325592 0.4906249940395355 0.46875
3 0.6328125 0.5895833373069763 0.6328125 0.59375 0.6656249761581421 0.6000000238418579 0.668749988079071 0.5687500238418579 0.645312488079071 0.5645833611488342 0.637499988079071 0.5833333134651184
3 0.47187501192092896 0.5645833611488342 0.4703125059604645 0.5895833373069763 0.47343748807907104 0.5916666388511658 0.47343748807907104 0.5958333611488342 0.48124998807907104 0.5958333611488342 0.4921875 0.6000000238418579 0.5015624761581421 0.6000000238418579 0.5078125 0.5958333611488342 0.5093749761581421 0.5708333253860474 0.484375 0.5666666626930237 0.4828124940395355 0.5645833611488342
3 0.5531250238418579 0.5395833253860474 0.542187511920929 0.5416666865348816 0.528124988079071 0.5729166865348816 0.528124988079071 0.5770833492279053 0.543749988079071 0.5895833373069763 0.546875 0.5895833373069763 0.550000011920929 0.5854166746139526 0.5640624761581421 0.5520833134651184 0.5640624761581421 0.5479166507720947
3 0.4593749940395355 0.6520833373069763 0.45625001192092896 0.6520833373069763 0.4359374940395355 0.6833333373069763 0.4359374940395355 0.6895833611488342 0.44843751192092896 0.7041666507720947 0.453125 0.7041666507720947 0.47187501192092896 0.6729166507720947 0.47187501192092896 0.6666666865348816