3 0.5718749761581421 0.5687500238418579 0.565625011920929 0.5708333253860474 0.5453125238418579 0.5979166626930237 0.5453125238418579 0.6020833253860474 0.559374988079071 0.6208333373069763 0.5625 0.6208333373069763 0.581250011920929 0.59375 0.581250011920929 0.581250011920929
3 0.47343748807907104 0.5729166865348816 0.46406251192092896 0.5770833492279053 0.4437499940395355 0.59375 0.4437499940395355 0.6020833253860474 0.4515624940395355 0.6208333373069763 0.45781248807907104 0.6187499761581421 0.4828124940395355 0.5979166626930237 0.4828124940395355 0.59375
3 0.6265624761581421 0.4958333373069763 0.620312511920929 0.49791666865348816 0.6000000238418579 0.5249999761581421 0.6000000238418579 0.5291666388511658 0.614062488079071 0.5479166507720947 0.6171875 0.5479166507720947 0.635937511920929 0.5208333134651184 0.635937511920929 0.5083333253860474
3 0.5296875238418579 0.6541666388511658 0.526562511920929 0.6541666388511658 0.5062500238418579 0.6854166388511658 0.5062500238418579 0.6916666626930237 0.518750011920929 0.706250011920929 0.5234375 0.706250011920929 0.542187511920929 0.675000011920929 0.542187511920929 0.668749988079071
3 0.604687511920929 0.6625000238418579 0.6015625 0.6625000238418579 0.581250011920929 0.6937500238418579 0.581250011920929 0.699999988079071 0.59375 0.7145833373069763 0.598437488079071 0.7145833373069763 0.6171875 0.6833333373069763 0.6171875 0.6770833134651184
3 0.598437488079071 0.5458333492279053 0.596875011920929 0.5708333253860474 0.6000000238418579 0.5729166865348816 0.6000000238418579 0.5770833492279053 0.6328125 0.5833333134651184 0.635937511920929 0.5520833134651184 0.6187499761581421 0.5479166507720947 0.614062488079071 0.550000011920929 0.609375 0.5458333492279053
3 0.47968751192092896 0.4791666567325592 0.4781250059604645 0.5041666626930237 0.48124998807907104 0.5062500238418579 0.48124998807907104 0.5104166865348816 0.5140625238418579 0.5166666507720947 0.5171874761581421 0.4854166805744171 0.4921875 0.48124998807907104 0.4906249940395355 0.4791666567325592
3 0.6265624761581421 0.6729166507720947 0.6234375238418579 0.7020833492279053 0.6484375 0.706250011920929 0.6499999761581421 0.7083333134651184 0.659375011920929 0.7083333134651184 0.660937488079071 0.6791666746139526
3 0.5062500238418579 0.5208333134651184 0.49687498807907104 0.5249999761581421 0.4765625 0.5416666865348816 0.4765625 0.550000011920929 0.484375 0.5687500238418579 0.4906249940395355 0.5666666626930237 0.515625 0.5458333492279053 0.515625 0.5416666865348816
3 0.421875 0.518750011920929 0.41874998807907104 0.5479166507720947 0.4437499940395355 0.5520833134651184 0.4453125 0.5541666746139526 0.4546875059604645 0.5541666746139526 0.45625001192092896 0.5249999761581421
3 0.604687511920929 0.48750001192092896 0.5953124761581421 0.49166667461395264 0.574999988079071 0.5083333253860474 0.574999988079071 0.5166666507720947 0.582812488079071 0.5354166626930237 0.5859375 0.5354166626930237 0.596875011920929 0.5270833373069763 0.612500011920929 0.5083333253860474 0.612500011920929 0.5041666626930237
3 0.5328124761581421 0.4749999940395355 0.53125 0.5 0.534375011920929 0.5020833611488342 0.534375011920929 0.5062500238418579 0.567187488079071 0.512499988079071 0.5703125 0.48124998807907104 0.5453125238418579 0.47708332538604736 0.543749988079071 0.4749999940395355
3 0.503125011920929 0.5625 0.48906248807907104 0.6000000238418579 0.48906248807907104 0.6041666865348816 0.504687488079071 0.6145833134651184 0.5093749761581421 0.6145833134651184 0.5234375 0.5770833492279053 0.5234375 0.5729166865348816 0.5093749761581421 0.5625
3 0.6156250238418579 0.581250011920929 0.6031249761581421 0.6145833134651184 0.6031249761581421 0.6187499761581421 0.6187499761581421 0.6291666626930237 0.6234375238418579 0.6291666626930237 0.637499988079071 0.5916666388511658 0.637499988079071 0.5874999761581421 0.635937511920929 0.5854166746139526
3 0.46562498807907104 0.65625 0.4515624940395355 0.6937500238418579 0.4515624940395355 0.6979166865348816 0.4671874940395355 0.7083333134651184 0.47187501192092896 0.7083333134651184 0.4859375059604645 0.6708333492279053 0.4859375059604645 0.6666666865348816 0.47187501192092896 0.65625