3 0.5453125238418579 0.6145833134651184 0.542187511920929 0.643750011920929 0.567187488079071 0.6479166746139526 0.5687500238418579 0.6499999761581421 0.578125 0.6499999761581421 0.5796874761581421 0.6208333373069763
3 0.6265624761581421 0.4854166805744171 0.6187499761581421 0.5104166865348816 0.6468750238418579 0.5291666388511658 0.651562511920929 0.5291666388511658 0.659375011920929 0.5041666626930237 0.6328125 0.4854166805744171
3 0.6343749761581421 0.5270833373069763 0.620312511920929 0.5645833611488342 0.620312511920929 0.5687500238418579 0.635937511920929 0.5791666507720947 0.640625 0.5791666507720947 0.6546875238418579 0.5416666865348816 0.6546875238418579 0.5375000238418579 0.640625 0.5270833373069763
3 0.550000011920929 0.5562499761581421 0.535937488079071 0.5708333253860474 0.535937488079071 0.574999988079071 0.5546875 0.6104166507720947 0.557812511920929 0.6104166507720947 0.5718749761581421 0.5958333611488342 0.5718749761581421 0.5916666388511658 0.557812511920929 0.5666666626930237 0.5562499761581421 0.5604166388511658 0.5531250238418579 0.5562499761581421
3 0.612500011920929 0.4833333194255829 0.6031249761581421 0.48750001192092896 0.582812488079071 0.5041666626930237 0.582812488079071 0.512499988079071 0.590624988079071 0.53125 0.596875011920929 0.5291666388511658 0.6171875 0.512499988079071 0.6171875 0.5062500238418579 0.620312511920929 0.5
3 0.4828124940395355 0.5208333134651184 0.4749999940395355 0.5458333492279053 0.503125011920929 0.5645833611488342 0.5078125 0.5645833611488342 0.515625 0.5395833253860474 0.48906248807907104 0.5208333134651184
3 0.46562498807907104 0.5708333253860474 0.4515624940395355 0.6083333492279053 0.4515624940395355 0.612500011920929 0.4671874940395355 0.6229166388511658 0.47187501192092896 0.6229166388511658 0.4859375059604645 0.5854166746139526 0.4859375059604645 0.581250011920929 0.47187501192092896 0.5708333253860474
3 0.5296875238418579 0.5270833373069763 0.526562511920929 0.5270833373069763 0.515625 0.5354166626930237 0.5171874761581421 0.543749988079071 0.5093749761581421 0.5645833611488342 0.504687488079071 0.5666666626930237 0.5078125 0.574999988079071 0.5140625238418579 0.5729166865348816 0.5390625 0.5520833134651184 0.5390625 0.5479166507720947
3 0.5171874761581421 0.5041666626930237 0.5078125 0.49166667461395264 0.5015624761581421 0.4937500059604645 0.48124998807907104 0.5229166746139526 0.4828124940395355 0.518750011920929 0.48906248807907104 0.518750011920929 0.5078125 0.53125 0.5171874761581421 0.5166666507720947
3 0.5546875 0.46875 0.5484374761581421 0.47083333134651184 0.528124988079071 0.49791666865348816 0.528124988079071 0.5020833611488342 0.542187511920929 0.5208333134651184 0.5453125238418579 0.5208333134651184 0.5640624761581421 0.4937500059604645 0.5640624761581421 0.48124998807907104
3 0.609375 0.6395833492279053 0.6000000238418579 0.643750011920929 0.5796874761581421 0.6604166626930237 0.5796874761581421 0.668749988079071 0.5874999761581421 0.6875 0.59375 0.6854166388511658 0.6187499761581421 0.6645833253860474 0.6187499761581421 0.6604166626930237