3 0.551562488079071 0.6499999761581421 0.550000011920929 0.675000011920929 0.5531250238418579 0.6770833134651184 0.5531250238418579 0.6812499761581421 0.5859375 0.6875 0.589062511920929 0.65625 0.5640624761581421 0.6520833373069763 0.5625 0.6499999761581421
3 0.4609375 0.5979166626930237 0.453125 0.6229166388511658 0.48124998807907104 0.6416666507720947 0.4859375059604645 0.6416666507720947 0.4937500059604645 0.6166666746139526 0.4671874940395355 0.5979166626930237
3 0.4375 0.543749988079071 0.4234375059604645 0.5583333373069763 0.4234375059604645 0.5625 0.44218748807907104 0.5979166626930237 0.4453125 0.5979166626930237 0.4593749940395355 0.5833333134651184 0.4593749940395355 0.5791666507720947 0.4453125 0.5541666746139526 0.4437499940395355 0.5479166507720947 0.44062501192092896 0.543749988079071
3 0.4828124940395355 0.6854166388511658 0.4749999940395355 0.7104166746139526 0.503125011920929 0.7291666865348816 0.5078125 0.7291666865348816 0.515625 0.7041666507720947 0.48906248807907104 0.6854166388511658
3 0.44843751192092896 0.6312500238418579 0.4468750059604645 0.65625 0.44999998807907104 0.6583333611488342 0.44999998807907104 0.6625000238418579 0.4828124940395355 0.668749988079071 0.4859375059604645 0.643750011920929 0.48124998807907104 0.643750011920929 0.4671874940395355 0.6333333253860474
3 0.596875011920929 0.53125 0.589062511920929 0.5562499761581421 0.6171875 0.574999988079071 0.621874988079071 0.574999988079071 0.629687488079071 0.550000011920929 0.6031249761581421 0.53125
3 0.40625 0.5520833134651184 0.3921875059604645 0.5895833373069763 0.3921875059604645 0.59375 0.4078125059604645 0.6041666865348816 0.4124999940395355 0.6041666865348816 0.42500001192092896 0.5687500238418579 0.421875 0.5583333373069763 0.4124999940395355 0.5520833134651184
3 0.4593749940395355 0.5291666388511658 0.4468750059604645 0.5145833492279053 0.4437499940395355 0.5145833492279053 0.4234375059604645 0.5458333492279053 0.4234375059604645 0.5520833134651184 0.42500001192092896 0.5541666746139526 0.4375 0.5416666865348816 0.44062501192092896 0.5416666865348816 0.4453125 0.5479166507720947 0.4468750059604645 0.5541666746139526 0.44843751192092896 0.5541666746139526 0.45781248807907104 0.5395833253860474
3 0.6187499761581421 0.6208333373069763 0.612500011920929 0.6229166388511658 0.5921875238418579 0.6499999761581421 0.5921875238418579 0.6541666388511658 0.606249988079071 0.6729166507720947 0.609375 0.6729166507720947 0.628125011920929 0.6458333134651184 0.628125011920929 0.6333333253860474
3 0.6390625238418579 0.5604166388511658 0.6312500238418579 0.5541666746139526 0.621874988079071 0.5770833492279053 0.6171875 0.5770833492279053 0.609375 0.5708333253860474 0.6031249761581421 0.5854166746139526 0.6031249761581421 0.5895833373069763 0.6187499761581421 0.6020833253860474 0.621874988079071 0.6020833253860474 0.635937511920929 0.5729166865348816
3 0.6499999761581421 0.4749999940395355 0.635937511920929 0.4895833432674408 0.635937511920929 0.4937500059604645 0.6546875238418579 0.5291666388511658 0.6578124761581421 0.5291666388511658 0.671875 0.5145833492279053 0.671875 0.5104166865348816 0.6578124761581421 0.4854166805744171 0.65625 0.4791666567325592 0.653124988079071 0.4749999940395355
3 0.651562511920929 0.6020833253860474 0.6421874761581421 0.606249988079071 0.621874988079071 0.6229166388511658 0.629687488079071 0.6333333253860474 0.629687488079071 0.6499999761581421 0.635937511920929 0.6479166746139526 0.660937488079071 0.6270833611488342 0.660937488079071 0.6229166388511658