4 0.4546875059604645 0.6187499761581421 0.453125 0.6333333253860474 0.4593749940395355 0.6645833253860474 0.47187501192092896 0.6666666865348816 0.47343748807907104 0.6708333492279053 0.4765625 0.6708333492279053 0.47968751192092896 0.6625000238418579 0.48906248807907104 0.6583333611488342 0.48750001192092896 0.6395833492279053 0.4828124940395355 0.625 0.4828124940395355 0.6166666746139526 0.47968751192092896 0.612500011920929
4 0.518750011920929 0.5354166626930237 0.515625 0.53125 0.4828124940395355 0.5354166626930237 0.48124998807907104 0.550000011920929 0.4765625 0.5541666746139526 0.4765625 0.5583333373069763 0.4828124940395355 0.5625 0.4828124940395355 0.5729166865348816 0.4859375059604645 0.574999988079071 0.5171874761581421 0.5729166865348816 0.520312488079071 0.5687500238418579
4 0.5765625238418579 0.675000011920929 0.573437511920929 0.6708333492279053 0.5406249761581421 0.675000011920929 0.5390625 0.6895833611488342 0.534375011920929 0.6937500238418579 0.534375011920929 0.6979166865348816 0.5406249761581421 0.7020833492279053 0.5406249761581421 0.7124999761581421 0.543749988079071 0.7145833373069763 0.574999988079071 0.7124999761581421 0.578125 0.7083333134651184
4 0.5546875 0.5375000238418579 0.5546875 0.5729166865348816 0.557812511920929 0.574999988079071 0.5874999761581421 0.574999988079071 0.5921875238418579 0.5708333253860474 0.5921875238418579 0.5604166388511658 0.5953124761581421 0.5562499761581421 0.5953124761581421 0.550000011920929 0.590624988079071 0.5416666865348816 0.590624988079071 0.5354166626930237 0.5718749761581421 0.5333333611488342
4 0.551562488079071 0.6291666626930237 0.551562488079071 0.6645833253860474 0.5546875 0.6666666865348816 0.5843750238418579 0.6666666865348816 0.589062511920929 0.6625000238418579 0.589062511920929 0.6520833373069763 0.5921875238418579 0.6479166746139526 0.5921875238418579 0.6416666507720947 0.5874999761581421 0.6333333253860474 0.5874999761581421 0.6270833611488342 0.5687500238418579 0.625
4 0.5218750238418579 0.5583333373069763 0.5218750238418579 0.5687500238418579 0.5171874761581421 0.574999988079071 0.49687498807907104 0.5770833492279053 0.503125011920929 0.6104166507720947 0.515625 0.612500011920929 0.5171874761581421 0.6166666746139526 0.520312488079071 0.6166666746139526 0.5234375 0.6083333492279053 0.5328124761581421 0.6041666865348816 0.53125 0.5854166746139526 0.526562511920929 0.5708333253860474 0.526562511920929 0.5625
4 0.6343749761581421 0.6395833492279053 0.6343749761581421 0.675000011920929 0.637499988079071 0.6770833134651184 0.667187511920929 0.6770833134651184 0.671875 0.6729166507720947 0.671875 0.6625000238418579 0.675000011920929 0.6583333611488342 0.675000011920929 0.6520833373069763 0.6703125238418579 0.643750011920929 0.6703125238418579 0.637499988079071 0.651562511920929 0.6354166865348816
4 0.4312500059604645 0.5416666865348816 0.4281249940395355 0.5479166507720947 0.4203124940395355 0.550000011920929 0.4203124940395355 0.5604166388511658 0.41718751192092896 0.5645833611488342 0.41718751192092896 0.5729166865348816 0.4390625059604645 0.5979166626930237 0.4453125 0.5979166626930237 0.4609375 0.574999988079071 0.4609375 0.5708333253860474 0.4390625059604645 0.5416666865348816
4 0.5843750238418579 0.59375 0.582812488079071 0.6229166388511658 0.589062511920929 0.6270833611488342 0.59375 0.6479166746139526 0.598437488079071 0.6479166746139526 0.6015625 0.6416666507720947 0.609375 0.643750011920929 0.612500011920929 0.6395833492279053 0.614062488079071 0.625 0.614062488079071 0.5958333611488342 0.6031249761581421 0.5916666388511658
4 0.6796875 0.5104166865348816 0.676562488079071 0.5062500238418579 0.643750011920929 0.5104166865348816 0.6421874761581421 0.5249999761581421 0.637499988079071 0.5291666388511658 0.637499988079071 0.5333333611488342 0.643750011920929 0.5375000238418579 0.643750011920929 0.5479166507720947 0.6468750238418579 0.550000011920929 0.6781250238418579 0.5479166507720947 0.6812499761581421 0.543749988079071
4 0.5015624761581421 0.6395833492279053 0.5 0.6541666388511658 0.5062500238418579 0.6854166388511658 0.518750011920929 0.6875 0.520312488079071 0.6916666626930237 0.5234375 0.6916666626930237 0.526562511920929 0.6833333373069763 0.535937488079071 0.6791666746139526 0.534375011920929 0.6604166626930237 0.5296875238418579 0.6458333134651184 0.5296875238418579 0.637499988079071 0.526562511920929 0.6333333253860474
4 0.565625011920929 0.4854166805744171 0.559374988079071 0.4854166805744171 0.5390625 0.4937500059604645 0.542187511920929 0.5249999761581421 0.5453125238418579 0.5375000238418579 0.5531250238418579 0.5395833253860474 0.5562499761581421 0.5333333611488342 0.574999988079071 0.53125 0.573437511920929 0.512499988079071 0.5687500238418579 0.49791666865348816 0.5687500238418579 0.4895833432674408
4 0.614062488079071 0.4729166626930237 0.612500011920929 0.48750001192092896 0.6187499761581421 0.518750011920929 0.6312500238418579 0.5208333134651184 0.6328125 0.5249999761581421 0.635937511920929 0.5249999761581421 0.643750011920929 0.5083333253860474 0.6484375 0.5083333253860474 0.6421874761581421 0.47083333134651184 0.6390625238418579 0.46666666865348816 0.6328125 0.46666666865348816 0.620312511920929 0.4729166626930237
4 0.40312498807907104 0.6770833134651184 0.40156251192092896 0.6812499761581421 0.40312498807907104 0.6958333253860474 0.40937501192092896 0.7208333611488342 0.4124999940395355 0.7250000238418579 0.4375 0.7166666388511658 0.4390625059604645 0.7083333134651184 0.4312500059604645 0.6708333492279053 0.4124999940395355 0.6666666865348816 0.40937501192092896 0.675000011920929