5 0.44843751192092896 0.5395833253860474 0.4453125 0.5395833253860474 0.4453125 0.5458333492279053 0.4437499940395355 0.5479166507720947 0.4390625059604645 0.5479166507720947 0.43281251192092896 0.5541666746139526 0.43281251192092896 0.5625 0.4296875 0.5666666626930237 0.4312500059604645 0.5770833492279053 0.4359374940395355 0.581250011920929 0.4375 0.5854166746139526 0.44843751192092896 0.5854166746139526 0.453125 0.581250011920929 0.453125 0.5708333253860474 0.45781248807907104 0.5645833611488342 0.45781248807907104 0.5604166388511658 0.4546875059604645 0.5541666746139526 0.44843751192092896 0.550000011920929
5 0.45625001192092896 0.5083333253860474 0.453125 0.5145833492279053 0.453125 0.5229166746139526 0.45625001192092896 0.5249999761581421 0.45625001192092896 0.5375000238418579 0.4593749940395355 0.5395833253860474 0.4671874940395355 0.5395833253860474 0.47187501192092896 0.5479166507720947 0.4749999940395355 0.5479166507720947 0.4749999940395355 0.5375000238418579 0.47968751192092896 0.5291666388511658 0.47968751192092896 0.5229166746139526 0.4765625 0.518750011920929 0.4765625 0.5083333253860474 0.4703125059604645 0.5041666626930237 0.46406251192092896 0.5041666626930237 0.4625000059604645 0.5083333253860474
5 0.5140625238418579 0.4937500059604645 0.512499988079071 0.512499988079071 0.515625 0.5166666507720947 0.520312488079071 0.5166666507720947 0.5218750238418579 0.518750011920929 0.5218750238418579 0.5249999761581421 0.53125 0.5249999761581421 0.534375011920929 0.5208333134651184 0.543749988079071 0.5229166746139526 0.543749988079071 0.518750011920929 0.5406249761581421 0.5145833492279053 0.5406249761581421 0.5 0.5390625 0.49791666865348816 0.5328124761581421 0.49791666865348816 0.5296875238418579 0.48750001192092896 0.5234375 0.48750001192092896
5 0.5078125 0.6020833253860474 0.5078125 0.606249988079071 0.5140625238418579 0.606249988079071 0.515625 0.612500011920929 0.520312488079071 0.6187499761581421 0.5249999761581421 0.6187499761581421 0.526562511920929 0.6166666746139526 0.5375000238418579 0.6187499761581421 0.543749988079071 0.606249988079071 0.542187511920929 0.5958333611488342 0.5375000238418579 0.5874999761581421 0.526562511920929 0.5874999761581421 0.5249999761581421 0.5854166746139526 0.5218750238418579 0.5854166746139526 0.5171874761581421 0.5916666388511658 0.5171874761581421 0.5979166626930237 0.5140625238418579 0.6020833253860474
5 0.65625 0.6104166507720947 0.653124988079071 0.6166666746139526 0.653124988079071 0.625 0.65625 0.6270833611488342 0.65625 0.6395833492279053 0.659375011920929 0.6416666507720947 0.667187511920929 0.6416666507720947 0.671875 0.6499999761581421 0.675000011920929 0.6499999761581421 0.675000011920929 0.6395833492279053 0.6796875 0.6312500238418579 0.6796875 0.625 0.676562488079071 0.6208333373069763 0.676562488079071 0.6104166507720947 0.6703125238418579 0.606249988079071 0.6640625 0.606249988079071 0.6625000238418579 0.6104166507720947
5 0.6000000238418579 0.543749988079071 0.590624988079071 0.543749988079071 0.589062511920929 0.5375000238418579 0.5796874761581421 0.5354166626930237 0.5765625238418579 0.5416666865348816 0.5703125 0.5416666865348816 0.567187488079071 0.5458333492279053 0.567187488079071 0.5645833611488342 0.5703125 0.5645833611488342 0.573437511920929 0.5708333253860474 0.581250011920929 0.5729166865348816 0.5859375 0.5666666626930237 0.590624988079071 0.5666666626930237 0.59375 0.5625 0.59375 0.550000011920929 0.5953124761581421 0.5479166507720947 0.6000000238418579 0.5479166507720947
5 0.528124988079071 0.7020833492279053 0.526562511920929 0.699999988079071 0.520312488079071 0.699999988079071 0.5171874761581421 0.6916666626930237 0.512499988079071 0.6875 0.5093749761581421 0.6875 0.5062500238418579 0.6916666626930237 0.4984374940395355 0.6916666626930237 0.4937500059604645 0.699999988079071 0.4937500059604645 0.7083333134651184 0.49687498807907104 0.7104166746139526 0.49687498807907104 0.71875 0.503125011920929 0.7250000238418579 0.5062500238418579 0.7250000238418579 0.5093749761581421 0.7208333611488342 0.5171874761581421 0.7208333611488342 0.5218750238418579 0.7124999761581421 0.5218750238418579 0.7083333134651184 0.5234375 0.706250011920929 0.528124988079071 0.706250011920929
5 0.5484374761581421 0.5104166865348816 0.546875 0.5145833492279053 0.543749988079071 0.5145833492279053 0.5453125238418579 0.5229166746139526 0.543749988079071 0.5249999761581421 0.5390625 0.5229166746139526 0.5375000238418579 0.5291666388511658 0.542187511920929 0.5333333611488342 0.542187511920929 0.543749988079071 0.5484374761581421 0.5479166507720947 0.559374988079071 0.5479166507720947 0.559374988079071 0.543749988079071 0.5625 0.5416666865348816 0.565625011920929 0.5354166626930237 0.565625011920929 0.5291666388511658 0.5609375238418579 0.5229166746139526 0.5609375238418579 0.5145833492279053 0.5562499761581421 0.5104166865348816
5 0.6187499761581421 0.5958333611488342 0.6156250238418579 0.5958333611488342 0.6156250238418579 0.6020833253860474 0.614062488079071 0.6041666865348816 0.609375 0.6041666865348816 0.6031249761581421 0.6104166507720947 0.6031249761581421 0.6187499761581421 0.6000000238418579 0.6229166388511658 0.6015625 0.6333333253860474 0.606249988079071 0.637499988079071 0.6078125238418579 0.6416666507720947 0.6187499761581421 0.6416666507720947 0.6234375238418579 0.637499988079071 0.6234375238418579 0.6270833611488342 0.628125011920929 0.6208333373069763 0.628125011920929 0.6166666746139526 0.625 0.6104166507720947 0.6187499761581421 0.606249988079071
5 0.6328125 0.4833333194255829 0.6312500238418579 0.48124998807907104 0.625 0.48124998807907104 0.621874988079071 0.4729166626930237 0.6171875 0.46875 0.614062488079071 0.46875 0.6109374761581421 0.4729166626930237 0.6031249761581421 0.4729166626930237 0.598437488079071 0.48124998807907104 0.598437488079071 0.4895833432674408 0.6015625 0.49166667461395264 0.6015625 0.5 0.6078125238418579 0.5062500238418579 0.6109374761581421 0.5062500238418579 0.614062488079071 0.5020833611488342 0.621874988079071 0.5020833611488342 0.6265624761581421 0.4937500059604645 0.6265624761581421 0.4895833432674408 0.628125011920929 0.48750001192092896 0.6328125 0.48750001192092896
5 0.39531248807907104 0.5020833611488342 0.39531248807907104 0.5062500238418579 0.40156251192092896 0.5062500238418579 0.40312498807907104 0.512499988079071 0.4078125059604645 0.518750011920929 0.4124999940395355 0.518750011920929 0.4140625 0.5166666507720947 0.42500001192092896 0.518750011920929 0.4312500059604645 0.5062500238418579 0.4296875 0.4958333373069763 0.42500001192092896 0.48750001192092896 0.4140625 0.48750001192092896 0.4124999940395355 0.4854166805744171 0.40937501192092896 0.4854166805744171 0.4046874940395355 0.49166667461395264 0.4046874940395355 0.49791666865348816 0.40156251192092896 0.5020833611488342
5 0.6812499761581421 0.6833333373069763 0.6796875 0.6812499761581421 0.6734374761581421 0.6812499761581421 0.6703125238418579 0.6729166507720947 0.6656249761581421 0.668749988079071 0.6625000238418579 0.668749988079071 0.659375011920929 0.6729166507720947 0.651562511920929 0.6729166507720947 0.6468750238418579 0.6812499761581421 0.6468750238418579 0.6895833611488342 0.6499999761581421 0.6916666626930237 0.6499999761581421 0.699999988079071 0.65625 0.706250011920929 0.659375011920929 0.706250011920929 0.6625000238418579 0.7020833492279053 0.6703125238418579 0.7020833492279053 0.675000011920929 0.6937500238418579 0.675000011920929 0.6895833611488342 0.676562488079071 0.6875 0.6812499761581421 0.6875
5 0.65625 0.6604166626930237 0.6468750238418579 0.6604166626930237 0.645312488079071 0.6541666388511658 0.635937511920929 0.6520833373069763 0.6328125 0.6583333611488342 0.6265624761581421 0.6583333611488342 0.6234375238418579 0.6625000238418579 0.6234375238418579 0.6812499761581421 0.6265624761581421 0.6812499761581421 0.629687488079071 0.6875 0.637499988079071 0.6895833611488342 0.6421874761581421 0.6833333373069763 0.645312488079071 0.6833333373069763 0.6499999761581421 0.6729166507720947 0.6499999761581421 0.6666666865348816 0.651562511920929 0.6645833253860474 0.65625 0.6645833253860474
5 0.6640625 0.5625 0.6546875238418579 0.5625 0.653124988079071 0.5562499761581421 0.643750011920929 0.5541666746139526 0.640625 0.5604166388511658 0.6343749761581421 0.5604166388511658 0.6312500238418579 0.5645833611488342 0.6312500238418579 0.5833333134651184 0.6343749761581421 0.5833333134651184 0.637499988079071 0.5895833373069763 0.645312488079071 0.5916666388511658 0.6499999761581421 0.5854166746139526 0.6546875238418579 0.5854166746139526 0.6578124761581421 0.581250011920929 0.6578124761581421 0.5687500238418579 0.659375011920929 0.5666666626930237 0.6640625 0.5666666626930237