8 0.5093749761581421 0.6395833492279053 0.5015624761581421 0.6625000238418579 0.5015624761581421 0.6729166507720947 0.5390625 0.6916666626930237 0.543749988079071 0.6812499761581421 0.5484374761581421 0.6583333611488342 0.5406249761581421 0.6499999761581421 0.535937488079071 0.6499999761581421 0.5234375 0.6416666507720947
8 0.47187501192092896 0.5062500238418579 0.46875 0.5062500238418579 0.4437499940395355 0.5458333492279053 0.4437499940395355 0.550000011920929 0.4609375 0.5687500238418579 0.46406251192092896 0.5687500238418579 0.48906248807907104 0.5291666388511658 0.48906248807907104 0.5249999761581421
8 0.46562498807907104 0.675000011920929 0.45625001192092896 0.6729166507720947 0.4234375059604645 0.6791666746139526 0.42500001192092896 0.7124999761581421 0.4296875 0.7145833373069763 0.4671874940395355 0.7083333134651184
8 0.5 0.5416666865348816 0.49687498807907104 0.5416666865348816 0.47187501192092896 0.581250011920929 0.47187501192092896 0.5854166746139526 0.48906248807907104 0.6041666865348816 0.4921875 0.6041666865348816 0.5171874761581421 0.5645833611488342 0.5171874761581421 0.5604166388511658
8 0.6625000238418579 0.5833333134651184 0.659375011920929 0.5833333134651184 0.6343749761581421 0.6229166388511658 0.6343749761581421 0.6270833611488342 0.651562511920929 0.6458333134651184 0.6546875238418579 0.6458333134651184 0.6796875 0.606249988079071 0.6796875 0.6020833253860474
8 0.528124988079071 0.6895833611488342 0.5249999761581421 0.699999988079071 0.526562511920929 0.7124999761581421 0.559374988079071 0.7291666865348816 0.5640624761581421 0.7270833253860474 0.5718749761581421 0.7020833492279053 0.5703125 0.6937500238418579 0.5640624761581421 0.6875 0.559374988079071 0.6875 0.546875 0.6791666746139526 0.5390625 0.6937500238418579
8 0.546875 0.543749988079071 0.5390625 0.5979166626930237 0.5546875 0.6041666865348816 0.5640624761581421 0.6041666865348816 0.5718749761581421 0.5604166388511658 0.5718749761581421 0.550000011920929 0.5546875 0.543749988079071
8 0.543749988079071 0.606249988079071 0.535937488079071 0.6291666626930237 0.535937488079071 0.6395833492279053 0.573437511920929 0.6583333611488342 0.578125 0.6479166746139526 0.582812488079071 0.625 0.574999988079071 0.6166666746139526 0.5703125 0.6166666746139526 0.557812511920929 0.6083333492279053
8 0.5843750238418579 0.5979166626930237 0.581250011920929 0.6145833134651184 0.5843750238418579 0.6312500238418579 0.578125 0.6541666388511658 0.6015625 0.6583333611488342 0.609375 0.6145833134651184 0.609375 0.6041666865348816 0.5921875238418579 0.5979166626930237
8 0.573437511920929 0.5583333373069763 0.567187488079071 0.5958333611488342 0.581250011920929 0.6041666865348816 0.5843750238418579 0.5958333611488342 0.5921875238418579 0.5958333611488342 0.6015625 0.6000000238418579 0.606249988079071 0.5770833492279053 0.598437488079071 0.5687500238418579 0.59375 0.5687500238418579 0.581250011920929 0.5604166388511658
8 0.612500011920929 0.5729166865348816 0.604687511920929 0.5958333611488342 0.604687511920929 0.6020833253860474 0.609375 0.6020833253860474 0.6109374761581421 0.6104166507720947 0.6343749761581421 0.6208333373069763 0.651562511920929 0.5916666388511658 0.643750011920929 0.5833333134651184 0.6390625238418579 0.5833333134651184 0.6265624761581421 0.574999988079071
8 0.668749988079071 0.6354166865348816 0.6640625 0.6333333253860474 0.6546875238418579 0.6479166746139526 0.651562511920929 0.6479166746139526 0.6421874761581421 0.637499988079071 0.6265624761581421 0.6395833492279053 0.628125011920929 0.6729166507720947 0.6328125 0.675000011920929 0.6703125238418579 0.668749988079071