8 0.47187501192092896 0.6583333611488342 0.4625000059604645 0.65625 0.4296875 0.6625000238418579 0.4312500059604645 0.6958333253860474 0.4359374940395355 0.6979166865348816 0.47343748807907104 0.6916666626930237
8 0.5218750238418579 0.643750011920929 0.512499988079071 0.6416666507720947 0.47968751192092896 0.6479166746139526 0.48124998807907104 0.6812499761581421 0.4859375059604645 0.6833333373069763 0.5234375 0.6770833134651184
8 0.5234375 0.5874999761581421 0.520312488079071 0.5874999761581421 0.49531251192092896 0.6270833611488342 0.49531251192092896 0.6312500238418579 0.504687488079071 0.6416666507720947 0.512499988079071 0.6395833492279053 0.5218750238418579 0.6416666507720947 0.5406249761581421 0.6104166507720947 0.5406249761581421 0.606249988079071
8 0.528124988079071 0.6541666388511658 0.5249999761581421 0.6604166626930237 0.5249999761581421 0.6770833134651184 0.520312488079071 0.6791666746139526 0.520312488079071 0.6875 0.557812511920929 0.706250011920929 0.5625 0.6958333253860474 0.567187488079071 0.6729166507720947 0.559374988079071 0.6645833253860474 0.5546875 0.6645833253860474 0.542187511920929 0.65625
8 0.40625 0.5104166865348816 0.3984375 0.5645833611488342 0.4140625 0.5708333253860474 0.4234375059604645 0.5708333253860474 0.4312500059604645 0.5270833373069763 0.4312500059604645 0.5166666507720947 0.4140625 0.5104166865348816
8 0.4781250059604645 0.5479166507720947 0.4625000059604645 0.5979166626930237 0.47343748807907104 0.606249988079071 0.4859375059604645 0.6104166507720947 0.5015624761581421 0.5604166388511658 0.4828124940395355 0.5479166507720947
8 0.651562511920929 0.6208333373069763 0.635937511920929 0.6708333492279053 0.6468750238418579 0.6791666746139526 0.659375011920929 0.6833333373069763 0.675000011920929 0.6333333253860474 0.65625 0.6208333373069763
8 0.5328124761581421 0.5041666626930237 0.5249999761581421 0.5270833373069763 0.5249999761581421 0.5375000238418579 0.5625 0.5562499761581421 0.567187488079071 0.5458333492279053 0.5718749761581421 0.5229166746139526 0.5640624761581421 0.5145833492279053 0.559374988079071 0.5145833492279053 0.546875 0.5062500238418579
8 0.5859375 0.6875 0.5843750238418579 0.6854166388511658 0.565625011920929 0.6875 0.557812511920929 0.7083333134651184 0.543749988079071 0.7020833492279053 0.5453125238418579 0.7250000238418579 0.550000011920929 0.7270833253860474 0.5874999761581421 0.7208333611488342
8 0.4515624940395355 0.5854166746139526 0.44843751192092896 0.5854166746139526 0.4234375059604645 0.625 0.4234375059604645 0.6291666626930237 0.44062501192092896 0.6479166746139526 0.4437499940395355 0.6479166746139526 0.46875 0.6083333492279053 0.46875 0.6041666865348816 0.46406251192092896 0.6020833253860474
8 0.6234375238418579 0.625 0.620312511920929 0.625 0.5953124761581421 0.6645833253860474 0.5953124761581421 0.668749988079071 0.612500011920929 0.6875 0.6156250238418579 0.6875 0.640625 0.6479166746139526 0.640625 0.643750011920929