8 0.4984374940395355 0.47083333134651184 0.4906249940395355 0.5249999761581421 0.5062500238418579 0.53125 0.515625 0.53125 0.5234375 0.48750001192092896 0.5234375 0.47708332538604736 0.5062500238418579 0.47083333134651184
8 0.4921875 0.4958333373069763 0.48906248807907104 0.4958333373069763 0.46406251192092896 0.5354166626930237 0.46406251192092896 0.5395833253860474 0.48124998807907104 0.5583333373069763 0.484375 0.5583333373069763 0.5015624761581421 0.53125 0.4921875 0.5291666388511658 0.48906248807907104 0.5249999761581421
8 0.5859375 0.5229166746139526 0.578125 0.5770833492279053 0.59375 0.5833333134651184 0.6031249761581421 0.5833333134651184 0.6109374761581421 0.5395833253860474 0.6109374761581421 0.5291666388511658 0.59375 0.5229166746139526
8 0.574999988079071 0.6625000238418579 0.567187488079071 0.7166666388511658 0.582812488079071 0.7229166626930237 0.5921875238418579 0.7229166626930237 0.6000000238418579 0.6791666746139526 0.6000000238418579 0.668749988079071 0.582812488079071 0.6625000238418579
8 0.604687511920929 0.4791666567325592 0.5953124761581421 0.47708332538604736 0.5625 0.4833333194255829 0.5640624761581421 0.5166666507720947 0.5687500238418579 0.518750011920929 0.606249988079071 0.512499988079071
8 0.5 0.5395833253860474 0.484375 0.5604166388511658 0.4765625 0.5833333134651184 0.4781250059604645 0.5895833373069763 0.49531251192092896 0.6000000238418579 0.5 0.6000000238418579 0.515625 0.5541666746139526 0.5140625238418579 0.5479166507720947
8 0.6078125238418579 0.6145833134651184 0.5921875238418579 0.6645833253860474 0.6000000238418579 0.6666666865348816 0.6031249761581421 0.6729166507720947 0.6156250238418579 0.6770833134651184 0.6312500238418579 0.6270833611488342 0.612500011920929 0.6145833134651184
8 0.44999998807907104 0.5229166746139526 0.4468750059604645 0.5229166746139526 0.421875 0.5625 0.421875 0.5666666626930237 0.4390625059604645 0.5854166746139526 0.44218748807907104 0.5854166746139526 0.4671874940395355 0.5458333492279053
8 0.48124998807907104 0.6187499761581421 0.4781250059604645 0.6187499761581421 0.453125 0.6583333611488342 0.453125 0.6625000238418579 0.4703125059604645 0.6812499761581421 0.47343748807907104 0.6812499761581421 0.4984374940395355 0.6416666507720947 0.4984374940395355 0.637499988079071
8 0.5375000238418579 0.6458333134651184 0.5296875238418579 0.668749988079071 0.5296875238418579 0.6791666746139526 0.567187488079071 0.6979166865348816 0.573437511920929 0.6625000238418579 0.5687500238418579 0.65625 0.5640624761581421 0.65625 0.551562488079071 0.6479166746139526
8 0.45781248807907104 0.668749988079071 0.43437498807907104 0.706250011920929 0.43437498807907104 0.7104166746139526 0.4515624940395355 0.7291666865348816 0.4546875059604645 0.7291666865348816 0.47968751192092896 0.6895833611488342 0.47968751192092896 0.6854166388511658 0.4765625 0.6812499761581421 0.4703125059604645 0.6833333373069763
8 0.6312500238418579 0.643750011920929 0.6234375238418579 0.6666666865348816 0.6234375238418579 0.6770833134651184 0.660937488079071 0.6958333253860474 0.6656249761581421 0.6854166388511658 0.6703125238418579 0.6625000238418579 0.6625000238418579 0.6541666388511658 0.6578124761581421 0.6541666388511658 0.645312488079071 0.6458333134651184