8 0.6109374761581421 0.6499999761581421 0.6031249761581421 0.6729166507720947 0.6031249761581421 0.6833333373069763 0.640625 0.7020833492279053 0.645312488079071 0.6916666626930237 0.6499999761581421 0.668749988079071 0.6421874761581421 0.6604166626930237 0.637499988079071 0.6604166626930237 0.625 0.6520833373069763
8 0.53125 0.47708332538604736 0.5234375 0.53125 0.5390625 0.5375000238418579 0.5484374761581421 0.5375000238418579 0.5562499761581421 0.4937500059604645 0.5562499761581421 0.4833333194255829 0.5390625 0.47708332538604736
8 0.42656248807907104 0.6479166746139526 0.41874998807907104 0.7020833492279053 0.43437498807907104 0.7083333134651184 0.4437499940395355 0.7083333134651184 0.4515624940395355 0.6645833253860474 0.4515624940395355 0.6541666388511658 0.43437498807907104 0.6479166746139526
8 0.46875 0.5270833373069763 0.4593749940395355 0.5249999761581421 0.42656248807907104 0.53125 0.4281249940395355 0.5645833611488342 0.43281251192092896 0.5666666626930237 0.4703125059604645 0.5604166388511658
8 0.5078125 0.5541666746139526 0.4921875 0.6041666865348816 0.503125011920929 0.612500011920929 0.515625 0.6166666746139526 0.53125 0.5666666626930237 0.512499988079071 0.5541666746139526
8 0.4703125059604645 0.53125 0.47187501192092896 0.5604166388511658 0.4546875059604645 0.5645833611488342 0.44999998807907104 0.581250011920929 0.4609375 0.5895833373069763 0.47343748807907104 0.59375 0.48906248807907104 0.543749988079071
8 0.550000011920929 0.6625000238418579 0.542187511920929 0.6854166388511658 0.542187511920929 0.6958333253860474 0.5796874761581421 0.7145833373069763 0.5843750238418579 0.7041666507720947 0.589062511920929 0.6812499761581421 0.581250011920929 0.6729166507720947 0.5765625238418579 0.6729166507720947 0.5640624761581421 0.6645833253860474
8 0.5843750238418579 0.5479166507720947 0.5687500238418579 0.5979166626930237 0.5796874761581421 0.606249988079071 0.5921875238418579 0.6104166507720947 0.6078125238418579 0.5604166388511658 0.589062511920929 0.5479166507720947
8 0.606249988079071 0.5833333134651184 0.6015625 0.5854166746139526 0.5921875238418579 0.612500011920929 0.5859375 0.6104166507720947 0.578125 0.6229166388511658 0.578125 0.6270833611488342 0.5953124761581421 0.6458333134651184 0.598437488079071 0.6458333134651184 0.6234375238418579 0.606249988079071 0.6234375238418579 0.6020833253860474
8 0.503125011920929 0.5 0.4937500059604645 0.49791666865348816 0.4609375 0.5041666626930237 0.4609375 0.5229166746139526 0.4671874940395355 0.5229166746139526 0.47187501192092896 0.53125 0.48124998807907104 0.5375000238418579 0.504687488079071 0.5333333611488342
8 0.5562499761581421 0.6479166746139526 0.546875 0.6458333134651184 0.5140625238418579 0.6520833373069763 0.515625 0.6854166388511658 0.520312488079071 0.6875 0.542187511920929 0.6833333373069763 0.546875 0.6645833253860474 0.550000011920929 0.6604166626930237 0.557812511920929 0.6625000238418579
8 0.520312488079071 0.47083333134651184 0.510937511920929 0.46875 0.4781250059604645 0.4749999940395355 0.4781250059604645 0.4937500059604645 0.47968751192092896 0.49791666865348816 0.5015624761581421 0.4958333373069763 0.504687488079071 0.5 0.504687488079071 0.5062500238418579 0.5218750238418579 0.5041666626930237
8 0.4906249940395355 0.5854166746139526 0.47968751192092896 0.581250011920929 0.47343748807907104 0.5958333611488342 0.46875 0.5958333611488342 0.46406251192092896 0.5916666388511658 0.45781248807907104 0.625 0.4593749940395355 0.6354166865348816 0.4828124940395355 0.6395833492279053 0.4906249940395355 0.5958333611488342