8 0.4906249940395355 0.65625 0.4828124940395355 0.6791666746139526 0.4828124940395355 0.6895833611488342 0.520312488079071 0.7083333134651184 0.5249999761581421 0.6979166865348816 0.5296875238418579 0.675000011920929 0.5218750238418579 0.6666666865348816 0.5171874761581421 0.6666666865348816 0.504687488079071 0.6583333611488342
8 0.637499988079071 0.6083333492279053 0.621874988079071 0.6583333611488342 0.6328125 0.6666666865348816 0.645312488079071 0.6708333492279053 0.660937488079071 0.6208333373069763 0.6421874761581421 0.6083333492279053
8 0.5062500238418579 0.49791666865348816 0.503125011920929 0.49791666865348816 0.4781250059604645 0.5375000238418579 0.4781250059604645 0.5416666865348816 0.49531251192092896 0.5604166388511658 0.4984374940395355 0.5604166388511658 0.5234375 0.5208333134651184 0.5234375 0.5166666507720947
8 0.5484374761581421 0.47083333134651184 0.5328124761581421 0.5208333134651184 0.543749988079071 0.5291666388511658 0.5562499761581421 0.5333333611488342 0.5718749761581421 0.4833333194255829 0.5531250238418579 0.47083333134651184
8 0.4828124940395355 0.6229166388511658 0.47343748807907104 0.6208333373069763 0.44062501192092896 0.6270833611488342 0.44218748807907104 0.6604166626930237 0.4468750059604645 0.6625000238418579 0.484375 0.65625
8 0.590624988079071 0.6208333373069763 0.5874999761581421 0.6208333373069763 0.5625 0.6604166626930237 0.5625 0.6645833253860474 0.5796874761581421 0.6833333373069763 0.582812488079071 0.6833333373069763 0.6078125238418579 0.643750011920929 0.6078125238418579 0.6395833492279053
8 0.4312500059604645 0.5916666388511658 0.4234375059604645 0.6458333134651184 0.44062501192092896 0.6520833373069763 0.4390625059604645 0.6270833611488342 0.453125 0.6229166388511658 0.45625001192092896 0.5979166626930237
8 0.5328124761581421 0.5791666507720947 0.5171874761581421 0.6291666626930237 0.528124988079071 0.637499988079071 0.5406249761581421 0.6416666507720947 0.5562499761581421 0.5916666388511658 0.5375000238418579 0.5791666507720947
8 0.6234375238418579 0.6458333134651184 0.606249988079071 0.6479166746139526 0.590624988079071 0.6729166507720947 0.589062511920929 0.6854166388511658 0.59375 0.6875 0.5953124761581421 0.6854166388511658 0.6312500238418579 0.6812499761581421 0.6312500238418579 0.6666666865348816 0.620312511920929 0.6583333611488342
8 0.671875 0.4895833432674408 0.6625000238418579 0.48750001192092896 0.629687488079071 0.4937500059604645 0.6312500238418579 0.5270833373069763 0.635937511920929 0.5291666388511658 0.6734374761581421 0.5229166746139526
8 0.589062511920929 0.5416666865348816 0.581250011920929 0.5645833611488342 0.581250011920929 0.574999988079071 0.6187499761581421 0.59375 0.6234375238418579 0.5833333134651184 0.628125011920929 0.5604166388511658 0.620312511920929 0.5520833134651184 0.6156250238418579 0.5520833134651184 0.6031249761581421 0.543749988079071
8 0.589062511920929 0.5083333253860474 0.5859375 0.5083333253860474 0.5609375238418579 0.5479166507720947 0.5609375238418579 0.5520833134651184 0.578125 0.5708333253860474 0.5859375 0.543749988079071 0.589062511920929 0.5395833253860474 0.6000000238418579 0.5416666865348816 0.606249988079071 0.53125 0.606249988079071 0.5270833373069763
8 0.4140625 0.637499988079071 0.40625 0.6604166626930237 0.40625 0.6708333492279053 0.4437499940395355 0.6895833611488342 0.453125 0.6625000238418579 0.4437499940395355 0.6645833253860474 0.44062501192092896 0.6604166626930237 0.44062501192092896 0.6541666388511658 0.42500001192092896 0.6499999761581421 0.4203124940395355 0.637499988079071
8 0.46406251192092896 0.6625000238418579 0.4546875059604645 0.6625000238418579 0.4468750059604645 0.6875 0.4437499940395355 0.6916666626930237 0.4359374940395355 0.6895833611488342 0.4312500059604645 0.6979166865348816 0.4312500059604645 0.7020833492279053 0.44843751192092896 0.7208333611488342 0.4515624940395355 0.7208333611488342 0.4765625 0.6812499761581421 0.4765625 0.6770833134651184
8 0.5703125 0.5645833611488342 0.5640624761581421 0.612500011920929 0.5796874761581421 0.6187499761581421 0.589062511920929 0.6187499761581421 0.5953124761581421 0.5854166746139526 0.582812488079071 0.5791666507720947 0.5796874761581421 0.5729166865348816
8 0.6328125 0.668749988079071 0.6328125 0.6812499761581421 0.6265624761581421 0.6833333373069763 0.628125011920929 0.6937500238418579 0.660937488079071 0.7104166746139526 0.6656249761581421 0.7083333134651184 0.6734374761581421 0.6833333373069763 0.671875 0.675000011920929 0.6656249761581421 0.668749988079071 0.660937488079071 0.668749988079071 0.651562511920929 0.6625000238418579 0.6484375 0.6645833253860474 0.645312488079071 0.6729166507720947
8 0.604687511920929 0.6875 0.590624988079071 0.6895833611488342 0.5874999761581421 0.6812499761581421 0.582812488079071 0.6854166388511658 0.578125 0.6833333373069763 0.5625 0.6854166388511658 0.5640624761581421 0.71875 0.5687500238418579 0.7208333611488342 0.606249988079071 0.7145833373069763
8 0.550000011920929 0.5333333611488342 0.542187511920929 0.581250011920929 0.551562488079071 0.5874999761581421 0.565625011920929 0.5895833373069763 0.5687500238418579 0.5625 0.559374988079071 0.5520833134651184 0.559374988079071 0.5479166507720947 0.5687500238418579 0.5333333611488342 0.557812511920929 0.53125 0.5562499761581421 0.5354166626930237