8 0.4937500059604645 0.5958333611488342 0.484375 0.59375 0.4515624940395355 0.6000000238418579 0.453125 0.6333333253860474 0.45781248807907104 0.6354166865348816 0.49531251192092896 0.6291666626930237
8 0.6343749761581421 0.550000011920929 0.6265624761581421 0.6041666865348816 0.6421874761581421 0.6104166507720947 0.651562511920929 0.6104166507720947 0.659375011920929 0.5666666626930237 0.659375011920929 0.5562499761581421 0.6421874761581421 0.550000011920929
8 0.5796874761581421 0.47083333134651184 0.5718749761581421 0.4937500059604645 0.5718749761581421 0.5041666626930237 0.609375 0.5229166746139526 0.614062488079071 0.512499988079071 0.6187499761581421 0.4895833432674408 0.6109374761581421 0.48124998807907104 0.606249988079071 0.48124998807907104 0.59375 0.4729166626930237
8 0.4359374940395355 0.5416666865348816 0.4203124940395355 0.5916666388511658 0.4312500059604645 0.6000000238418579 0.4437499940395355 0.6041666865348816 0.4593749940395355 0.5541666746139526 0.44062501192092896 0.5416666865348816
8 0.47968751192092896 0.518750011920929 0.47187501192092896 0.5729166865348816 0.48750001192092896 0.5791666507720947 0.49687498807907104 0.5791666507720947 0.504687488079071 0.5354166626930237 0.504687488079071 0.5249999761581421 0.48750001192092896 0.518750011920929
8 0.4375 0.49166667461395264 0.4296875 0.5458333492279053 0.43281251192092896 0.5479166507720947 0.4359374940395355 0.5395833253860474 0.44062501192092896 0.5395833253860474 0.4546875059604645 0.550000011920929 0.4609375 0.518750011920929 0.4625000059604645 0.49791666865348816
8 0.4546875059604645 0.6479166746139526 0.4453125 0.6458333134651184 0.4124999940395355 0.6520833373069763 0.4140625 0.6854166388511658 0.41874998807907104 0.6875 0.45625001192092896 0.6812499761581421
8 0.5015624761581421 0.6416666507720947 0.4937500059604645 0.6333333253860474 0.48750001192092896 0.6312500238418579 0.4859375059604645 0.6333333253860474 0.4593749940395355 0.6354166865348816 0.4546875059604645 0.6458333134651184 0.45625001192092896 0.6583333611488342 0.4921875 0.675000011920929 0.49687498807907104 0.6645833253860474
8 0.4468750059604645 0.5979166626930237 0.4437499940395355 0.606249988079071 0.4390625059604645 0.606249988079071 0.4203124940395355 0.59375 0.40312498807907104 0.6208333373069763 0.40312498807907104 0.625 0.4203124940395355 0.643750011920929 0.4234375059604645 0.643750011920929 0.44843751192092896 0.6041666865348816
8 0.45781248807907104 0.6625000238418579 0.45781248807907104 0.6812499761581421 0.4468750059604645 0.6854166388511658 0.4375 0.6854166388511658 0.4312500059604645 0.7041666507720947 0.43281251192092896 0.7104166746139526 0.44999998807907104 0.7208333611488342 0.4546875059604645 0.7208333611488342 0.4703125059604645 0.675000011920929 0.46875 0.668749988079071
8 0.5562499761581421 0.5020833611488342 0.546875 0.5 0.5140625238418579 0.5062500238418579 0.515625 0.5395833253860474 0.520312488079071 0.5416666865348816 0.557812511920929 0.5354166626930237
8 0.5015624761581421 0.6729166507720947 0.4937500059604645 0.6958333253860474 0.4937500059604645 0.706250011920929 0.53125 0.7250000238418579 0.535937488079071 0.7145833373069763 0.5406249761581421 0.6916666626930237 0.5328124761581421 0.6833333373069763 0.528124988079071 0.6833333373069763 0.515625 0.675000011920929