8 0.653124988079071 0.6604166626930237 0.637499988079071 0.7104166746139526 0.6484375 0.71875 0.660937488079071 0.7229166626930237 0.676562488079071 0.6729166507720947 0.6578124761581421 0.6604166626930237
8 0.557812511920929 0.612500011920929 0.5546875 0.612500011920929 0.5296875238418579 0.6520833373069763 0.5296875238418579 0.65625 0.546875 0.675000011920929 0.550000011920929 0.675000011920929 0.574999988079071 0.6354166865348816 0.574999988079071 0.6312500238418579
8 0.629687488079071 0.6229166388511658 0.614062488079071 0.6729166507720947 0.625 0.6812499761581421 0.637499988079071 0.6854166388511658 0.653124988079071 0.6354166865348816 0.6343749761581421 0.6229166388511658
8 0.4749999940395355 0.6083333492279053 0.46562498807907104 0.606249988079071 0.43281251192092896 0.612500011920929 0.43437498807907104 0.6458333134651184 0.4390625059604645 0.6479166746139526 0.4765625 0.6416666507720947
8 0.5171874761581421 0.5208333134651184 0.5078125 0.518750011920929 0.4749999940395355 0.5249999761581421 0.4765625 0.5583333373069763 0.48124998807907104 0.5604166388511658 0.518750011920929 0.5541666746139526
8 0.5843750238418579 0.4729166626930237 0.5765625238418579 0.4958333373069763 0.5765625238418579 0.5062500238418579 0.614062488079071 0.5249999761581421 0.6187499761581421 0.5145833492279053 0.6234375238418579 0.49166667461395264 0.6156250238418579 0.4833333194255829 0.6109374761581421 0.4833333194255829 0.598437488079071 0.4749999940395355
8 0.5 0.6208333373069763 0.49687498807907104 0.6208333373069763 0.47187501192092896 0.6604166626930237 0.47187501192092896 0.6645833253860474 0.48906248807907104 0.6833333373069763 0.4921875 0.6833333373069763 0.5171874761581421 0.643750011920929 0.5171874761581421 0.6395833492279053
8 0.5609375238418579 0.5479166507720947 0.5531250238418579 0.5708333253860474 0.5531250238418579 0.581250011920929 0.590624988079071 0.6000000238418579 0.5953124761581421 0.5895833373069763 0.6000000238418579 0.5666666626930237 0.5921875238418579 0.5583333373069763 0.5874999761581421 0.5583333373069763 0.574999988079071 0.550000011920929
8 0.4671874940395355 0.5770833492279053 0.44843751192092896 0.5645833611488342 0.4437499940395355 0.5645833611488342 0.4281249940395355 0.6145833134651184 0.4312500059604645 0.6166666746139526 0.43281251192092896 0.6104166507720947 0.45781248807907104 0.606249988079071 0.46406251192092896 0.5916666388511658
8 0.41093748807907104 0.65625 0.40312498807907104 0.6791666746139526 0.40312498807907104 0.6895833611488342 0.44062501192092896 0.7083333134651184 0.4453125 0.6979166865348816 0.44999998807907104 0.675000011920929 0.44218748807907104 0.6666666865348816 0.4375 0.6666666865348816 0.42500001192092896 0.6583333611488342
8 0.574999988079071 0.643750011920929 0.5718749761581421 0.643750011920929 0.551562488079071 0.675000011920929 0.5484374761581421 0.6854166388511658 0.550000011920929 0.6916666626930237 0.567187488079071 0.7020833492279053 0.5718749761581421 0.7020833492279053 0.5874999761581421 0.65625 0.5859375 0.6499999761581421
8 0.4000000059604645 0.53125 0.3921875059604645 0.5854166746139526 0.4078125059604645 0.5916666388511658 0.41718751192092896 0.5916666388511658 0.42500001192092896 0.5479166507720947 0.42500001192092896 0.5375000238418579 0.4078125059604645 0.53125
8 0.43437498807907104 0.49791666865348816 0.42500001192092896 0.4958333373069763 0.3921875059604645 0.5020833611488342 0.39375001192092896 0.5354166626930237 0.3968749940395355 0.5375000238418579 0.4000000059604645 0.5291666388511658 0.4078125059604645 0.5291666388511658 0.4156250059604645 0.5333333611488342 0.4359374940395355 0.53125