8 0.5921875238418579 0.6000000238418579 0.5843750238418579 0.6229166388511658 0.5843750238418579 0.6333333253860474 0.621874988079071 0.6520833373069763 0.6265624761581421 0.6416666507720947 0.6312500238418579 0.6187499761581421 0.6234375238418579 0.6104166507720947 0.6187499761581421 0.6104166507720947 0.606249988079071 0.6020833253860474
8 0.4625000059604645 0.4749999940395355 0.4593749940395355 0.4749999940395355 0.43437498807907104 0.5145833492279053 0.43437498807907104 0.518750011920929 0.4515624940395355 0.5375000238418579 0.4546875059604645 0.5375000238418579 0.47968751192092896 0.49791666865348816 0.47968751192092896 0.4937500059604645
8 0.581250011920929 0.5166666507720947 0.573437511920929 0.5395833253860474 0.573437511920929 0.550000011920929 0.6109374761581421 0.5687500238418579 0.6156250238418579 0.5583333373069763 0.620312511920929 0.5354166626930237 0.612500011920929 0.5270833373069763 0.6078125238418579 0.5270833373069763 0.5953124761581421 0.518750011920929
8 0.6234375238418579 0.5770833492279053 0.614062488079071 0.5666666626930237 0.6109374761581421 0.5708333253860474 0.6078125238418579 0.5708333253860474 0.598437488079071 0.5645833611488342 0.578125 0.5979166626930237 0.578125 0.6020833253860474 0.5859375 0.6104166507720947 0.5921875238418579 0.5979166626930237 0.6109374761581421 0.6020833253860474 0.620312511920929 0.5874999761581421
8 0.6468750238418579 0.46666666865348816 0.6390625238418579 0.5208333134651184 0.6546875238418579 0.5270833373069763 0.6640625 0.5270833373069763 0.671875 0.4833333194255829 0.671875 0.4729166626930237 0.6546875238418579 0.46666666865348816
8 0.6343749761581421 0.6083333492279053 0.628125011920929 0.612500011920929 0.6328125 0.6187499761581421 0.6328125 0.625 0.625 0.6499999761581421 0.6187499761581421 0.6541666388511658 0.606249988079071 0.6479166746139526 0.606249988079071 0.6520833373069763 0.6234375238418579 0.6708333492279053 0.6265624761581421 0.6708333492279053 0.651562511920929 0.6312500238418579 0.651562511920929 0.6270833611488342
8 0.5796874761581421 0.5833333134651184 0.5703125 0.581250011920929 0.5375000238418579 0.5874999761581421 0.5390625 0.6208333373069763 0.543749988079071 0.6229166388511658 0.581250011920929 0.6166666746139526 0.581250011920929 0.606249988079071 0.5765625238418579 0.6020833253860474 0.5796874761581421 0.59375
8 0.48124998807907104 0.5229166746139526 0.47343748807907104 0.5458333492279053 0.47343748807907104 0.5562499761581421 0.510937511920929 0.574999988079071 0.515625 0.5645833611488342 0.520312488079071 0.5416666865348816 0.512499988079071 0.5333333611488342 0.5078125 0.5333333611488342 0.49531251192092896 0.5249999761581421
8 0.526562511920929 0.6625000238418579 0.518750011920929 0.6854166388511658 0.518750011920929 0.6958333253860474 0.5562499761581421 0.7145833373069763 0.5609375238418579 0.7041666507720947 0.565625011920929 0.6812499761581421 0.557812511920929 0.6729166507720947 0.5531250238418579 0.6729166507720947 0.5406249761581421 0.6645833253860474
8 0.606249988079071 0.6645833253860474 0.596875011920929 0.6625000238418579 0.5640624761581421 0.668749988079071 0.5640624761581421 0.6770833134651184 0.567187488079071 0.6812499761581421 0.565625011920929 0.7020833492279053 0.5703125 0.7041666507720947 0.6078125238418579 0.6979166865348816
8 0.645312488079071 0.6000000238418579 0.643750011920929 0.6166666746139526 0.653124988079071 0.6270833611488342 0.653124988079071 0.6312500238418579 0.6390625238418579 0.65625 0.6625000238418579 0.6604166626930237 0.6703125238418579 0.606249988079071
8 0.520312488079071 0.4749999940395355 0.5171874761581421 0.4749999940395355 0.4921875 0.5145833492279053 0.4921875 0.518750011920929 0.5 0.5270833373069763 0.5140625238418579 0.5333333611488342 0.518750011920929 0.5291666388511658 0.5375000238418579 0.49791666865348816 0.5375000238418579 0.4937500059604645
8 0.520312488079071 0.5729166865348816 0.504687488079071 0.6229166388511658 0.515625 0.6312500238418579 0.528124988079071 0.6354166865348816 0.5375000238418579 0.6083333492279053 0.535937488079071 0.5874999761581421 0.542187511920929 0.5833333134651184 0.5249999761581421 0.5729166865348816
8 0.625 0.47708332538604736 0.6156250238418579 0.4749999940395355 0.582812488079071 0.48124998807907104 0.5843750238418579 0.5145833492279053 0.589062511920929 0.5166666507720947 0.6265624761581421 0.5104166865348816
8 0.4921875 0.612500011920929 0.4765625 0.6625000238418579 0.48750001192092896 0.6708333492279053 0.5 0.675000011920929 0.5140625238418579 0.6312500238418579 0.5062500238418579 0.6270833611488342 0.503125011920929 0.6229166388511658 0.503125011920929 0.6166666746139526