8 0.5687500238418579 0.612500011920929 0.559374988079071 0.6104166507720947 0.526562511920929 0.6166666746139526 0.528124988079071 0.6499999761581421 0.5328124761581421 0.6520833373069763 0.5703125 0.6458333134651184
8 0.5078125 0.5354166626930237 0.5 0.5583333373069763 0.5 0.5687500238418579 0.5375000238418579 0.5874999761581421 0.542187511920929 0.5770833492279053 0.546875 0.5541666746139526 0.5390625 0.5458333492279053 0.534375011920929 0.5458333492279053 0.5218750238418579 0.5375000238418579
8 0.59375 0.6083333492279053 0.5859375 0.6625000238418579 0.6015625 0.668749988079071 0.6109374761581421 0.668749988079071 0.6187499761581421 0.625 0.6187499761581421 0.6145833134651184 0.6015625 0.6083333492279053
8 0.5874999761581421 0.5145833492279053 0.5796874761581421 0.5375000238418579 0.5796874761581421 0.5479166507720947 0.6171875 0.5666666626930237 0.621874988079071 0.5562499761581421 0.6265624761581421 0.5333333611488342 0.6187499761581421 0.5249999761581421 0.614062488079071 0.5249999761581421 0.6015625 0.5166666507720947
8 0.5 0.5708333253860474 0.4937500059604645 0.5770833492279053 0.4749999940395355 0.6083333492279053 0.4749999940395355 0.612500011920929 0.4921875 0.6312500238418579 0.49531251192092896 0.6312500238418579 0.520312488079071 0.5916666388511658 0.520312488079071 0.5874999761581421 0.5171874761581421 0.5833333134651184
8 0.596875011920929 0.48750001192092896 0.5874999761581421 0.4854166805744171 0.5546875 0.49166667461395264 0.5562499761581421 0.5249999761581421 0.5609375238418579 0.5270833373069763 0.582812488079071 0.5229166746139526 0.5874999761581421 0.512499988079071 0.598437488079071 0.5145833492279053
8 0.604687511920929 0.5625 0.596875011920929 0.606249988079071 0.6187499761581421 0.612500011920929 0.621874988079071 0.6208333373069763 0.629687488079071 0.5770833492279053 0.629687488079071 0.5666666626930237 0.620312511920929 0.5645833611488342 0.614062488079071 0.5687500238418579
8 0.5328124761581421 0.5874999761581421 0.5296875238418579 0.5874999761581421 0.504687488079071 0.6270833611488342 0.504687488079071 0.6312500238418579 0.5218750238418579 0.6499999761581421 0.526562511920929 0.6479166746139526 0.5249999761581421 0.6166666746139526 0.5328124761581421 0.612500011920929 0.550000011920929 0.6104166507720947 0.550000011920929 0.606249988079071
8 0.4625000059604645 0.606249988079071 0.4468750059604645 0.65625 0.45781248807907104 0.6645833253860474 0.4703125059604645 0.668749988079071 0.484375 0.625 0.47343748807907104 0.6104166507720947
8 0.4921875 0.5062500238418579 0.484375 0.5604166388511658 0.4984374940395355 0.5645833611488342 0.4984374940395355 0.5583333373069763 0.504687488079071 0.5375000238418579 0.5078125 0.5333333611488342 0.515625 0.5333333611488342 0.5171874761581421 0.512499988079071 0.5 0.5062500238418579
8 0.4437499940395355 0.5458333492279053 0.4281249940395355 0.5958333611488342 0.4390625059604645 0.6041666865348816 0.4515624940395355 0.6083333492279053 0.4671874940395355 0.5583333373069763 0.44843751192092896 0.5458333492279053
8 0.660937488079071 0.46666666865348816 0.6578124761581421 0.46666666865348816 0.6328125 0.5062500238418579 0.6328125 0.5104166865348816 0.6499999761581421 0.5291666388511658 0.653124988079071 0.5291666388511658 0.6781250238418579 0.4895833432674408 0.6781250238418579 0.4854166805744171