8 0.546875 0.5833333134651184 0.5390625 0.637499988079071 0.5546875 0.643750011920929 0.5640624761581421 0.643750011920929 0.5718749761581421 0.6000000238418579 0.5718749761581421 0.5895833373069763 0.5546875 0.5833333134651184
8 0.45781248807907104 0.5645833611488342 0.44218748807907104 0.6145833134651184 0.453125 0.6229166388511658 0.46562498807907104 0.6270833611488342 0.48124998807907104 0.5770833492279053 0.4625000059604645 0.5645833611488342
8 0.48906248807907104 0.5208333134651184 0.47968751192092896 0.518750011920929 0.4468750059604645 0.5249999761581421 0.44843751192092896 0.5583333373069763 0.453125 0.5604166388511658 0.4906249940395355 0.5541666746139526
8 0.4828124940395355 0.5562499761581421 0.4781250059604645 0.5708333253860474 0.4828124940395355 0.5770833492279053 0.47968751192092896 0.5874999761581421 0.5140625238418579 0.6041666865348816 0.518750011920929 0.59375 0.5234375 0.5708333253860474 0.515625 0.5625 0.510937511920929 0.5625 0.4984374940395355 0.5541666746139526
8 0.6703125238418579 0.518750011920929 0.660937488079071 0.5166666507720947 0.628125011920929 0.5229166746139526 0.629687488079071 0.5562499761581421 0.6343749761581421 0.5583333373069763 0.671875 0.5520833134651184
8 0.4281249940395355 0.5895833373069763 0.4203124940395355 0.643750011920929 0.4359374940395355 0.6499999761581421 0.4453125 0.6499999761581421 0.44999998807907104 0.6229166388511658 0.4437499940395355 0.6187499761581421 0.44062501192092896 0.6104166507720947 0.4468750059604645 0.59375
8 0.48750001192092896 0.6229166388511658 0.47968751192092896 0.6458333134651184 0.47968751192092896 0.65625 0.5171874761581421 0.675000011920929 0.5218750238418579 0.6645833253860474 0.526562511920929 0.6416666507720947 0.518750011920929 0.6333333253860474 0.5140625238418579 0.6333333253860474 0.5015624761581421 0.625
8 0.4453125 0.5458333492279053 0.42656248807907104 0.5416666865348816 0.41874998807907104 0.5874999761581421 0.4203124940395355 0.5979166626930237 0.42500001192092896 0.5979166626930237 0.4281249940395355 0.5874999761581421 0.4359374940395355 0.5874999761581421 0.4453125 0.5916666388511658 0.44999998807907104 0.5687500238418579
8 0.46562498807907104 0.4749999940395355 0.45625001192092896 0.4729166626930237 0.4234375059604645 0.4791666567325592 0.42500001192092896 0.512499988079071 0.4296875 0.5145833492279053 0.4671874940395355 0.5083333253860474
8 0.621874988079071 0.5270833373069763 0.606249988079071 0.5770833492279053 0.6171875 0.5854166746139526 0.629687488079071 0.5895833373069763 0.640625 0.5583333373069763 0.6312500238418579 0.5604166388511658 0.628125011920929 0.5562499761581421 0.6265624761581421 0.5270833373069763
8 0.606249988079071 0.5104166865348816 0.6031249761581421 0.5104166865348816 0.578125 0.550000011920929 0.578125 0.5541666746139526 0.5953124761581421 0.5729166865348816 0.598437488079071 0.5729166865348816 0.612500011920929 0.5520833134651184 0.620312511920929 0.5270833373069763