8 0.6265624761581421 0.5687500238418579 0.6187499761581421 0.6229166388511658 0.6343749761581421 0.6291666626930237 0.643750011920929 0.6291666626930237 0.651562511920929 0.5854166746139526 0.651562511920929 0.574999988079071 0.6343749761581421 0.5687500238418579
8 0.651562511920929 0.6645833253860474 0.6484375 0.6645833253860474 0.6234375238418579 0.7041666507720947 0.6234375238418579 0.7083333134651184 0.640625 0.7270833253860474 0.643750011920929 0.7270833253860474 0.668749988079071 0.6875 0.668749988079071 0.6833333373069763
8 0.557812511920929 0.5770833492279053 0.550000011920929 0.6312500238418579 0.565625011920929 0.637499988079071 0.574999988079071 0.637499988079071 0.582812488079071 0.59375 0.582812488079071 0.5833333134651184 0.565625011920929 0.5770833492279053
8 0.5625 0.6458333134651184 0.559374988079071 0.6458333134651184 0.534375011920929 0.6854166388511658 0.534375011920929 0.6895833611488342 0.551562488079071 0.7083333134651184 0.5546875 0.7083333134651184 0.5796874761581421 0.668749988079071 0.5796874761581421 0.6645833253860474
8 0.41093748807907104 0.581250011920929 0.39531248807907104 0.6312500238418579 0.40625 0.6395833492279053 0.41874998807907104 0.643750011920929 0.43437498807907104 0.59375 0.4156250059604645 0.581250011920929
8 0.5484374761581421 0.6604166626930237 0.5390625 0.6583333611488342 0.5062500238418579 0.6645833253860474 0.5078125 0.6979166865348816 0.512499988079071 0.699999988079071 0.5390625 0.6958333253860474 0.5328124761581421 0.6895833611488342 0.5328124761581421 0.6854166388511658
8 0.668749988079071 0.5458333492279053 0.65625 0.53125 0.6484375 0.5270833373069763 0.6234375238418579 0.5666666626930237 0.6234375238418579 0.5708333253860474 0.6265624761581421 0.5666666626930237 0.6343749761581421 0.5666666626930237 0.653124988079071 0.574999988079071 0.6656249761581421 0.5562499761581421
8 0.6015625 0.6354166865348816 0.59375 0.6895833611488342 0.609375 0.6958333253860474 0.6187499761581421 0.6958333253860474 0.6265624761581421 0.6520833373069763 0.6265624761581421 0.6416666507720947 0.609375 0.6354166865348816
8 0.590624988079071 0.5249999761581421 0.581250011920929 0.5229166746139526 0.5484374761581421 0.5291666388511658 0.550000011920929 0.5625 0.5546875 0.5645833611488342 0.5921875238418579 0.5583333373069763
8 0.48124998807907104 0.6104166507720947 0.47187501192092896 0.6083333492279053 0.4390625059604645 0.6145833134651184 0.44062501192092896 0.6479166746139526 0.4453125 0.6499999761581421 0.4828124940395355 0.643750011920929
8 0.4124999940395355 0.47083333134651184 0.3968749940395355 0.5208333134651184 0.4078125059604645 0.5291666388511658 0.4203124940395355 0.5333333611488342 0.4359374940395355 0.4833333194255829 0.41718751192092896 0.47083333134651184
8 0.620312511920929 0.518750011920929 0.590624988079071 0.5229166746139526 0.59375 0.5395833253860474 0.59375 0.5583333373069763 0.6234375238418579 0.5541666746139526 0.6234375238418579 0.5354166626930237
8 0.6578124761581421 0.4749999940395355 0.6421874761581421 0.5249999761581421 0.643750011920929 0.5270833373069763 0.651562511920929 0.5249999761581421 0.6625000238418579 0.5375000238418579 0.6656249761581421 0.5375000238418579 0.6812499761581421 0.48750001192092896 0.6625000238418579 0.4749999940395355
8 0.660937488079071 0.5645833611488342 0.653124988079071 0.581250011920929 0.6468750238418579 0.6166666746139526 0.6625000238418579 0.6270833611488342 0.667187511920929 0.6270833611488342 0.682812511920929 0.5770833492279053