8 0.6734374761581421 0.5562499761581421 0.6640625 0.5541666746139526 0.6312500238418579 0.5604166388511658 0.6328125 0.59375 0.637499988079071 0.5958333611488342 0.675000011920929 0.5895833373069763
8 0.640625 0.6104166507720947 0.6312500238418579 0.6083333492279053 0.598437488079071 0.6145833134651184 0.6000000238418579 0.6479166746139526 0.604687511920929 0.6499999761581421 0.6421874761581421 0.643750011920929
8 0.528124988079071 0.6312500238418579 0.512499988079071 0.6812499761581421 0.5234375 0.6895833611488342 0.535937488079071 0.6937500238418579 0.551562488079071 0.643750011920929 0.5328124761581421 0.6312500238418579
8 0.4453125 0.5854166746139526 0.4296875 0.6354166865348816 0.44062501192092896 0.643750011920929 0.453125 0.6479166746139526 0.46875 0.5979166626930237 0.44999998807907104 0.5854166746139526
8 0.510937511920929 0.49791666865348816 0.49531251192092896 0.5479166507720947 0.5062500238418579 0.5562499761581421 0.518750011920929 0.5604166388511658 0.534375011920929 0.5104166865348816 0.515625 0.49791666865348816
8 0.535937488079071 0.5874999761581421 0.5328124761581421 0.5874999761581421 0.5078125 0.6270833611488342 0.5078125 0.6312500238418579 0.5218750238418579 0.6458333134651184 0.528124988079071 0.6291666626930237 0.5390625 0.6333333253860474 0.5531250238418579 0.6104166507720947 0.5531250238418579 0.606249988079071
8 0.59375 0.643750011920929 0.5859375 0.6666666865348816 0.5859375 0.6770833134651184 0.6234375238418579 0.6958333253860474 0.628125011920929 0.6854166388511658 0.6328125 0.6625000238418579 0.625 0.6541666388511658 0.6156250238418579 0.6499999761581421 0.6015625 0.6520833373069763 0.598437488079071 0.643750011920929
8 0.4906249940395355 0.48750001192092896 0.48750001192092896 0.48750001192092896 0.4625000059604645 0.5270833373069763 0.4625000059604645 0.53125 0.47968751192092896 0.550000011920929 0.4828124940395355 0.550000011920929 0.4984374940395355 0.5270833373069763 0.5062500238418579 0.5083333253860474 0.5062500238418579 0.5041666626930237
8 0.4234375059604645 0.6395833492279053 0.4156250059604645 0.6625000238418579 0.4156250059604645 0.6729166507720947 0.453125 0.6916666626930237 0.45781248807907104 0.6812499761581421 0.4625000059604645 0.6583333611488342 0.4546875059604645 0.6499999761581421 0.44843751192092896 0.6499999761581421 0.4359374940395355 0.6416666507720947
8 0.43437498807907104 0.4729166626930237 0.42500001192092896 0.47083333134651184 0.3921875059604645 0.47708332538604736 0.39375001192092896 0.5104166865348816 0.3984375 0.512499988079071 0.4359374940395355 0.5062500238418579
8 0.5328124761581421 0.5416666865348816 0.5249999761581421 0.5958333611488342 0.5328124761581421 0.5854166746139526 0.535937488079071 0.5854166746139526 0.550000011920929 0.6000000238418579 0.5562499761581421 0.5687500238418579 0.557812511920929 0.5479166507720947
8 0.5078125 0.6729166507720947 0.5 0.6958333253860474 0.5 0.706250011920929 0.5375000238418579 0.7250000238418579 0.542187511920929 0.7145833373069763 0.546875 0.6916666626930237 0.5406249761581421 0.6854166388511658 0.535937488079071 0.6958333253860474 0.53125 0.6958333253860474 0.5140625238418579 0.6854166388511658 0.510937511920929 0.6812499761581421 0.512499988079071 0.6729166507720947
8 0.5 0.6187499761581421 0.49687498807907104 0.6187499761581421 0.47187501192092896 0.6583333611488342 0.47187501192092896 0.6625000238418579 0.48906248807907104 0.6812499761581421 0.4921875 0.6812499761581421 0.515625 0.643750011920929 0.5062500238418579 0.6312500238418579 0.5062500238418579 0.625
8 0.567187488079071 0.5958333611488342 0.559374988079071 0.6499999761581421 0.574999988079071 0.65625 0.5843750238418579 0.65625 0.5921875238418579 0.612500011920929 0.5921875238418579 0.6020833253860474 0.574999988079071 0.5958333611488342
8 0.6625000238418579 0.4749999940395355 0.659375011920929 0.4749999940395355 0.6343749761581421 0.5145833492279053 0.6343749761581421 0.518750011920929 0.651562511920929 0.5375000238418579 0.6546875238418579 0.5375000238418579 0.6796875 0.49791666865348816 0.6796875 0.4937500059604645
8 0.4234375059604645 0.59375 0.4203124940395355 0.59375 0.39531248807907104 0.6333333253860474 0.39531248807907104 0.637499988079071 0.4124999940395355 0.65625 0.41718751192092896 0.6541666388511658 0.41874998807907104 0.6458333134651184 0.4234375059604645 0.637499988079071 0.4281249940395355 0.637499988079071 0.4281249940395355 0.6312500238418579 0.4359374940395355 0.6104166507720947
8 0.4453125 0.5354166626930237 0.4390625059604645 0.5375000238418579 0.42500001192092896 0.581250011920929 0.42656248807907104 0.5874999761581421 0.44062501192092896 0.5958333611488342 0.4453125 0.5833333134651184 0.453125 0.5854166746139526 0.46406251192092896 0.5520833134651184 0.4625000059604645 0.5458333492279053