8 0.645312488079071 0.5083333253860474 0.6421874761581421 0.5083333253860474 0.6171875 0.5479166507720947 0.6171875 0.5520833134651184 0.6343749761581421 0.5708333253860474 0.637499988079071 0.5708333253860474 0.6625000238418579 0.53125 0.6625000238418579 0.5270833373069763
8 0.5609375238418579 0.6499999761581421 0.551562488079071 0.6479166746139526 0.518750011920929 0.6541666388511658 0.520312488079071 0.6875 0.5249999761581421 0.6895833611488342 0.5625 0.6833333373069763
8 0.4859375059604645 0.48124998807907104 0.4781250059604645 0.5354166626930237 0.4937500059604645 0.5416666865348816 0.503125011920929 0.5416666865348816 0.510937511920929 0.49791666865348816 0.510937511920929 0.48750001192092896 0.4937500059604645 0.48124998807907104
8 0.5796874761581421 0.5270833373069763 0.5765625238418579 0.5270833373069763 0.551562488079071 0.5666666626930237 0.551562488079071 0.5708333253860474 0.5687500238418579 0.5895833373069763 0.5718749761581421 0.5895833373069763 0.596875011920929 0.550000011920929 0.596875011920929 0.5458333492279053
8 0.5796874761581421 0.6000000238418579 0.5718749761581421 0.6541666388511658 0.5874999761581421 0.6604166626930237 0.596875011920929 0.6604166626930237 0.604687511920929 0.6166666746139526 0.604687511920929 0.606249988079071 0.5874999761581421 0.6000000238418579
8 0.45781248807907104 0.5625 0.44843751192092896 0.5604166388511658 0.4156250059604645 0.5666666626930237 0.41718751192092896 0.6000000238418579 0.421875 0.6020833253860474 0.4593749940395355 0.5958333611488342
8 0.512499988079071 0.5958333611488342 0.504687488079071 0.6499999761581421 0.512499988079071 0.6541666388511658 0.53125 0.6499999761581421 0.5375000238418579 0.6020833253860474 0.520312488079071 0.5958333611488342
8 0.628125011920929 0.4749999940395355 0.620312511920929 0.49791666865348816 0.620312511920929 0.5083333253860474 0.6343749761581421 0.5166666507720947 0.6421874761581421 0.5062500238418579 0.645312488079071 0.5062500238418579 0.6578124761581421 0.5208333134651184 0.660937488079071 0.5208333134651184 0.667187511920929 0.4937500059604645 0.659375011920929 0.4854166805744171 0.6546875238418579 0.4854166805744171 0.6421874761581421 0.47708332538604736
8 0.4359374940395355 0.6583333611488342 0.42656248807907104 0.65625 0.39375001192092896 0.6625000238418579 0.39531248807907104 0.6958333253860474 0.4000000059604645 0.6979166865348816 0.4375 0.6916666626930237
8 0.614062488079071 0.5104166865348816 0.6015625 0.4958333373069763 0.59375 0.49166667461395264 0.5687500238418579 0.53125 0.5687500238418579 0.5354166626930237 0.5765625238418579 0.5249999761581421 0.5796874761581421 0.5249999761581421 0.5921875238418579 0.5395833253860474 0.596875011920929 0.5416666865348816 0.6109374761581421 0.5208333134651184
8 0.621874988079071 0.53125 0.6187499761581421 0.53125 0.59375 0.5708333253860474 0.59375 0.574999988079071 0.6109374761581421 0.59375 0.614062488079071 0.59375 0.629687488079071 0.5708333253860474 0.629687488079071 0.5666666626930237 0.6156250238418579 0.5520833134651184 0.6156250238418579 0.5479166507720947 0.6234375238418579 0.5354166626930237