8 0.581250011920929 0.5895833373069763 0.573437511920929 0.643750011920929 0.589062511920929 0.6499999761581421 0.598437488079071 0.6499999761581421 0.606249988079071 0.606249988079071 0.606249988079071 0.5958333611488342 0.589062511920929 0.5895833373069763
8 0.5546875 0.49166667461395264 0.546875 0.5458333492279053 0.5625 0.5520833134651184 0.5718749761581421 0.5520833134651184 0.5796874761581421 0.5083333253860474 0.5796874761581421 0.49791666865348816 0.5625 0.49166667461395264
8 0.4312500059604645 0.625 0.4234375059604645 0.6791666746139526 0.4390625059604645 0.6854166388511658 0.44843751192092896 0.6854166388511658 0.45625001192092896 0.6416666507720947 0.45625001192092896 0.6312500238418579 0.4390625059604645 0.625
8 0.5062500238418579 0.5791666507720947 0.4984374940395355 0.6333333253860474 0.5140625238418579 0.6395833492279053 0.5234375 0.6395833492279053 0.53125 0.5958333611488342 0.53125 0.5854166746139526 0.5140625238418579 0.5791666507720947
8 0.47187501192092896 0.5666666626930237 0.46406251192092896 0.6208333373069763 0.47968751192092896 0.6270833611488342 0.48906248807907104 0.6270833611488342 0.49687498807907104 0.5833333134651184 0.49687498807907104 0.5729166865348816 0.47968751192092896 0.5666666626930237
8 0.49687498807907104 0.4749999940395355 0.48124998807907104 0.5249999761581421 0.4921875 0.5333333611488342 0.504687488079071 0.5375000238418579 0.520312488079071 0.48750001192092896 0.5015624761581421 0.4749999940395355
8 0.5375000238418579 0.6520833373069763 0.534375011920929 0.6520833373069763 0.5093749761581421 0.6916666626930237 0.5093749761581421 0.6958333253860474 0.526562511920929 0.7145833373069763 0.5296875238418579 0.7145833373069763 0.5546875 0.675000011920929 0.5546875 0.6708333492279053
8 0.49687498807907104 0.6229166388511658 0.4921875 0.6187499761581421 0.48906248807907104 0.6291666626930237 0.46562498807907104 0.625 0.45781248807907104 0.637499988079071 0.45625001192092896 0.6520833373069763 0.4703125059604645 0.668749988079071 0.47343748807907104 0.668749988079071 0.49531251192092896 0.6354166865348816
8 0.4703125059604645 0.5708333253860474 0.4609375 0.5687500238418579 0.4281249940395355 0.574999988079071 0.4296875 0.6083333492279053 0.43437498807907104 0.6104166507720947 0.4359374940395355 0.6083333492279053 0.4625000059604645 0.606249988079071 0.46562498807907104 0.6000000238418579
8 0.5953124761581421 0.6520833373069763 0.5796874761581421 0.6499999761581421 0.559374988079071 0.6833333373069763 0.559374988079071 0.6875 0.5765625238418579 0.706250011920929 0.5796874761581421 0.706250011920929 0.604687511920929 0.6666666865348816 0.604687511920929 0.6625000238418579
8 0.637499988079071 0.625 0.628125011920929 0.6229166388511658 0.6265624761581421 0.625 0.6031249761581421 0.6270833611488342 0.6000000238418579 0.6499999761581421 0.596875011920929 0.6520833373069763 0.606249988079071 0.6625000238418579 0.6390625238418579 0.6583333611488342
8 0.6625000238418579 0.5729166865348816 0.653124988079071 0.5708333253860474 0.620312511920929 0.5770833492279053 0.621874988079071 0.6104166507720947 0.6265624761581421 0.612500011920929 0.6640625 0.606249988079071
8 0.6703125238418579 0.6166666746139526 0.660937488079071 0.6145833134651184 0.628125011920929 0.6208333373069763 0.635937511920929 0.6208333373069763 0.6390625238418579 0.625 0.640625 0.6541666388511658 0.671875 0.6499999761581421
8 0.5874999761581421 0.5416666865348816 0.5765625238418579 0.5354166626930237 0.5718749761581421 0.5541666746139526 0.5562499761581421 0.5520833134651184 0.5484374761581421 0.5791666507720947 0.559374988079071 0.5874999761581421 0.5718749761581421 0.5916666388511658
8 0.4781250059604645 0.5354166626930237 0.4593749940395355 0.5229166746139526 0.4546875059604645 0.5229166746139526 0.4390625059604645 0.5708333253860474 0.46875 0.5666666626930237
8 0.5218750238418579 0.46666666865348816 0.518750011920929 0.4833333194255829 0.5218750238418579 0.49166667461395264 0.5140625238418579 0.512499988079071 0.5140625238418579 0.5208333134651184 0.5296875238418579 0.5270833373069763 0.5390625 0.5270833373069763 0.546875 0.4833333194255829 0.546875 0.4729166626930237