8 0.5546875 0.581250011920929 0.5453125238418579 0.5791666507720947 0.512499988079071 0.5854166746139526 0.5140625238418579 0.6187499761581421 0.518750011920929 0.6208333373069763 0.5562499761581421 0.6145833134651184
8 0.46406251192092896 0.6291666626930237 0.45625001192092896 0.6520833373069763 0.45625001192092896 0.6625000238418579 0.4937500059604645 0.6812499761581421 0.4984374940395355 0.6708333492279053 0.503125011920929 0.6479166746139526 0.49531251192092896 0.6395833492279053 0.4906249940395355 0.6395833492279053 0.4781250059604645 0.6312500238418579
8 0.6187499761581421 0.5104166865348816 0.6109374761581421 0.5333333611488342 0.6109374761581421 0.543749988079071 0.6484375 0.5625 0.653124988079071 0.5520833134651184 0.6578124761581421 0.5291666388511658 0.6499999761581421 0.5208333134651184 0.645312488079071 0.5208333134651184 0.6328125 0.512499988079071
8 0.4921875 0.5333333611488342 0.484375 0.5562499761581421 0.484375 0.5666666626930237 0.5140625238418579 0.5833333134651184 0.5234375 0.581250011920929 0.53125 0.5583333373069763 0.53125 0.5520833134651184 0.5234375 0.543749988079071 0.518750011920929 0.543749988079071 0.5062500238418579 0.5354166626930237
8 0.5562499761581421 0.4833333194255829 0.5484374761581421 0.5375000238418579 0.5640624761581421 0.543749988079071 0.573437511920929 0.543749988079071 0.581250011920929 0.5 0.581250011920929 0.4895833432674408 0.5640624761581421 0.4833333194255829
8 0.5328124761581421 0.5041666626930237 0.520312488079071 0.4895833432674408 0.512499988079071 0.4854166805744171 0.48750001192092896 0.5249999761581421 0.48750001192092896 0.5291666388511658 0.5140625238418579 0.5375000238418579 0.5296875238418579 0.5145833492279053
8 0.573437511920929 0.6312500238418579 0.565625011920929 0.6854166388511658 0.581250011920929 0.6916666626930237 0.590624988079071 0.6916666626930237 0.598437488079071 0.6479166746139526 0.598437488079071 0.637499988079071 0.581250011920929 0.6312500238418579
8 0.5796874761581421 0.5770833492279053 0.5765625238418579 0.5770833492279053 0.557812511920929 0.606249988079071 0.557812511920929 0.6145833134651184 0.551562488079071 0.6166666746139526 0.551562488079071 0.6208333373069763 0.5687500238418579 0.6395833492279053 0.5718749761581421 0.6312500238418579 0.578125 0.6291666626930237 0.596875011920929 0.6000000238418579 0.596875011920929 0.5958333611488342
8 0.6781250238418579 0.543749988079071 0.676562488079071 0.5416666865348816 0.65625 0.543749988079071 0.6484375 0.5645833611488342 0.635937511920929 0.5583333373069763 0.637499988079071 0.581250011920929 0.6421874761581421 0.5833333134651184 0.6796875 0.5770833492279053
8 0.40312498807907104 0.6229166388511658 0.39531248807907104 0.6770833134651184 0.41093748807907104 0.6833333373069763 0.4203124940395355 0.6833333373069763 0.4281249940395355 0.6395833492279053 0.4281249940395355 0.6291666626930237 0.41093748807907104 0.6229166388511658
8 0.45781248807907104 0.48124998807907104 0.44999998807907104 0.5354166626930237 0.46562498807907104 0.5416666865348816 0.4749999940395355 0.5416666865348816 0.4828124940395355 0.49791666865348816 0.4828124940395355 0.48750001192092896 0.46562498807907104 0.48124998807907104
8 0.542187511920929 0.47708332538604736 0.5390625 0.47708332538604736 0.526562511920929 0.4958333373069763 0.534375011920929 0.5041666626930237 0.534375011920929 0.5083333253860474 0.5218750238418579 0.5291666388511658 0.53125 0.5395833253860474 0.534375011920929 0.5395833253860474 0.550000011920929 0.5166666507720947 0.5531250238418579 0.4895833432674408
8 0.5953124761581421 0.6854166388511658 0.59375 0.6833333373069763 0.590624988079071 0.6937500238418579 0.581250011920929 0.6937500238418579 0.565625011920929 0.6875 0.5531250238418579 0.6895833611488342 0.5546875 0.7229166626930237 0.559374988079071 0.7250000238418579 0.596875011920929 0.71875