8 0.5546875 0.5562499761581421 0.546875 0.5791666507720947 0.546875 0.5895833373069763 0.5843750238418579 0.6083333492279053 0.589062511920929 0.5979166626930237 0.59375 0.574999988079071 0.5859375 0.5666666626930237 0.581250011920929 0.5666666626930237 0.5687500238418579 0.5583333373069763
8 0.5234375 0.5145833492279053 0.5171874761581421 0.5354166626930237 0.518750011920929 0.5479166507720947 0.546875 0.5625 0.550000011920929 0.5625 0.5546875 0.5541666746139526 0.559374988079071 0.5541666746139526 0.5640624761581421 0.5375000238418579 0.5625 0.5291666388511658 0.5562499761581421 0.5229166746139526 0.551562488079071 0.5229166746139526 0.5390625 0.5145833492279053 0.53125 0.512499988079071
8 0.6546875238418579 0.5291666388511658 0.645312488079071 0.5270833373069763 0.612500011920929 0.5333333611488342 0.614062488079071 0.5666666626930237 0.6187499761581421 0.5687500238418579 0.65625 0.5625
8 0.4828124940395355 0.5375000238418579 0.4749999940395355 0.5916666388511658 0.4906249940395355 0.5979166626930237 0.5 0.5979166626930237 0.5078125 0.5541666746139526 0.5078125 0.543749988079071 0.4906249940395355 0.5375000238418579
8 0.504687488079071 0.46666666865348816 0.5015624761581421 0.46666666865348816 0.4765625 0.5062500238418579 0.4765625 0.5104166865348816 0.4937500059604645 0.5291666388511658 0.49687498807907104 0.5291666388511658 0.5218750238418579 0.4895833432674408 0.5218750238418579 0.4854166805744171
8 0.4546875059604645 0.5270833373069763 0.4468750059604645 0.581250011920929 0.4625000059604645 0.5874999761581421 0.47187501192092896 0.5874999761581421 0.47968751192092896 0.543749988079071 0.47968751192092896 0.5333333611488342 0.4625000059604645 0.5270833373069763
8 0.421875 0.6020833253860474 0.40625 0.6520833373069763 0.41718751192092896 0.6604166626930237 0.4296875 0.6645833253860474 0.4453125 0.6145833134651184 0.42656248807907104 0.6020833253860474
8 0.528124988079071 0.6729166507720947 0.520312488079071 0.6958333253860474 0.520312488079071 0.706250011920929 0.557812511920929 0.7250000238418579 0.5625 0.7145833373069763 0.567187488079071 0.6916666626930237 0.559374988079071 0.6833333373069763 0.5546875 0.6833333373069763 0.542187511920929 0.675000011920929
8 0.653124988079071 0.6208333373069763 0.645312488079071 0.675000011920929 0.660937488079071 0.6812499761581421 0.6703125238418579 0.6812499761581421 0.6781250238418579 0.637499988079071 0.6781250238418579 0.6270833611488342 0.660937488079071 0.6208333373069763
8 0.567187488079071 0.4749999940395355 0.5640624761581421 0.4749999940395355 0.5406249761581421 0.512499988079071 0.543749988079071 0.5166666507720947 0.5562499761581421 0.5208333134651184 0.5640624761581421 0.5291666388511658 0.5843750238418579 0.49791666865348816 0.5843750238418579 0.4937500059604645
8 0.614062488079071 0.5916666388511658 0.606249988079071 0.6145833134651184 0.606249988079071 0.625 0.643750011920929 0.643750011920929 0.6484375 0.6333333253860474 0.653124988079071 0.6104166507720947 0.645312488079071 0.6020833253860474 0.640625 0.6020833253860474 0.628125011920929 0.59375
8 0.41718751192092896 0.4833333194255829 0.40156251192092896 0.5333333611488342 0.4124999940395355 0.5416666865348816 0.42500001192092896 0.5458333492279053 0.44062501192092896 0.4958333373069763 0.421875 0.4833333194255829