8 0.5546875 0.4833333194255829 0.546875 0.5375000238418579 0.5625 0.543749988079071 0.5718749761581421 0.543749988079071 0.5796874761581421 0.5 0.5796874761581421 0.4895833432674408 0.5625 0.4833333194255829
8 0.5874999761581421 0.5916666388511658 0.578125 0.5895833373069763 0.5453125238418579 0.5958333611488342 0.546875 0.6291666626930237 0.551562488079071 0.6312500238418579 0.589062511920929 0.625
8 0.5921875238418579 0.6875 0.582812488079071 0.6854166388511658 0.550000011920929 0.6916666626930237 0.551562488079071 0.7250000238418579 0.5562499761581421 0.7270833253860474 0.59375 0.7208333611488342
8 0.45781248807907104 0.6666666865348816 0.44999998807907104 0.6895833611488342 0.44999998807907104 0.699999988079071 0.48750001192092896 0.71875 0.4921875 0.7083333134651184 0.49687498807907104 0.6854166388511658 0.48906248807907104 0.6770833134651184 0.484375 0.6770833134651184 0.47187501192092896 0.668749988079071
8 0.5375000238418579 0.574999988079071 0.5218750238418579 0.625 0.5328124761581421 0.6333333253860474 0.5453125238418579 0.637499988079071 0.546875 0.6312500238418579 0.543749988079071 0.6145833134651184 0.543749988079071 0.5958333611488342 0.551562488079071 0.5916666388511658 0.5609375238418579 0.5916666388511658 0.5609375238418579 0.5874999761581421 0.542187511920929 0.574999988079071
8 0.589062511920929 0.6291666626930237 0.581250011920929 0.6270833611488342 0.5609375238418579 0.6312500238418579 0.550000011920929 0.6666666865348816 0.5609375238418579 0.675000011920929 0.573437511920929 0.6791666746139526
8 0.510937511920929 0.5208333134651184 0.5078125 0.5208333134651184 0.4828124940395355 0.5604166388511658 0.4828124940395355 0.5645833611488342 0.5 0.5833333134651184 0.503125011920929 0.5833333134651184 0.528124988079071 0.543749988079071 0.528124988079071 0.5395833253860474
8 0.6171875 0.59375 0.6015625 0.643750011920929 0.612500011920929 0.6520833373069763 0.625 0.65625 0.640625 0.606249988079071 0.621874988079071 0.59375
8 0.4906249940395355 0.6416666507720947 0.4828124940395355 0.6625000238418579 0.48124998807907104 0.6729166507720947 0.48906248807907104 0.675000011920929 0.4984374940395355 0.6854166388511658 0.4984374940395355 0.6916666626930237 0.4937500059604645 0.7041666507720947 0.4984374940395355 0.7041666507720947 0.5140625238418579 0.6541666388511658 0.49531251192092896 0.6416666507720947
8 0.5953124761581421 0.5479166507720947 0.5859375 0.5458333492279053 0.5531250238418579 0.5520833134651184 0.5546875 0.581250011920929 0.5609375238418579 0.5854166746139526 0.596875011920929 0.581250011920929
8 0.42500001192092896 0.4854166805744171 0.41718751192092896 0.5395833253860474 0.43281251192092896 0.5458333492279053 0.44218748807907104 0.5458333492279053 0.44999998807907104 0.5020833611488342 0.44999998807907104 0.49166667461395264 0.43281251192092896 0.4854166805744171
8 0.528124988079071 0.5479166507720947 0.5015624761581421 0.5895833373069763 0.503125011920929 0.5958333611488342 0.520312488079071 0.606249988079071 0.5249999761581421 0.606249988079071 0.5406249761581421 0.5604166388511658 0.5390625 0.5541666746139526
8 0.4078125059604645 0.4749999940395355 0.3921875059604645 0.5249999761581421 0.40312498807907104 0.5333333611488342 0.4156250059604645 0.5375000238418579 0.421875 0.49166667461395264 0.42500001192092896 0.4833333194255829 0.4124999940395355 0.4749999940395355
8 0.515625 0.6583333611488342 0.5093749761581421 0.675000011920929 0.504687488079071 0.7124999761581421 0.520312488079071 0.71875 0.5296875238418579 0.71875 0.5375000238418579 0.675000011920929 0.5375000238418579 0.6645833253860474
8 0.5843750238418579 0.4833333194255829 0.5765625238418579 0.5375000238418579 0.5921875238418579 0.543749988079071 0.6015625 0.543749988079071 0.609375 0.5 0.609375 0.4895833432674408 0.5921875238418579 0.4833333194255829
8 0.65625 0.6625000238418579 0.6484375 0.7166666388511658 0.6640625 0.7229166626930237 0.6734374761581421 0.7229166626930237 0.6812499761581421 0.6791666746139526 0.6812499761581421 0.668749988079071 0.6640625 0.6625000238418579
8 0.4515624940395355 0.5395833253860474 0.4437499940395355 0.59375 0.4593749940395355 0.6000000238418579 0.46875 0.6000000238418579 0.4765625 0.5562499761581421 0.4765625 0.5458333492279053 0.4593749940395355 0.5395833253860474