9 0.5093749761581421 0.5520833134651184 0.5078125 0.5541666746139526 0.5093749761581421 0.5666666626930237 0.5062500238418579 0.5708333253860474 0.5062500238418579 0.5770833492279053 0.515625 0.5895833373069763 0.515625 0.5958333611488342 0.5249999761581421 0.5979166626930237 0.5328124761581421 0.6083333492279053 0.5390625 0.606249988079071 0.551562488079071 0.5854166746139526 0.5546875 0.574999988079071 0.5406249761581421 0.5541666746139526 0.528124988079071 0.5458333492279053 0.5218750238418579 0.5458333492279053 0.5171874761581421 0.5520833134651184
9 0.4828124940395355 0.5 0.48124998807907104 0.5020833611488342 0.4828124940395355 0.5145833492279053 0.47968751192092896 0.518750011920929 0.47968751192092896 0.5249999761581421 0.48906248807907104 0.5375000238418579 0.4906249940395355 0.5458333492279053 0.4984374940395355 0.5458333492279053 0.5062500238418579 0.5562499761581421 0.5093749761581421 0.550000011920929 0.5140625238418579 0.550000011920929 0.528124988079071 0.5270833373069763 0.5234375 0.5145833492279053 0.5093749761581421 0.49791666865348816 0.49531251192092896 0.4937500059604645 0.4906249940395355 0.5
9 0.4359374940395355 0.6145833134651184 0.43437498807907104 0.6229166388511658 0.42500001192092896 0.6291666626930237 0.42500001192092896 0.6354166865348816 0.4281249940395355 0.6395833492279053 0.4281249940395355 0.6520833373069763 0.4390625059604645 0.6625000238418579 0.453125 0.668749988079071 0.46562498807907104 0.668749988079071 0.47343748807907104 0.637499988079071 0.47343748807907104 0.6291666626930237 0.4609375 0.6229166388511658 0.45625001192092896 0.6145833134651184
9 0.45625001192092896 0.550000011920929 0.4546875059604645 0.5583333373069763 0.4453125 0.5645833611488342 0.4453125 0.5708333253860474 0.44843751192092896 0.574999988079071 0.44843751192092896 0.5874999761581421 0.4593749940395355 0.5979166626930237 0.47343748807907104 0.6041666865348816 0.4859375059604645 0.6041666865348816 0.4937500059604645 0.5729166865348816 0.4937500059604645 0.5645833611488342 0.48124998807907104 0.5583333373069763 0.4765625 0.550000011920929
9 0.453125 0.5 0.4515624940395355 0.5020833611488342 0.453125 0.5145833492279053 0.44999998807907104 0.518750011920929 0.44999998807907104 0.5249999761581421 0.4593749940395355 0.5375000238418579 0.4593749940395355 0.543749988079071 0.46875 0.5458333492279053 0.47187501192092896 0.550000011920929 0.4765625 0.5479166507720947 0.4828124940395355 0.5541666746139526 0.48750001192092896 0.5458333492279053 0.48750001192092896 0.5375000238418579 0.4781250059604645 0.5249999761581421 0.4781250059604645 0.518750011920929 0.48124998807907104 0.5145833492279053 0.47968751192092896 0.5083333253860474 0.48124998807907104 0.5 0.47187501192092896 0.4937500059604645 0.46562498807907104 0.4937500059604645 0.4609375 0.5
9 0.6078125238418579 0.65625 0.606249988079071 0.6645833253860474 0.596875011920929 0.6708333492279053 0.596875011920929 0.6770833134651184 0.6000000238418579 0.6812499761581421 0.6000000238418579 0.6937500238418579 0.6109374761581421 0.7041666507720947 0.625 0.7104166746139526 0.637499988079071 0.7104166746139526 0.645312488079071 0.6791666746139526 0.645312488079071 0.6708333492279053 0.6328125 0.6645833253860474 0.628125011920929 0.65625
9 0.40312498807907104 0.6291666626930237 0.40312498807907104 0.643750011920929 0.3968749940395355 0.6541666388511658 0.4000000059604645 0.6625000238418579 0.4000000059604645 0.6833333373069763 0.4078125059604645 0.6833333373069763 0.4124999940395355 0.6937500238418579 0.41718751192092896 0.6937500238418579 0.4203124940395355 0.6854166388511658 0.4296875 0.6854166388511658 0.43437498807907104 0.6729166507720947 0.43437498807907104 0.6604166626930237 0.42656248807907104 0.6520833373069763 0.42656248807907104 0.6395833492279053 0.4234375059604645 0.6312500238418579
9 0.46875 0.612500011920929 0.4671874940395355 0.6208333373069763 0.4749999940395355 0.6291666626930237 0.47187501192092896 0.6458333134651184 0.4749999940395355 0.6499999761581421 0.4749999940395355 0.65625 0.484375 0.6583333611488342 0.4921875 0.668749988079071 0.4984374940395355 0.6666666865348816 0.510937511920929 0.6458333134651184 0.5140625238418579 0.6354166865348816 0.5 0.6145833134651184 0.48750001192092896 0.606249988079071 0.48124998807907104 0.606249988079071 0.4765625 0.612500011920929
9 0.5640624761581421 0.612500011920929 0.557812511920929 0.625 0.5546875 0.6395833492279053 0.5546875 0.6645833253860474 0.5625 0.6666666865348816 0.565625011920929 0.6770833134651184 0.5703125 0.6770833134651184 0.573437511920929 0.6708333492279053 0.5843750238418579 0.6729166507720947 0.5859375 0.6583333611488342 0.5921875238418579 0.6520833373069763 0.5921875238418579 0.6208333373069763
9 0.640625 0.518750011920929 0.640625 0.5333333611488342 0.6343749761581421 0.543749988079071 0.637499988079071 0.5520833134651184 0.637499988079071 0.5729166865348816 0.645312488079071 0.5729166865348816 0.6499999761581421 0.5833333134651184 0.6546875238418579 0.5833333134651184 0.6578124761581421 0.574999988079071 0.667187511920929 0.574999988079071 0.671875 0.5625 0.6734374761581421 0.5375000238418579 0.6703125238418579 0.5333333611488342 0.6703125238418579 0.5229166746139526
9 0.5953124761581421 0.6270833611488342 0.5953124761581421 0.6520833373069763 0.598437488079071 0.6666666865348816 0.6031249761581421 0.6666666865348816 0.6078125238418579 0.6541666388511658 0.6312500238418579 0.65625 0.6328125 0.6395833492279053 0.628125011920929 0.6354166865348816 0.625 0.6187499761581421 0.6156250238418579 0.6208333373069763 0.612500011920929 0.6145833134651184 0.606249988079071 0.6145833134651184 0.6031249761581421 0.625
9 0.5375000238418579 0.6208333373069763 0.534375011920929 0.6312500238418579 0.526562511920929 0.6333333253860474 0.526562511920929 0.6583333611488342 0.534375011920929 0.6854166388511658 0.5640624761581421 0.6770833134651184 0.5625 0.668749988079071 0.5531250238418579 0.6645833253860474 0.5531250238418579 0.6395833492279053 0.5562499761581421 0.625 0.546875 0.6270833611488342 0.543749988079071 0.6208333373069763