10 0.6343749761581421 0.47708332538604736 0.6312500238418579 0.49166667461395264 0.6328125 0.49791666865348816 0.640625 0.5083333253860474 0.6499999761581421 0.5166666507720947 0.6703125238418579 0.5166666507720947 0.668749988079071 0.4958333373069763 0.6640625 0.4854166805744171 0.651562511920929 0.4729166626930237 0.6390625238418579 0.4729166626930237
10 0.589062511920929 0.5041666626930237 0.581250011920929 0.512499988079071 0.5796874761581421 0.518750011920929 0.5796874761581421 0.543749988079071 0.581250011920929 0.550000011920929 0.589062511920929 0.5583333373069763 0.589062511920929 0.5625 0.59375 0.5645833611488342 0.5953124761581421 0.5583333373069763 0.606249988079071 0.543749988079071 0.606249988079071 0.5166666507720947 0.6000000238418579 0.5062500238418579
10 0.6171875 0.5645833611488342 0.6000000238418579 0.5666666626930237 0.5843750238418579 0.5854166746139526 0.582812488079071 0.6020833253860474 0.589062511920929 0.612500011920929 0.6015625 0.612500011920929 0.6156250238418579 0.5958333611488342 0.6187499761581421 0.5854166746139526 0.6171875 0.5791666507720947 0.6187499761581421 0.5666666626930237
10 0.421875 0.5833333134651184 0.41874998807907104 0.5979166626930237 0.4203124940395355 0.6041666865348816 0.4281249940395355 0.6145833134651184 0.4375 0.6229166388511658 0.45781248807907104 0.6229166388511658 0.45625001192092896 0.6020833253860474 0.4515624940395355 0.5916666388511658 0.4390625059604645 0.5791666507720947 0.42656248807907104 0.5791666507720947
10 0.4671874940395355 0.5333333611488342 0.4593749940395355 0.5416666865348816 0.45781248807907104 0.5479166507720947 0.45781248807907104 0.5729166865348816 0.4593749940395355 0.5791666507720947 0.4671874940395355 0.5874999761581421 0.4671874940395355 0.5916666388511658 0.47187501192092896 0.59375 0.47343748807907104 0.5874999761581421 0.4828124940395355 0.5770833492279053 0.484375 0.5708333253860474 0.484375 0.5458333492279053 0.4781250059604645 0.5354166626930237
10 0.43437498807907104 0.5458333492279053 0.42500001192092896 0.543749988079071 0.41718751192092896 0.5479166507720947 0.40625 0.5687500238418579 0.40625 0.5833333134651184 0.40937501192092896 0.5979166626930237 0.41718751192092896 0.59375 0.421875 0.581250011920929 0.42656248807907104 0.5770833492279053 0.43437498807907104 0.5770833492279053 0.4375 0.5729166865348816 0.4390625059604645 0.5541666746139526
10 0.6640625 0.543749988079071 0.65625 0.5520833134651184 0.6546875238418579 0.5583333373069763 0.6546875238418579 0.5833333134651184 0.65625 0.5895833373069763 0.6640625 0.5979166626930237 0.6640625 0.6020833253860474 0.668749988079071 0.6041666865348816 0.6703125238418579 0.5979166626930237 0.6796875 0.5874999761581421 0.6812499761581421 0.581250011920929 0.6812499761581421 0.5562499761581421 0.675000011920929 0.5458333492279053
10 0.4140625 0.6416666507720947 0.40625 0.6499999761581421 0.4046874940395355 0.65625 0.4046874940395355 0.6812499761581421 0.40625 0.6875 0.4140625 0.6958333253860474 0.4140625 0.699999988079071 0.41874998807907104 0.7020833492279053 0.4203124940395355 0.6958333253860474 0.4312500059604645 0.6812499761581421 0.4312500059604645 0.6541666388511658 0.42500001192092896 0.643750011920929
10 0.45625001192092896 0.6291666626930237 0.4390625059604645 0.6312500238418579 0.4281249940395355 0.643750011920929 0.43281251192092896 0.6541666388511658 0.43281251192092896 0.6770833134651184 0.44062501192092896 0.6770833134651184 0.4546875059604645 0.6604166626930237 0.45781248807907104 0.6499999761581421 0.45625001192092896 0.643750011920929 0.45781248807907104 0.6312500238418579
10 0.5562499761581421 0.5770833492279053 0.546875 0.5791666507720947 0.542187511920929 0.5854166746139526 0.5390625 0.6000000238418579 0.5390625 0.6187499761581421 0.546875 0.6312500238418579 0.5484374761581421 0.637499988079071 0.5531250238418579 0.637499988079071 0.5562499761581421 0.6312500238418579 0.5640624761581421 0.625 0.567187488079071 0.6104166507720947 0.567187488079071 0.5895833373069763 0.5625 0.581250011920929
10 0.46562498807907104 0.6208333373069763 0.4546875059604645 0.625 0.4515624940395355 0.6291666626930237 0.45625001192092896 0.6270833611488342 0.4593749940395355 0.6312500238418579 0.45781248807907104 0.6395833492279053 0.4593749940395355 0.6499999761581421 0.45625001192092896 0.6604166626930237 0.4515624940395355 0.6666666865348816 0.45781248807907104 0.6812499761581421 0.4625000059604645 0.6812499761581421 0.46562498807907104 0.675000011920929 0.47343748807907104 0.668749988079071 0.4765625 0.6541666388511658 0.4765625 0.6333333253860474 0.47187501192092896 0.625
10 0.44062501192092896 0.4895833432674408 0.4375 0.5041666626930237 0.4390625059604645 0.5104166865348816 0.4468750059604645 0.5208333134651184 0.45625001192092896 0.5291666388511658 0.4765625 0.5291666388511658 0.4749999940395355 0.5083333253860474 0.4703125059604645 0.49791666865348816 0.45781248807907104 0.4854166805744171 0.4453125 0.4854166805744171
10 0.4921875 0.5916666388511658 0.4937500059604645 0.6020833253860474 0.5 0.6104166507720947 0.5062500238418579 0.612500011920929 0.5249999761581421 0.612500011920929 0.5328124761581421 0.6020833253860474 0.5375000238418579 0.6000000238418579 0.5375000238418579 0.5916666388511658 0.528124988079071 0.5791666507720947 0.5140625238418579 0.574999988079071 0.503125011920929 0.574999988079071 0.49687498807907104 0.5791666507720947