10 0.4593749940395355 0.48124998807907104 0.44218748807907104 0.4833333194255829 0.42656248807907104 0.5020833611488342 0.42500001192092896 0.518750011920929 0.4312500059604645 0.5291666388511658 0.4437499940395355 0.5291666388511658 0.45781248807907104 0.512499988079071 0.4609375 0.5020833611488342 0.4593749940395355 0.4958333373069763 0.4609375 0.4833333194255829
10 0.581250011920929 0.5479166507720947 0.582812488079071 0.5583333373069763 0.589062511920929 0.5666666626930237 0.5953124761581421 0.5687500238418579 0.614062488079071 0.5687500238418579 0.621874988079071 0.5583333373069763 0.6265624761581421 0.5562499761581421 0.6265624761581421 0.5479166507720947 0.6171875 0.5354166626930237 0.6031249761581421 0.53125 0.5921875238418579 0.53125 0.5859375 0.5354166626930237
10 0.5562499761581421 0.6291666626930237 0.5390625 0.6312500238418579 0.5234375 0.6499999761581421 0.5218750238418579 0.6666666865348816 0.528124988079071 0.6770833134651184 0.5406249761581421 0.6770833134651184 0.5546875 0.6604166626930237 0.557812511920929 0.6499999761581421 0.5562499761581421 0.643750011920929 0.557812511920929 0.6312500238418579
10 0.574999988079071 0.625 0.565625011920929 0.6229166388511658 0.557812511920929 0.6270833611488342 0.559374988079071 0.6312500238418579 0.557812511920929 0.6395833492279053 0.559374988079071 0.6499999761581421 0.5562499761581421 0.6604166626930237 0.5484374761581421 0.668749988079071 0.550000011920929 0.6770833134651184 0.5531250238418579 0.6770833134651184 0.5562499761581421 0.6729166507720947 0.567187488079071 0.6708333492279053 0.578125 0.6520833373069763 0.5796874761581421 0.6333333253860474
10 0.590624988079071 0.6666666865348816 0.582812488079071 0.675000011920929 0.581250011920929 0.6812499761581421 0.581250011920929 0.706250011920929 0.582812488079071 0.7124999761581421 0.590624988079071 0.7208333611488342 0.590624988079071 0.7250000238418579 0.5953124761581421 0.7270833253860474 0.596875011920929 0.7208333611488342 0.606249988079071 0.7104166746139526 0.6078125238418579 0.7041666507720947 0.6078125238418579 0.6791666746139526 0.6015625 0.668749988079071
10 0.48124998807907104 0.5145833492279053 0.47187501192092896 0.5166666507720947 0.4671874940395355 0.5229166746139526 0.46406251192092896 0.5375000238418579 0.46406251192092896 0.5562499761581421 0.47187501192092896 0.5687500238418579 0.47343748807907104 0.574999988079071 0.4781250059604645 0.574999988079071 0.48124998807907104 0.5687500238418579 0.48906248807907104 0.5625 0.4921875 0.5479166507720947 0.4921875 0.5270833373069763 0.48750001192092896 0.518750011920929
10 0.44843751192092896 0.6312500238418579 0.4390625059604645 0.6333333253860474 0.43437498807907104 0.6395833492279053 0.4312500059604645 0.6541666388511658 0.4312500059604645 0.6729166507720947 0.4390625059604645 0.6854166388511658 0.44062501192092896 0.6916666626930237 0.4453125 0.6916666626930237 0.44843751192092896 0.6854166388511658 0.45625001192092896 0.6791666746139526 0.4593749940395355 0.6645833253860474 0.4593749940395355 0.643750011920929 0.4546875059604645 0.6354166865348816
10 0.676562488079071 0.5583333373069763 0.667187511920929 0.5562499761581421 0.659375011920929 0.5604166388511658 0.6484375 0.581250011920929 0.6484375 0.5958333611488342 0.651562511920929 0.6104166507720947 0.6546875238418579 0.6104166507720947 0.6578124761581421 0.606249988079071 0.668749988079071 0.6041666865348816 0.6796875 0.5854166746139526 0.6812499761581421 0.5666666626930237
10 0.5171874761581421 0.46875 0.5 0.47083333134651184 0.484375 0.4895833432674408 0.4828124940395355 0.5062500238418579 0.48906248807907104 0.5166666507720947 0.5015624761581421 0.5166666507720947 0.515625 0.5 0.518750011920929 0.4895833432674408 0.5171874761581421 0.4833333194255829 0.518750011920929 0.47083333134651184
10 0.5796874761581421 0.6187499761581421 0.578125 0.6291666626930237 0.581250011920929 0.6333333253860474 0.581250011920929 0.643750011920929 0.5953124761581421 0.6583333611488342 0.6156250238418579 0.6583333611488342 0.614062488079071 0.637499988079071 0.609375 0.6270833611488342 0.596875011920929 0.6145833134651184 0.5843750238418579 0.6145833134651184
10 0.5218750238418579 0.49166667461395264 0.518750011920929 0.49166667461395264 0.5171874761581421 0.5 0.5015624761581421 0.518750011920929 0.5015624761581421 0.53125 0.5093749761581421 0.543749988079071 0.510937511920929 0.550000011920929 0.515625 0.550000011920929 0.528124988079071 0.5333333611488342 0.5296875238418579 0.5020833611488342
10 0.637499988079071 0.6812499761581421 0.6343749761581421 0.6958333253860474 0.635937511920929 0.7020833492279053 0.643750011920929 0.7124999761581421 0.653124988079071 0.7208333611488342 0.6734374761581421 0.7208333611488342 0.671875 0.699999988079071 0.667187511920929 0.6895833611488342 0.6546875238418579 0.6770833134651184 0.6421874761581421 0.6770833134651184
10 0.4203124940395355 0.637499988079071 0.4124999940395355 0.6458333134651184 0.41093748807907104 0.6520833373069763 0.41093748807907104 0.6770833134651184 0.4124999940395355 0.6833333373069763 0.4203124940395355 0.6916666626930237 0.4203124940395355 0.6958333253860474 0.42500001192092896 0.6979166865348816 0.42656248807907104 0.6916666626930237 0.43437498807907104 0.6833333373069763 0.4296875 0.6729166507720947 0.4296875 0.6541666388511658 0.43281251192092896 0.6416666507720947 0.4281249940395355 0.637499988079071
10 0.625 0.5354166626930237 0.625 0.5416666865348816 0.6421874761581421 0.5562499761581421 0.659375011920929 0.5562499761581421 0.6640625 0.5541666746139526 0.6703125238418579 0.5458333492279053 0.668749988079071 0.5270833373069763 0.6640625 0.5208333134651184 0.659375011920929 0.518750011920929 0.637499988079071 0.5208333134651184 0.629687488079071 0.5333333611488342
10 0.5015624761581421 0.625 0.484375 0.6270833611488342 0.46875 0.6458333134651184 0.4671874940395355 0.6625000238418579 0.47343748807907104 0.6729166507720947 0.4859375059604645 0.6729166507720947 0.5 0.65625 0.503125011920929 0.6458333134651184 0.5015624761581421 0.6395833492279053 0.503125011920929 0.6270833611488342