0 0.5703125 0.5854166746139526 0.5609375238418579 0.5916666388511658 0.5328124761581421 0.625 0.5328124761581421 0.6312500238418579 0.550000011920929 0.6583333611488342 0.559374988079071 0.6520833373069763 0.5874999761581421 0.6187499761581421 0.5859375 0.6083333492279053
0 0.5234375 0.4854166805744171 0.520312488079071 0.4854166805744171 0.4828124940395355 0.5208333134651184 0.4984374940395355 0.5541666746139526 0.504687488079071 0.5520833134651184 0.5390625 0.5208333134651184 0.5375000238418579 0.5104166865348816
0 0.6187499761581421 0.5895833373069763 0.614062488079071 0.6229166388511658 0.6156250238418579 0.6291666626930237 0.6640625 0.637499988079071 0.667187511920929 0.6145833134651184 0.6656249761581421 0.5958333611488342
0 0.643750011920929 0.5395833253860474 0.629687488079071 0.5874999761581421 0.660937488079071 0.59375 0.6640625 0.5833333134651184 0.667187511920929 0.581250011920929 0.671875 0.5541666746139526
0 0.5921875238418579 0.5520833134651184 0.590624988079071 0.6187499761581421 0.614062488079071 0.6208333373069763 0.6156250238418579 0.59375 0.6187499761581421 0.5874999761581421 0.621874988079071 0.5874999761581421 0.621874988079071 0.5541666746139526
0 0.48124998807907104 0.5395833253860474 0.4828124940395355 0.5520833134651184 0.504687488079071 0.5979166626930237 0.5093749761581421 0.5979166626930237 0.53125 0.5791666507720947 0.5171874761581421 0.543749988079071 0.4984374940395355 0.5562499761581421 0.48750001192092896 0.5354166626930237
0 0.42656248807907104 0.6395833492279053 0.41093748807907104 0.6895833611488342 0.40937501192092896 0.7020833492279053 0.42656248807907104 0.7124999761581421 0.4375 0.7145833373069763 0.4453125 0.6875 0.44999998807907104 0.6812499761581421 0.4546875059604645 0.6541666388511658
0 0.4984374940395355 0.6520833373069763 0.4937500059604645 0.6770833134651184 0.4937500059604645 0.6916666626930237 0.542187511920929 0.7020833492279053 0.546875 0.6625000238418579 0.503125011920929 0.6499999761581421
0 0.6390625238418579 0.48124998807907104 0.629687488079071 0.48750001192092896 0.6015625 0.5208333134651184 0.6015625 0.5270833373069763 0.6171875 0.5520833134651184 0.6234375238418579 0.5520833134651184 0.65625 0.5145833492279053 0.6546875238418579 0.5041666626930237
0 0.6390625238418579 0.6354166865348816 0.6187499761581421 0.6333333253860474 0.612500011920929 0.6270833611488342 0.612500011920929 0.6229166388511658 0.6031249761581421 0.6229166388511658 0.5843750238418579 0.643750011920929 0.5843750238418579 0.6499999761581421 0.6000000238418579 0.675000011920929 0.604687511920929 0.6770833134651184
0 0.53125 0.4749999940395355 0.528124988079071 0.4895833432674408 0.5390625 0.5104166865348816 0.5406249761581421 0.518750011920929 0.574999988079071 0.5249999761581421 0.5796874761581421 0.4854166805744171 0.535937488079071 0.4729166626930237
0 0.6312500238418579 0.6499999761581421 0.606249988079071 0.6770833134651184 0.6234375238418579 0.7229166626930237 0.6499999761581421 0.706250011920929
0 0.44999998807907104 0.6166666746139526 0.44218748807907104 0.643750011920929 0.45625001192092896 0.6541666388511658 0.45625001192092896 0.6604166626930237 0.4515624940395355 0.6729166507720947 0.4515624940395355 0.6812499761581421 0.4468750059604645 0.6875 0.4609375 0.6916666626930237 0.46875 0.6645833253860474 0.47343748807907104 0.6583333611488342 0.4781250059604645 0.6312500238418579
0 0.4593749940395355 0.5104166865348816 0.46406251192092896 0.5145833492279053 0.484375 0.5166666507720947 0.512499988079071 0.49166667461395264 0.512499988079071 0.48124998807907104 0.46406251192092896 0.4729166626930237
0 0.4359374940395355 0.5 0.43281251192092896 0.5 0.39531248807907104 0.5354166626930237 0.41093748807907104 0.5687500238418579 0.41718751192092896 0.5666666626930237 0.4515624940395355 0.5354166626930237 0.44999998807907104 0.5249999761581421