0 0.5687500238418579 0.48750001192092896 0.5640624761581421 0.5208333134651184 0.565625011920929 0.5270833373069763 0.614062488079071 0.5354166626930237 0.6171875 0.512499988079071 0.6156250238418579 0.4937500059604645
0 0.47343748807907104 0.5291666388511658 0.46875 0.5625 0.4703125059604645 0.5687500238418579 0.518750011920929 0.5770833492279053 0.5218750238418579 0.5541666746139526 0.520312488079071 0.5354166626930237
0 0.6109374761581421 0.6541666388511658 0.6015625 0.6604166626930237 0.573437511920929 0.6937500238418579 0.573437511920929 0.699999988079071 0.590624988079071 0.7270833253860474 0.6000000238418579 0.7208333611488342 0.628125011920929 0.6875 0.6265624761581421 0.6770833134651184
0 0.4140625 0.6354166865348816 0.40937501192092896 0.668749988079071 0.41093748807907104 0.675000011920929 0.4593749940395355 0.6833333373069763 0.4625000059604645 0.6604166626930237 0.4609375 0.6416666507720947
0 0.512499988079071 0.4791666567325592 0.510937511920929 0.5333333611488342 0.520312488079071 0.5333333611488342 0.5234375 0.5375000238418579 0.5234375 0.5479166507720947 0.5390625 0.5479166507720947 0.542187511920929 0.543749988079071 0.542187511920929 0.48124998807907104
0 0.453125 0.5645833611488342 0.44843751192092896 0.5895833373069763 0.44843751192092896 0.6041666865348816 0.49687498807907104 0.6145833134651184 0.5015624761581421 0.5770833492279053 0.47343748807907104 0.5729166865348816 0.46562498807907104 0.5645833611488342 0.45781248807907104 0.5625
0 0.609375 0.5895833373069763 0.590624988079071 0.6020833253860474 0.589062511920929 0.612500011920929 0.604687511920929 0.65625 0.6109374761581421 0.6520833373069763 0.6187499761581421 0.6604166626930237 0.6343749761581421 0.6499999761581421 0.635937511920929 0.643750011920929 0.6171875 0.5916666388511658
0 0.5078125 0.606249988079071 0.5 0.6041666865348816 0.49687498807907104 0.6166666746139526 0.45781248807907104 0.6083333492279053 0.4546875059604645 0.6354166865348816 0.4593749940395355 0.6395833492279053 0.504687488079071 0.6458333134651184
0 0.4156250059604645 0.59375 0.4156250059604645 0.6020833253860474 0.4281249940395355 0.6354166865348816 0.45781248807907104 0.6395833492279053 0.453125 0.6354166865348816 0.4546875059604645 0.6104166507720947 0.453125 0.606249988079071 0.4468750059604645 0.6041666865348816 0.4468750059604645 0.5895833373069763 0.44218748807907104 0.5791666507720947 0.4359374940395355 0.5791666507720947
0 0.46406251192092896 0.6729166507720947 0.4593749940395355 0.706250011920929 0.4609375 0.7124999761581421 0.5093749761581421 0.7208333611488342 0.512499988079071 0.6979166865348816 0.510937511920929 0.6791666746139526
0 0.528124988079071 0.6395833492279053 0.518750011920929 0.6458333134651184 0.4937500059604645 0.675000011920929 0.510937511920929 0.6770833134651184 0.5140625238418579 0.6812499761581421 0.512499988079071 0.7104166746139526 0.5453125238418579 0.6729166507720947 0.543749988079071 0.6625000238418579
0 0.567187488079071 0.6229166388511658 0.5562499761581421 0.6000000238418579 0.5484374761581421 0.59375 0.5140625238418579 0.625 0.510937511920929 0.6333333253860474 0.5171874761581421 0.6458333134651184 0.528124988079071 0.637499988079071 0.5390625 0.6541666388511658 0.567187488079071 0.6291666626930237
0 0.6187499761581421 0.5104166865348816 0.614062488079071 0.5375000238418579 0.5921875238418579 0.5333333611488342 0.5796874761581421 0.5479166507720947 0.5796874761581421 0.5541666746139526 0.596875011920929 0.581250011920929 0.606249988079071 0.574999988079071 0.6343749761581421 0.5416666865348816 0.6328125 0.53125
0 0.6328125 0.48124998807907104 0.6187499761581421 0.4937500059604645 0.6187499761581421 0.5083333253860474 0.635937511920929 0.5354166626930237 0.635937511920929 0.5416666865348816 0.6312500238418579 0.5479166507720947 0.635937511920929 0.5562499761581421 0.640625 0.5562499761581421 0.6625000238418579 0.5375000238418579 0.6625000238418579 0.5333333611488342 0.637499988079071 0.48124998807907104