0 0.4625000059604645 0.6604166626930237 0.45781248807907104 0.6937500238418579 0.4593749940395355 0.699999988079071 0.5078125 0.7083333134651184 0.510937511920929 0.6854166388511658 0.5093749761581421 0.6666666865348816
0 0.5859375 0.5291666388511658 0.5703125 0.5791666507720947 0.5687500238418579 0.5916666388511658 0.5859375 0.6020833253860474 0.596875011920929 0.6041666865348816 0.604687511920929 0.5770833492279053 0.609375 0.5708333253860474 0.614062488079071 0.543749988079071
0 0.5390625 0.5916666388511658 0.5375000238418579 0.6583333611488342 0.565625011920929 0.6604166626930237 0.5687500238418579 0.65625 0.5687500238418579 0.59375
0 0.4828124940395355 0.5208333134651184 0.4781250059604645 0.5458333492279053 0.4781250059604645 0.5604166388511658 0.526562511920929 0.5708333253860474 0.53125 0.53125 0.48750001192092896 0.518750011920929
0 0.44062501192092896 0.5854166746139526 0.4390625059604645 0.6520833373069763 0.4671874940395355 0.6541666388511658 0.4703125059604645 0.6499999761581421 0.4703125059604645 0.5874999761581421
0 0.4609375 0.4854166805744171 0.45781248807907104 0.4854166805744171 0.4203124940395355 0.5208333134651184 0.4359374940395355 0.5541666746139526 0.44218748807907104 0.5520833134651184 0.4765625 0.5208333134651184 0.4749999940395355 0.5104166865348816
0 0.6109374761581421 0.48750001192092896 0.590624988079071 0.5041666626930237 0.590624988079071 0.512499988079071 0.6000000238418579 0.5333333611488342 0.6156250238418579 0.543749988079071 0.612500011920929 0.5604166388511658 0.6187499761581421 0.5625 0.640625 0.543749988079071 0.640625 0.5395833253860474 0.6187499761581421 0.49166667461395264
0 0.614062488079071 0.6020833253860474 0.59375 0.6187499761581421 0.59375 0.6270833611488342 0.6156250238418579 0.675000011920929 0.621874988079071 0.6770833134651184 0.643750011920929 0.6583333611488342 0.643750011920929 0.6541666388511658 0.6187499761581421 0.6020833253860474
0 0.6328125 0.4791666567325592 0.6312500238418579 0.5166666507720947 0.6421874761581421 0.5395833253860474 0.6421874761581421 0.543749988079071 0.637499988079071 0.5479166507720947 0.659375011920929 0.5479166507720947 0.6625000238418579 0.543749988079071 0.6625000238418579 0.48124998807907104
0 0.4312500059604645 0.637499988079071 0.42500001192092896 0.637499988079071 0.4046874940395355 0.6520833373069763 0.4046874940395355 0.6604166626930237 0.42500001192092896 0.7124999761581421 0.4515624940395355 0.6958333253860474
0 0.573437511920929 0.5041666626930237 0.5640624761581421 0.5104166865348816 0.535937488079071 0.543749988079071 0.535937488079071 0.550000011920929 0.5531250238418579 0.5770833492279053 0.5562499761581421 0.5770833492279053 0.578125 0.5520833134651184 0.582812488079071 0.53125 0.589062511920929 0.5270833373069763
0 0.535937488079071 0.643750011920929 0.5328124761581421 0.6791666746139526 0.581250011920929 0.6895833611488342 0.5859375 0.6499999761581421 0.5703125 0.6458333134651184 0.5703125 0.65625 0.565625011920929 0.6625000238418579 0.5406249761581421 0.6625000238418579 0.535937488079071 0.6583333611488342