0 0.6234375238418579 0.5333333611488342 0.620312511920929 0.5333333611488342 0.582812488079071 0.5687500238418579 0.598437488079071 0.6020833253860474 0.604687511920929 0.6000000238418579 0.6390625238418579 0.5687500238418579 0.637499988079071 0.5583333373069763
0 0.47968751192092896 0.5 0.47343748807907104 0.5 0.453125 0.5145833492279053 0.453125 0.5229166746139526 0.47343748807907104 0.574999988079071 0.5 0.5583333373069763
0 0.43281251192092896 0.6166666746139526 0.4312500059604645 0.6833333373069763 0.4593749940395355 0.6854166388511658 0.4625000059604645 0.6812499761581421 0.4625000059604645 0.6187499761581421
0 0.5453125238418579 0.49791666865348816 0.5249999761581421 0.5145833492279053 0.5249999761581421 0.5229166746139526 0.546875 0.5708333253860474 0.5531250238418579 0.5729166865348816 0.574999988079071 0.5541666746139526 0.574999988079071 0.550000011920929 0.550000011920929 0.49791666865348816
0 0.4140625 0.675000011920929 0.40937501192092896 0.7083333134651184 0.41093748807907104 0.7145833373069763 0.4593749940395355 0.7229166626930237 0.4625000059604645 0.6833333373069763 0.4593749940395355 0.6875 0.43437498807907104 0.6875 0.4296875 0.6833333373069763 0.4296875 0.6770833134651184
0 0.5562499761581421 0.6229166388511658 0.546875 0.6291666626930237 0.518750011920929 0.6625000238418579 0.518750011920929 0.668749988079071 0.535937488079071 0.6958333253860474 0.5453125238418579 0.6895833611488342 0.573437511920929 0.65625 0.5718749761581421 0.6458333134651184
0 0.6343749761581421 0.6354166865348816 0.628125011920929 0.6354166865348816 0.6078125238418579 0.6499999761581421 0.6078125238418579 0.6583333611488342 0.628125011920929 0.7104166746139526 0.6546875238418579 0.6937500238418579
0 0.48906248807907104 0.6395833492279053 0.4859375059604645 0.6395833492279053 0.46406251192092896 0.6604166626930237 0.4625000059604645 0.7020833492279053 0.46406251192092896 0.7083333134651184 0.4703125059604645 0.706250011920929 0.504687488079071 0.675000011920929 0.503125011920929 0.6645833253860474
0 0.46875 0.5729166865348816 0.453125 0.5833333134651184 0.4515624940395355 0.59375 0.4593749940395355 0.6145833134651184 0.46406251192092896 0.6187499761581421 0.46875 0.6416666507720947 0.4749999940395355 0.6458333134651184 0.49687498807907104 0.6312500238418579 0.4984374940395355 0.625 0.48124998807907104 0.5770833492279053 0.47343748807907104 0.5770833492279053
0 0.5062500238418579 0.5541666746139526 0.504687488079071 0.6208333373069763 0.5328124761581421 0.6229166388511658 0.535937488079071 0.6187499761581421 0.535937488079071 0.5562499761581421
0 0.44843751192092896 0.5104166865348816 0.4453125 0.5104166865348816 0.4078125059604645 0.5458333492279053 0.4078125059604645 0.550000011920929 0.4234375059604645 0.5791666507720947 0.4296875 0.5770833492279053 0.4609375 0.5479166507720947
0 0.5765625238418579 0.543749988079071 0.5765625238418579 0.5541666746139526 0.5703125 0.5625 0.559374988079071 0.606249988079071 0.5765625238418579 0.6166666746139526 0.5874999761581421 0.6187499761581421 0.59375 0.5958333611488342 0.581250011920929 0.5687500238418579 0.596875011920929 0.5541666746139526
0 0.6015625 0.6104166507720947 0.5953124761581421 0.6104166507720947 0.5874999761581421 0.6208333373069763 0.5796874761581421 0.6208333373069763 0.574999988079071 0.625 0.574999988079071 0.6333333253860474 0.5953124761581421 0.6854166388511658 0.612500011920929 0.675000011920929 0.606249988079071 0.6583333611488342 0.606249988079071 0.6499999761581421 0.614062488079071 0.6416666507720947
0 0.5640624761581421 0.4791666567325592 0.5625 0.48124998807907104 0.5640624761581421 0.5249999761581421 0.573437511920929 0.543749988079071 0.5796874761581421 0.5416666865348816 0.590624988079071 0.5479166507720947 0.59375 0.543749988079071 0.59375 0.48124998807907104
0 0.6312500238418579 0.5208333134651184 0.628125011920929 0.5375000238418579 0.640625 0.5625 0.676562488079071 0.5687500238418579 0.6796875 0.5458333492279053 0.6781250238418579 0.5270833373069763