0 0.4921875 0.5874999761581421 0.4828124940395355 0.59375 0.4546875059604645 0.6270833611488342 0.4546875059604645 0.6333333253860474 0.47187501192092896 0.6604166626930237 0.48124998807907104 0.6541666388511658 0.5093749761581421 0.6208333373069763 0.5078125 0.6104166507720947
0 0.5640624761581421 0.6625000238418579 0.559374988079071 0.6875 0.559374988079071 0.7020833492279053 0.6078125238418579 0.7124999761581421 0.612500011920929 0.6729166507720947 0.5687500238418579 0.6604166626930237
0 0.5062500238418579 0.6458333134651184 0.504687488079071 0.7124999761581421 0.5328124761581421 0.7145833373069763 0.535937488079071 0.7104166746139526 0.535937488079071 0.6479166746139526
0 0.44062501192092896 0.6479166746139526 0.4390625059604645 0.7145833373069763 0.4671874940395355 0.7166666388511658 0.4703125059604645 0.7124999761581421 0.46875 0.65625 0.4625000059604645 0.6479166746139526
0 0.4984374940395355 0.5375000238418579 0.4937500059604645 0.5708333253860474 0.49531251192092896 0.5770833492279053 0.543749988079071 0.5854166746139526 0.546875 0.5625 0.5453125238418579 0.543749988079071
0 0.653124988079071 0.5416666865348816 0.637499988079071 0.5916666388511658 0.635937511920929 0.6041666865348816 0.653124988079071 0.6145833134651184 0.6640625 0.6166666746139526 0.671875 0.5895833373069763 0.676562488079071 0.5833333134651184 0.6812499761581421 0.5562499761581421
0 0.4749999940395355 0.5041666626930237 0.46875 0.5041666626930237 0.44843751192092896 0.518750011920929 0.44843751192092896 0.5270833373069763 0.46875 0.5791666507720947 0.4937500059604645 0.5645833611488342 0.4937500059604645 0.5541666746139526
0 0.5874999761581421 0.6229166388511658 0.546875 0.6583333611488342 0.559374988079071 0.6854166388511658 0.5609375238418579 0.6666666865348816 0.565625011920929 0.6583333611488342 0.59375 0.6666666865348816 0.6031249761581421 0.6583333611488342 0.6015625 0.6479166746139526
0 0.5640624761581421 0.5791666507720947 0.559374988079071 0.5791666507720947 0.5390625 0.5958333611488342 0.5390625 0.6041666865348816 0.557812511920929 0.6458333134651184 0.5843750238418579 0.6208333373069763
0 0.4515624940395355 0.5687500238418579 0.4312500059604645 0.5854166746139526 0.4312500059604645 0.59375 0.453125 0.6416666507720947 0.4593749940395355 0.643750011920929 0.453125 0.6333333253860474 0.453125 0.6270833611488342 0.47343748807907104 0.6041666865348816 0.45625001192092896 0.5687500238418579
0 0.590624988079071 0.5375000238418579 0.581250011920929 0.543749988079071 0.5531250238418579 0.5770833492279053 0.5531250238418579 0.5833333134651184 0.559374988079071 0.5770833492279053 0.5640624761581421 0.5770833492279053 0.578125 0.6041666865348816 0.6078125238418579 0.5708333253860474 0.606249988079071 0.5604166388511658
0 0.6343749761581421 0.6520833373069763 0.629687488079071 0.6854166388511658 0.6312500238418579 0.6916666626930237 0.6796875 0.699999988079071 0.682812511920929 0.6770833134651184 0.6812499761581421 0.6583333611488342