0 0.49687498807907104 0.5791666507720947 0.49531251192092896 0.6458333134651184 0.5234375 0.6479166746139526 0.526562511920929 0.643750011920929 0.526562511920929 0.581250011920929
0 0.5921875238418579 0.5249999761581421 0.5859375 0.5249999761581421 0.565625011920929 0.5395833253860474 0.565625011920929 0.5479166507720947 0.5859375 0.6000000238418579 0.612500011920929 0.5833333134651184
0 0.4437499940395355 0.643750011920929 0.44062501192092896 0.643750011920929 0.40312498807907104 0.6791666746139526 0.41874998807907104 0.7124999761581421 0.42500001192092896 0.7104166746139526 0.4593749940395355 0.6791666746139526 0.45781248807907104 0.668749988079071
0 0.621874988079071 0.512499988079071 0.6156250238418579 0.512499988079071 0.5953124761581421 0.5270833373069763 0.6156250238418579 0.5874999761581421 0.6421874761581421 0.5708333253860474
0 0.6078125238418579 0.6520833373069763 0.6031249761581421 0.6770833134651184 0.6031249761581421 0.6916666626930237 0.651562511920929 0.7020833492279053 0.65625 0.6625000238418579 0.612500011920929 0.6499999761581421
0 0.42656248807907104 0.5666666626930237 0.40625 0.5833333134651184 0.40625 0.5916666388511658 0.4281249940395355 0.6395833492279053 0.43437498807907104 0.6416666507720947 0.45625001192092896 0.6229166388511658 0.45625001192092896 0.6187499761581421 0.4312500059604645 0.5666666626930237
0 0.4937500059604645 0.6395833492279053 0.4593749940395355 0.6812499761581421 0.4593749940395355 0.6854166388511658 0.4765625 0.7124999761581421 0.4859375059604645 0.706250011920929 0.5140625238418579 0.6729166507720947 0.512499988079071 0.6625000238418579 0.504687488079071 0.6499999761581421 0.49531251192092896 0.6479166746139526
0 0.667187511920929 0.47083333134651184 0.6640625 0.47083333134651184 0.6265624761581421 0.5062500238418579 0.6421874761581421 0.5395833253860474 0.6484375 0.5375000238418579 0.682812511920929 0.5062500238418579 0.6812499761581421 0.4958333373069763
0 0.5078125 0.49166667461395264 0.48750001192092896 0.5083333253860474 0.48750001192092896 0.5166666507720947 0.5093749761581421 0.5645833611488342 0.515625 0.5666666626930237 0.5375000238418579 0.5479166507720947 0.5375000238418579 0.543749988079071 0.512499988079071 0.49166667461395264
0 0.48750001192092896 0.5229166746139526 0.47187501192092896 0.5333333611488342 0.4703125059604645 0.543749988079071 0.48750001192092896 0.5916666388511658 0.4937500059604645 0.5958333611488342 0.4937500059604645 0.581250011920929 0.49687498807907104 0.5770833492279053 0.5171874761581421 0.574999988079071 0.5078125 0.5645833611488342 0.4906249940395355 0.5249999761581421
0 0.4906249940395355 0.6000000238418579 0.4828124940395355 0.5979166626930237 0.4593749940395355 0.6000000238418579 0.4593749940395355 0.6645833253860474 0.46875 0.6666666865348816 0.4906249940395355 0.6416666507720947
0 0.528124988079071 0.625 0.528124988079071 0.643750011920929 0.5234375 0.6499999761581421 0.5171874761581421 0.6499999761581421 0.5171874761581421 0.6645833253860474 0.565625011920929 0.6729166507720947 0.5687500238418579 0.6499999761581421 0.567187488079071 0.6312500238418579
0 0.6015625 0.48124998807907104 0.598437488079071 0.48124998807907104 0.5609375238418579 0.5166666507720947 0.5687500238418579 0.5354166626930237 0.5859375 0.5229166746139526 0.5953124761581421 0.5249999761581421 0.6171875 0.5104166865348816