0 0.581250011920929 0.53125 0.5765625238418579 0.5562499761581421 0.5765625238418579 0.5708333253860474 0.625 0.581250011920929 0.629687488079071 0.5416666865348816 0.5859375 0.5291666388511658
0 0.5078125 0.49166667461395264 0.503125011920929 0.5249999761581421 0.504687488079071 0.53125 0.5531250238418579 0.5395833253860474 0.5562499761581421 0.5166666507720947 0.5546875 0.49791666865348816
0 0.44062501192092896 0.625 0.4375 0.625 0.4000000059604645 0.6604166626930237 0.4156250059604645 0.6937500238418579 0.421875 0.6916666626930237 0.45625001192092896 0.6604166626930237 0.4546875059604645 0.6499999761581421
0 0.44999998807907104 0.5083333253860474 0.4296875 0.5249999761581421 0.4296875 0.5333333611488342 0.4515624940395355 0.581250011920929 0.45781248807907104 0.5833333134651184 0.47968751192092896 0.5645833611488342 0.47968751192092896 0.5604166388511658 0.4546875059604645 0.5083333253860474
0 0.5453125238418579 0.5687500238418579 0.5390625 0.5687500238418579 0.518750011920929 0.5833333134651184 0.518750011920929 0.5916666388511658 0.5390625 0.643750011920929 0.565625011920929 0.6270833611488342
0 0.45781248807907104 0.5874999761581421 0.45625001192092896 0.6520833373069763 0.4593749940395355 0.65625 0.484375 0.65625 0.48750001192092896 0.6520833373069763 0.48750001192092896 0.5895833373069763
0 0.48124998807907104 0.6583333611488342 0.4703125059604645 0.6583333611488342 0.4375 0.6895833611488342 0.4375 0.6937500238418579 0.453125 0.7229166626930237 0.4593749940395355 0.7208333611488342 0.4937500059604645 0.6895833611488342 0.4921875 0.6791666746139526
0 0.653124988079071 0.4895833432674408 0.6328125 0.5062500238418579 0.6328125 0.5145833492279053 0.6546875238418579 0.5625 0.660937488079071 0.5645833611488342 0.682812511920929 0.5458333492279053 0.682812511920929 0.5416666865348816 0.6578124761581421 0.4895833432674408
0 0.567187488079071 0.5604166388511658 0.5609375238418579 0.5604166388511658 0.5484374761581421 0.5687500238418579 0.567187488079071 0.6229166388511658 0.567187488079071 0.6270833611488342 0.559374988079071 0.6333333253860474 0.5609375238418579 0.6354166865348816 0.5874999761581421 0.6187499761581421
0 0.5562499761581421 0.6354166865348816 0.534375011920929 0.6520833373069763 0.534375011920929 0.6604166626930237 0.5562499761581421 0.7083333134651184 0.5625 0.7104166746139526 0.5843750238418579 0.6916666626930237 0.5843750238418579 0.6875 0.5625 0.6395833492279053
0 0.4937500059604645 0.6166666746139526 0.4921875 0.6770833134651184 0.49531251192092896 0.6854166388511658 0.520312488079071 0.6854166388511658 0.5234375 0.6812499761581421 0.5234375 0.6187499761581421