0 0.504687488079071 0.4854166805744171 0.49531251192092896 0.49166667461395264 0.4671874940395355 0.5249999761581421 0.4671874940395355 0.53125 0.484375 0.5583333373069763 0.4937500059604645 0.5520833134651184 0.5218750238418579 0.518750011920929 0.520312488079071 0.5083333253860474
0 0.44062501192092896 0.518750011920929 0.4390625059604645 0.5854166746139526 0.4671874940395355 0.5874999761581421 0.4703125059604645 0.5833333134651184 0.4703125059604645 0.5375000238418579 0.46562498807907104 0.53125 0.46562498807907104 0.5249999761581421 0.46875 0.5208333134651184
0 0.4781250059604645 0.59375 0.46875 0.6000000238418579 0.44062501192092896 0.6333333253860474 0.44062501192092896 0.6395833492279053 0.45781248807907104 0.6666666865348816 0.4671874940395355 0.6604166626930237 0.49531251192092896 0.6270833611488342 0.4937500059604645 0.6166666746139526
0 0.4781250059604645 0.65625 0.4749999940395355 0.6520833373069763 0.4609375 0.668749988079071 0.45781248807907104 0.668749988079071 0.4437499940395355 0.6479166746139526 0.42656248807907104 0.6625000238418579 0.4234375059604645 0.6708333492279053 0.4359374940395355 0.6958333253860474 0.44218748807907104 0.699999988079071 0.47968751192092896 0.6666666865348816
0 0.645312488079071 0.4854166805744171 0.643750011920929 0.5520833134651184 0.671875 0.5541666746139526 0.675000011920929 0.550000011920929 0.675000011920929 0.48750001192092896
0 0.620312511920929 0.6229166388511658 0.604687511920929 0.6729166507720947 0.6031249761581421 0.6854166388511658 0.620312511920929 0.6958333253860474 0.6312500238418579 0.6979166865348816 0.6390625238418579 0.6708333492279053 0.643750011920929 0.6645833253860474 0.6484375 0.637499988079071
0 0.5453125238418579 0.5416666865348816 0.543749988079071 0.6083333492279053 0.5718749761581421 0.6104166507720947 0.574999988079071 0.606249988079071 0.574999988079071 0.543749988079071
0 0.621874988079071 0.53125 0.6187499761581421 0.53125 0.581250011920929 0.5666666626930237 0.596875011920929 0.6000000238418579 0.6031249761581421 0.5979166626930237 0.637499988079071 0.5666666626930237 0.635937511920929 0.5562499761581421
0 0.518750011920929 0.6333333253860474 0.503125011920929 0.6833333373069763 0.5015624761581421 0.6958333253860474 0.518750011920929 0.706250011920929 0.5296875238418579 0.7083333134651184 0.5375000238418579 0.6812499761581421 0.542187511920929 0.675000011920929 0.546875 0.6479166746139526
0 0.5718749761581421 0.49791666865348816 0.5687500238418579 0.5333333611488342 0.606249988079071 0.5416666865348816 0.620312511920929 0.5270833373069763 0.621874988079071 0.5041666626930237 0.578125 0.49166667461395264 0.574999988079071 0.49166667461395264
0 0.44218748807907104 0.4854166805744171 0.43281251192092896 0.49166667461395264 0.4046874940395355 0.5249999761581421 0.4046874940395355 0.53125 0.421875 0.5583333373069763 0.42500001192092896 0.5583333373069763 0.4375 0.543749988079071 0.4375 0.5208333134651184 0.44062501192092896 0.5166666507720947 0.4593749940395355 0.5166666507720947 0.45781248807907104 0.5083333253860474