0 0.42500001192092896 0.6208333373069763 0.41874998807907104 0.6208333373069763 0.3984375 0.6354166865348816 0.3984375 0.643750011920929 0.41874998807907104 0.6958333253860474 0.4453125 0.6791666746139526
0 0.621874988079071 0.5291666388511658 0.6171875 0.5625 0.6187499761581421 0.5687500238418579 0.667187511920929 0.5770833492279053 0.6703125238418579 0.5541666746139526 0.668749988079071 0.5354166626930237
0 0.42500001192092896 0.5583333373069763 0.4234375059604645 0.6187499761581421 0.4296875 0.6270833611488342 0.4515624940395355 0.6270833611488342 0.4546875059604645 0.6229166388511658 0.4546875059604645 0.5604166388511658
0 0.6187499761581421 0.5895833373069763 0.598437488079071 0.606249988079071 0.598437488079071 0.6145833134651184 0.620312511920929 0.6625000238418579 0.6265624761581421 0.6645833253860474 0.6484375 0.6458333134651184 0.6484375 0.6416666507720947 0.6234375238418579 0.5895833373069763
0 0.515625 0.581250011920929 0.510937511920929 0.606249988079071 0.510937511920929 0.6208333373069763 0.559374988079071 0.6312500238418579 0.5640624761581421 0.5916666388511658 0.520312488079071 0.5791666507720947
0 0.5249999761581421 0.6458333134651184 0.515625 0.6520833373069763 0.48750001192092896 0.6854166388511658 0.48750001192092896 0.6916666626930237 0.504687488079071 0.71875 0.5140625238418579 0.7124999761581421 0.542187511920929 0.6791666746139526 0.5406249761581421 0.668749988079071
0 0.5249999761581421 0.4833333194255829 0.5093749761581421 0.5333333611488342 0.5078125 0.5458333492279053 0.5249999761581421 0.5562499761581421 0.535937488079071 0.5583333373069763 0.543749988079071 0.53125 0.5484374761581421 0.5249999761581421 0.5531250238418579 0.49791666865348816
0 0.5796874761581421 0.5270833373069763 0.5765625238418579 0.5270833373069763 0.5390625 0.5625 0.5484374761581421 0.5854166746139526 0.5640624761581421 0.5895833373069763 0.5953124761581421 0.5625 0.59375 0.5520833134651184
0 0.6421874761581421 0.4749999940395355 0.6328125 0.48124998807907104 0.604687511920929 0.5145833492279053 0.604687511920929 0.5208333134651184 0.6187499761581421 0.5416666865348816 0.6187499761581421 0.5333333611488342 0.621874988079071 0.5270833373069763 0.640625 0.5291666388511658 0.659375011920929 0.5083333253860474 0.6578124761581421 0.49791666865348816
0 0.43281251192092896 0.46875 0.4234375059604645 0.4749999940395355 0.39531248807907104 0.5083333253860474 0.39531248807907104 0.5145833492279053 0.4124999940395355 0.5416666865348816 0.421875 0.5354166626930237 0.44999998807907104 0.5020833611488342 0.44843751192092896 0.49166667461395264
0 0.43281251192092896 0.6895833611488342 0.4296875 0.71875 0.4781250059604645 0.7291666865348816 0.4828124940395355 0.6895833611488342 0.4468750059604645 0.6791666746139526