0 0.550000011920929 0.5041666626930237 0.546875 0.5041666626930237 0.5093749761581421 0.5395833253860474 0.5249999761581421 0.5729166865348816 0.53125 0.5708333253860474 0.565625011920929 0.5395833253860474 0.5640624761581421 0.5291666388511658
0 0.6328125 0.5520833134651184 0.6234375238418579 0.5583333373069763 0.5953124761581421 0.5916666388511658 0.5953124761581421 0.5979166626930237 0.612500011920929 0.625 0.621874988079071 0.6187499761581421 0.6499999761581421 0.5854166746139526 0.6484375 0.574999988079071
0 0.653124988079071 0.5333333611488342 0.6468750238418579 0.5333333611488342 0.6265624761581421 0.5479166507720947 0.6265624761581421 0.5541666746139526 0.6328125 0.550000011920929 0.651562511920929 0.5791666507720947 0.651562511920929 0.5854166746139526 0.6421874761581421 0.5958333611488342 0.6468750238418579 0.6083333492279053 0.6734374761581421 0.5916666388511658
0 0.515625 0.5874999761581421 0.5093749761581421 0.5874999761581421 0.48906248807907104 0.6020833253860474 0.48906248807907104 0.6104166507720947 0.5093749761581421 0.6625000238418579 0.535937488079071 0.6458333134651184
0 0.660937488079071 0.6041666865348816 0.6578124761581421 0.6041666865348816 0.620312511920929 0.6395833492279053 0.635937511920929 0.6729166507720947 0.6421874761581421 0.6708333492279053 0.676562488079071 0.6395833492279053 0.675000011920929 0.6291666626930237
0 0.5375000238418579 0.574999988079071 0.542187511920929 0.5791666507720947 0.5874999761581421 0.5854166746139526 0.590624988079071 0.5458333492279053 0.5640624761581421 0.5416666865348816 0.5406249761581421 0.5625
0 0.45781248807907104 0.606249988079071 0.45625001192092896 0.6729166507720947 0.484375 0.675000011920929 0.48750001192092896 0.6708333492279053 0.48750001192092896 0.6083333492279053
0 0.5406249761581421 0.5791666507720947 0.542187511920929 0.5874999761581421 0.5640624761581421 0.6333333253860474 0.5687500238418579 0.6333333253860474 0.590624988079071 0.6145833134651184 0.5874999761581421 0.6020833253860474 0.5796874761581421 0.5874999761581421
0 0.45781248807907104 0.5562499761581421 0.4515624940395355 0.5562499761581421 0.4312500059604645 0.5708333253860474 0.4312500059604645 0.5791666507720947 0.4515624940395355 0.6312500238418579 0.4546875059604645 0.6312500238418579 0.4546875059604645 0.6083333492279053 0.45781248807907104 0.6041666865348816 0.4749999940395355 0.6041666865348816
0 0.4984374940395355 0.643750011920929 0.48906248807907104 0.6520833373069763 0.48906248807907104 0.668749988079071 0.5078125 0.7104166746139526 0.5140625238418579 0.7124999761581421 0.535937488079071 0.6937500238418579 0.535937488079071 0.6895833611488342 0.5218750238418579 0.6583333611488342 0.5093749761581421 0.6645833253860474 0.504687488079071 0.6583333611488342 0.5015624761581421 0.6458333134651184
0 0.682812511920929 0.5166666507720947 0.6656249761581421 0.4895833432674408 0.6625000238418579 0.4895833432674408 0.628125011920929 0.5291666388511658 0.628125011920929 0.5354166626930237 0.6328125 0.5416666865348816 0.6468750238418579 0.53125 0.653124988079071 0.53125 0.660937488079071 0.5479166507720947 0.682812511920929 0.5229166746139526
0 0.581250011920929 0.4749999940395355 0.565625011920929 0.53125 0.567187488079071 0.5395833253860474 0.589062511920929 0.5416666865348816 0.5921875238418579 0.550000011920929 0.6000000238418579 0.5229166746139526 0.604687511920929 0.5166666507720947 0.609375 0.4895833432674408
0 0.53125 0.6270833611488342 0.5375000238418579 0.6416666507720947 0.5375000238418579 0.6458333134651184 0.5296875238418579 0.6520833373069763 0.5296875238418579 0.6729166507720947 0.5375000238418579 0.6895833611488342 0.5375000238418579 0.6937500238418579 0.534375011920929 0.6958333253860474 0.557812511920929 0.6958333253860474 0.5609375238418579 0.6916666626930237 0.5609375238418579 0.6291666626930237