0 0.4625000059604645 0.5645833611488342 0.45781248807907104 0.5979166626930237 0.4593749940395355 0.6041666865348816 0.5078125 0.612500011920929 0.510937511920929 0.5895833373069763 0.5093749761581421 0.5708333253860474
0 0.582812488079071 0.53125 0.578125 0.5562499761581421 0.578125 0.5708333253860474 0.6265624761581421 0.581250011920929 0.6312500238418579 0.5416666865348816 0.5874999761581421 0.5291666388511658
0 0.6234375238418579 0.5354166626930237 0.6328125 0.5416666865348816 0.628125011920929 0.5770833492279053 0.668749988079071 0.5833333134651184 0.671875 0.5604166388511658 0.6703125238418579 0.5416666865348816
0 0.582812488079071 0.5062500238418579 0.542187511920929 0.5416666865348816 0.557812511920929 0.574999988079071 0.5640624761581421 0.5729166865348816 0.5765625238418579 0.5604166388511658 0.5796874761581421 0.5354166626930237 0.5843750238418579 0.5270833373069763 0.596875011920929 0.53125
0 0.4375 0.6166666746139526 0.4312500059604645 0.6166666746139526 0.41093748807907104 0.6312500238418579 0.41093748807907104 0.6395833492279053 0.4312500059604645 0.6916666626930237 0.45781248807907104 0.675000011920929
0 0.4296875 0.5687500238418579 0.4281249940395355 0.6166666746139526 0.4375 0.6145833134651184 0.4468750059604645 0.637499988079071 0.45625001192092896 0.637499988079071 0.4593749940395355 0.6333333253860474 0.4593749940395355 0.606249988079071 0.45625001192092896 0.6020833253860474 0.4593749940395355 0.5708333253860474
0 0.5874999761581421 0.6208333373069763 0.582812488079071 0.6458333134651184 0.582812488079071 0.6604166626930237 0.6312500238418579 0.6708333492279053 0.635937511920929 0.6312500238418579 0.5921875238418579 0.6187499761581421
0 0.5406249761581421 0.4749999940395355 0.534375011920929 0.4749999940395355 0.5140625238418579 0.4895833432674408 0.5140625238418579 0.49791666865348816 0.534375011920929 0.550000011920929 0.5406249761581421 0.5479166507720947 0.5406249761581421 0.5416666865348816 0.557812511920929 0.5249999761581421
0 0.48906248807907104 0.643750011920929 0.484375 0.668749988079071 0.484375 0.6833333373069763 0.5328124761581421 0.6937500238418579 0.5375000238418579 0.6541666388511658 0.4937500059604645 0.6416666507720947
0 0.653124988079071 0.6000000238418579 0.6421874761581421 0.581250011920929 0.628125011920929 0.5791666507720947 0.598437488079071 0.612500011920929 0.598437488079071 0.6187499761581421 0.6343749761581421 0.6270833611488342 0.653124988079071 0.606249988079071
0 0.5375000238418579 0.5916666388511658 0.5328124761581421 0.6166666746139526 0.5328124761581421 0.6312500238418579 0.581250011920929 0.6416666507720947 0.5859375 0.6020833253860474 0.542187511920929 0.5895833373069763
0 0.39375001192092896 0.5854166746139526 0.42656248807907104 0.59375 0.42656248807907104 0.5708333253860474 0.4296875 0.5666666626930237 0.4468750059604645 0.5666666626930237 0.4468750059604645 0.5562499761581421 0.4000000059604645 0.543749988079071 0.3968749940395355 0.550000011920929
0 0.41093748807907104 0.49166667461395264 0.40937501192092896 0.4937500059604645 0.40937501192092896 0.543749988079071 0.44062501192092896 0.5520833134651184 0.44062501192092896 0.4937500059604645
0 0.46406251192092896 0.6395833492279053 0.45625001192092896 0.6645833253860474 0.4593749940395355 0.675000011920929 0.4515624940395355 0.6812499761581421 0.4468750059604645 0.7020833492279053 0.46406251192092896 0.7124999761581421 0.4749999940395355 0.7145833373069763 0.484375 0.6854166388511658 0.4828124940395355 0.668749988079071 0.4859375059604645 0.6499999761581421
0 0.582812488079071 0.637499988079071 0.581250011920929 0.643750011920929 0.565625011920929 0.6416666507720947 0.543749988079071 0.6625000238418579 0.543749988079071 0.6666666865348816 0.559374988079071 0.6958333253860474 0.565625011920929 0.6937500238418579 0.5953124761581421 0.6666666865348816 0.581250011920929 0.6604166626930237
0 0.6421874761581421 0.46875 0.6265624761581421 0.518750011920929 0.625 0.53125 0.65625 0.5375000238418579 0.660937488079071 0.5166666507720947 0.6656249761581421 0.5104166865348816 0.6703125238418579 0.4833333194255829