0 0.598437488079071 0.5854166746139526 0.59375 0.6104166507720947 0.59375 0.625 0.6421874761581421 0.6354166865348816 0.6468750238418579 0.5958333611488342 0.6031249761581421 0.5833333134651184
0 0.5375000238418579 0.6083333492279053 0.5218750238418579 0.6583333611488342 0.520312488079071 0.6708333492279053 0.5375000238418579 0.6812499761581421 0.5484374761581421 0.6833333373069763 0.5562499761581421 0.65625 0.5609375238418579 0.6499999761581421 0.565625011920929 0.6229166388511658
0 0.44843751192092896 0.59375 0.4453125 0.59375 0.4078125059604645 0.6291666626930237 0.4234375059604645 0.6625000238418579 0.4296875 0.6604166626930237 0.46406251192092896 0.6291666626930237 0.4625000059604645 0.6187499761581421
0 0.6468750238418579 0.5 0.643750011920929 0.5 0.606249988079071 0.5354166626930237 0.621874988079071 0.5687500238418579 0.628125011920929 0.5666666626930237 0.6625000238418579 0.5354166626930237 0.660937488079071 0.5249999761581421
0 0.6031249761581421 0.6458333134651184 0.598437488079071 0.6791666746139526 0.6000000238418579 0.6854166388511658 0.6484375 0.6937500238418579 0.651562511920929 0.6708333492279053 0.6499999761581421 0.6520833373069763
0 0.5796874761581421 0.5562499761581421 0.5765625238418579 0.5562499761581421 0.5390625 0.5916666388511658 0.546875 0.6104166507720947 0.5640624761581421 0.6187499761581421 0.5953124761581421 0.5916666388511658 0.59375 0.581250011920929
0 0.4437499940395355 0.6479166746139526 0.4390625059604645 0.6520833373069763 0.4390625059604645 0.7145833373069763 0.4671874940395355 0.7166666388511658 0.4703125059604645 0.7124999761581421 0.4703125059604645 0.6499999761581421
0 0.520312488079071 0.5770833492279053 0.5453125238418579 0.5833333134651184 0.573437511920929 0.5583333373069763 0.573437511920929 0.5479166507720947 0.526562511920929 0.5354166626930237 0.5234375 0.5416666865348816
0 0.49531251192092896 0.6229166388511658 0.4937500059604645 0.6895833611488342 0.5218750238418579 0.6916666626930237 0.5249999761581421 0.6875 0.5249999761581421 0.675000011920929 0.518750011920929 0.6708333492279053 0.518750011920929 0.6645833253860474 0.5249999761581421 0.6458333134651184 0.5249999761581421 0.625
0 0.598437488079071 0.5 0.589062511920929 0.5062500238418579 0.5609375238418579 0.5395833253860474 0.5640624761581421 0.543749988079071 0.573437511920929 0.5458333492279053 0.574999988079071 0.5562499761581421 0.5796874761581421 0.5541666746139526 0.5874999761581421 0.5666666626930237 0.606249988079071 0.543749988079071 0.604687511920929 0.5354166626930237 0.614062488079071 0.5249999761581421
0 0.42656248807907104 0.48750001192092896 0.42500001192092896 0.5541666746139526 0.453125 0.5562499761581421 0.45625001192092896 0.5520833134651184 0.45625001192092896 0.4895833432674408