0 0.5625 0.5979166626930237 0.542187511920929 0.6145833134651184 0.542187511920929 0.6229166388511658 0.5640624761581421 0.6708333492279053 0.5703125 0.6729166507720947 0.5921875238418579 0.6541666388511658 0.5921875238418579 0.6499999761581421 0.567187488079071 0.5979166626930237
0 0.651562511920929 0.4833333194255829 0.6484375 0.4833333194255829 0.6109374761581421 0.518750011920929 0.6265624761581421 0.5520833134651184 0.6328125 0.550000011920929 0.667187511920929 0.518750011920929 0.6656249761581421 0.5083333253860474
0 0.614062488079071 0.6604166626930237 0.59375 0.6541666388511658 0.5703125 0.675000011920929 0.565625011920929 0.675000011920929 0.5625 0.668749988079071 0.5609375238418579 0.6895833611488342 0.609375 0.699999988079071
0 0.44218748807907104 0.5854166746139526 0.4359374940395355 0.5854166746139526 0.4156250059604645 0.6000000238418579 0.4156250059604645 0.6083333492279053 0.4359374940395355 0.6604166626930237 0.4625000059604645 0.643750011920929
0 0.5453125238418579 0.5333333611488342 0.535937488079071 0.5395833253860474 0.5078125 0.5729166865348816 0.5078125 0.5791666507720947 0.5249999761581421 0.606249988079071 0.534375011920929 0.6000000238418579 0.5625 0.5666666626930237 0.5609375238418579 0.5562499761581421
0 0.625 0.6520833373069763 0.6156250238418579 0.6583333611488342 0.6156250238418579 0.6729166507720947 0.609375 0.7020833492279053 0.5874999761581421 0.6979166865348816 0.604687511920929 0.7250000238418579 0.614062488079071 0.71875 0.6421874761581421 0.6854166388511658 0.640625 0.675000011920929
0 0.543749988079071 0.5958333611488342 0.534375011920929 0.6020833253860474 0.5062500238418579 0.6354166865348816 0.5062500238418579 0.6416666507720947 0.5234375 0.668749988079071 0.5328124761581421 0.6625000238418579 0.550000011920929 0.6416666507720947 0.5406249761581421 0.6229166388511658 0.5406249761581421 0.6145833134651184 0.551562488079071 0.606249988079071
0 0.4000000059604645 0.5083333253860474 0.3984375 0.574999988079071 0.42656248807907104 0.5770833492279053 0.4296875 0.5729166865348816 0.4296875 0.5104166865348816
0 0.6156250238418579 0.5874999761581421 0.606249988079071 0.59375 0.581250011920929 0.6229166388511658 0.5953124761581421 0.6541666388511658 0.604687511920929 0.6541666388511658 0.6328125 0.6208333373069763 0.6312500238418579 0.6104166507720947
0 0.4625000059604645 0.5 0.44218748807907104 0.5166666507720947 0.44218748807907104 0.5249999761581421 0.46406251192092896 0.5729166865348816 0.4703125059604645 0.574999988079071 0.4921875 0.5562499761581421 0.4921875 0.5520833134651184 0.4671874940395355 0.5
0 0.5078125 0.6458333134651184 0.47968751192092896 0.6791666746139526 0.47968751192092896 0.6854166388511658 0.49687498807907104 0.7124999761581421 0.5062500238418579 0.706250011920929 0.534375011920929 0.6729166507720947 0.5328124761581421 0.6645833253860474 0.5234375 0.6708333492279053
0 0.41718751192092896 0.6541666388511658 0.4124999940395355 0.6875 0.4140625 0.6937500238418579 0.4625000059604645 0.7020833492279053 0.46562498807907104 0.6791666746139526 0.46406251192092896 0.6604166626930237 0.4437499940395355 0.6583333611488342 0.4359374940395355 0.6625000238418579 0.4281249940395355 0.6541666388511658