0 0.621874988079071 0.6291666626930237 0.612500011920929 0.6354166865348816 0.5843750238418579 0.668749988079071 0.5843750238418579 0.675000011920929 0.6015625 0.7020833492279053 0.6109374761581421 0.6958333253860474 0.6390625238418579 0.6625000238418579 0.637499988079071 0.6520833373069763
0 0.5625 0.5854166746139526 0.542187511920929 0.6020833253860474 0.542187511920929 0.6104166507720947 0.5640624761581421 0.6583333611488342 0.5703125 0.6604166626930237 0.5921875238418579 0.6416666507720947 0.5921875238418579 0.637499988079071 0.567187488079071 0.5854166746139526
0 0.4781250059604645 0.643750011920929 0.4625000059604645 0.6937500238418579 0.4609375 0.706250011920929 0.4781250059604645 0.7166666388511658 0.48906248807907104 0.71875 0.49687498807907104 0.6916666626930237 0.5015624761581421 0.6854166388511658 0.5062500238418579 0.6583333611488342
0 0.44999998807907104 0.4833333194255829 0.4437499940395355 0.4833333194255829 0.4234375059604645 0.49791666865348816 0.4234375059604645 0.5062500238418579 0.4437499940395355 0.5583333373069763 0.4703125059604645 0.5416666865348816
0 0.6390625238418579 0.5666666626930237 0.637499988079071 0.6333333253860474 0.6656249761581421 0.6354166865348816 0.668749988079071 0.6312500238418579 0.668749988079071 0.5687500238418579
0 0.5859375 0.6499999761581421 0.5703125 0.6625000238418579 0.5640624761581421 0.6604166626930237 0.543749988079071 0.6833333373069763 0.543749988079071 0.6895833611488342 0.5609375238418579 0.7166666388511658 0.5703125 0.7104166746139526 0.589062511920929 0.6875 0.582812488079071 0.675000011920929 0.582812488079071 0.668749988079071 0.590624988079071 0.6604166626930237
0 0.551562488079071 0.5708333253860474 0.542187511920929 0.5770833492279053 0.5140625238418579 0.6104166507720947 0.5140625238418579 0.6166666746139526 0.53125 0.643750011920929 0.534375011920929 0.643750011920929 0.5484374761581421 0.6270833611488342 0.5406249761581421 0.6104166507720947 0.5406249761581421 0.6020833253860474 0.5609375238418579 0.5854166746139526
0 0.6343749761581421 0.48750001192092896 0.625 0.4937500059604645 0.596875011920929 0.5270833373069763 0.596875011920929 0.5333333611488342 0.614062488079071 0.5604166388511658 0.6234375238418579 0.5541666746139526 0.651562511920929 0.5208333134651184 0.6499999761581421 0.5104166865348816
0 0.48124998807907104 0.4854166805744171 0.4609375 0.5020833611488342 0.4609375 0.5083333253860474 0.4828124940395355 0.5583333373069763 0.48906248807907104 0.5604166388511658 0.510937511920929 0.5416666865348816 0.510937511920929 0.5375000238418579 0.4859375059604645 0.4854166805744171
0 0.551562488079071 0.6520833373069763 0.542187511920929 0.6583333611488342 0.5140625238418579 0.6916666626930237 0.5140625238418579 0.6979166865348816 0.53125 0.7250000238418579 0.5406249761581421 0.71875 0.551562488079071 0.7041666507720947 0.542187511920929 0.6895833611488342 0.542187511920929 0.6833333373069763 0.559374988079071 0.6625000238418579
0 0.3984375 0.5687500238418579 0.39375001192092896 0.6020833253860474 0.39531248807907104 0.6083333492279053 0.4437499940395355 0.6166666746139526 0.4468750059604645 0.59375 0.4453125 0.574999988079071