0 0.5484374761581421 0.637499988079071 0.5453125238418579 0.637499988079071 0.5078125 0.6729166507720947 0.5234375 0.706250011920929 0.5296875238418579 0.7041666507720947 0.5640624761581421 0.6729166507720947 0.5625 0.6625000238418579
0 0.4937500059604645 0.48750001192092896 0.47343748807907104 0.5041666626930237 0.47343748807907104 0.512499988079071 0.49531251192092896 0.5604166388511658 0.5015624761581421 0.5625 0.5234375 0.543749988079071 0.5234375 0.5395833253860474 0.4984374940395355 0.48750001192092896
0 0.581250011920929 0.5729166865348816 0.5765625238418579 0.606249988079071 0.578125 0.612500011920929 0.6265624761581421 0.6208333373069763 0.629687488079071 0.5979166626930237 0.628125011920929 0.5791666507720947
0 0.6078125238418579 0.668749988079071 0.6031249761581421 0.6937500238418579 0.6031249761581421 0.7083333134651184 0.651562511920929 0.71875 0.65625 0.6791666746139526 0.612500011920929 0.6666666865348816
0 0.5625 0.6000000238418579 0.5609375238418579 0.6583333611488342 0.565625011920929 0.668749988079071 0.589062511920929 0.668749988079071 0.5921875238418579 0.6645833253860474 0.5921875238418579 0.6166666746139526 0.578125 0.6145833134651184 0.574999988079071 0.6104166507720947 0.5765625238418579 0.6000000238418579
0 0.5562499761581421 0.5104166865348816 0.5406249761581421 0.5604166388511658 0.5390625 0.5729166865348816 0.5562499761581421 0.5833333134651184 0.567187488079071 0.5854166746139526 0.574999988079071 0.5583333373069763 0.5796874761581421 0.5520833134651184 0.5843750238418579 0.5249999761581421
0 0.528124988079071 0.47083333134651184 0.5140625238418579 0.5166666507720947 0.5249999761581421 0.5416666865348816 0.5390625 0.5458333492279053 0.546875 0.518750011920929 0.551562488079071 0.512499988079071 0.5562499761581421 0.4854166805744171
0 0.4296875 0.550000011920929 0.4203124940395355 0.5562499761581421 0.3921875059604645 0.5895833373069763 0.3921875059604645 0.5958333611488342 0.40937501192092896 0.6229166388511658 0.41874998807907104 0.6166666746139526 0.4468750059604645 0.5833333134651184 0.4453125 0.5729166865348816
0 0.6468750238418579 0.46666666865348816 0.637499988079071 0.4729166626930237 0.609375 0.5062500238418579 0.609375 0.512499988079071 0.6265624761581421 0.5395833253860474 0.635937511920929 0.5333333611488342 0.6640625 0.5 0.6625000238418579 0.4895833432674408
0 0.620312511920929 0.625 0.6171875 0.6604166626930237 0.6656249761581421 0.6708333492279053 0.6703125238418579 0.6312500238418579 0.6343749761581421 0.6208333373069763
0 0.5921875238418579 0.5 0.573437511920929 0.5166666507720947 0.5859375 0.5249999761581421 0.581250011920929 0.5458333492279053 0.59375 0.5729166865348816 0.6015625 0.5729166865348816 0.621874988079071 0.5562499761581421 0.621874988079071 0.5520833134651184 0.596875011920929 0.5