0 0.574999988079071 0.5604166388511658 0.559374988079071 0.6104166507720947 0.557812511920929 0.6229166388511658 0.574999988079071 0.6333333253860474 0.5859375 0.6354166865348816 0.59375 0.6083333492279053 0.598437488079071 0.6020833253860474 0.6031249761581421 0.574999988079071
0 0.6015625 0.612500011920929 0.5921875238418579 0.6208333373069763 0.5859375 0.637499988079071 0.581250011920929 0.637499988079071 0.6031249761581421 0.6854166388511658 0.609375 0.6875 0.6312500238418579 0.668749988079071 0.6312500238418579 0.6645833253860474 0.606249988079071 0.612500011920929
0 0.6171875 0.5874999761581421 0.612500011920929 0.6208333373069763 0.6156250238418579 0.6270833611488342 0.660937488079071 0.637499988079071 0.6656249761581421 0.5979166626930237 0.621874988079071 0.5854166746139526
0 0.6656249761581421 0.48124998807907104 0.6625000238418579 0.48124998807907104 0.625 0.5166666507720947 0.640625 0.550000011920929 0.6468750238418579 0.5479166507720947 0.6812499761581421 0.5166666507720947 0.6796875 0.5062500238418579
0 0.526562511920929 0.5666666626930237 0.5218750238418579 0.6041666865348816 0.526562511920929 0.6083333492279053 0.557812511920929 0.612500011920929 0.5703125 0.5729166865348816
0 0.5015624761581421 0.5666666626930237 0.5 0.6333333253860474 0.528124988079071 0.6354166865348816 0.53125 0.6312500238418579 0.53125 0.6104166507720947 0.526562511920929 0.6104166507720947 0.520312488079071 0.6041666865348816 0.5249999761581421 0.5687500238418579
0 0.45625001192092896 0.5895833373069763 0.4546875059604645 0.65625 0.4828124940395355 0.6583333611488342 0.4859375059604645 0.6541666388511658 0.4859375059604645 0.5916666388511658
0 0.6390625238418579 0.6354166865348816 0.637499988079071 0.7020833492279053 0.6656249761581421 0.7041666507720947 0.668749988079071 0.699999988079071 0.668749988079071 0.637499988079071 0.651562511920929 0.6395833492279053
0 0.5328124761581421 0.6208333373069763 0.5328124761581421 0.6312500238418579 0.528124988079071 0.637499988079071 0.5218750238418579 0.637499988079071 0.510937511920929 0.6812499761581421 0.528124988079071 0.6916666626930237 0.5390625 0.6937500238418579 0.546875 0.6666666865348816 0.551562488079071 0.6604166626930237 0.5562499761581421 0.6333333253860474
0 0.5 0.5083333253860474 0.49687498807907104 0.5083333253860474 0.4593749940395355 0.543749988079071 0.4749999940395355 0.5770833492279053 0.48124998807907104 0.574999988079071 0.515625 0.543749988079071 0.5140625238418579 0.5333333611488342
0 0.6031249761581421 0.5 0.6015625 0.5666666626930237 0.629687488079071 0.5687500238418579 0.6328125 0.5645833611488342 0.6328125 0.5375000238418579 0.6234375238418579 0.5166666507720947 0.6328125 0.5062500238418579 0.6328125 0.5020833611488342
0 0.4546875059604645 0.5687500238418579 0.4453125 0.574999988079071 0.41718751192092896 0.6083333492279053 0.41718751192092896 0.6145833134651184 0.43437498807907104 0.6416666507720947 0.4375 0.6416666507720947 0.453125 0.6229166388511658 0.453125 0.5916666388511658 0.45625001192092896 0.5874999761581421 0.4671874940395355 0.5874999761581421
0 0.528124988079071 0.4937500059604645 0.5234375 0.5270833373069763 0.5249999761581421 0.5333333611488342 0.573437511920929 0.5416666865348816 0.5765625238418579 0.518750011920929 0.574999988079071 0.5
0 0.5140625238418579 0.643750011920929 0.5078125 0.643750011920929 0.48750001192092896 0.6583333611488342 0.48750001192092896 0.6666666865348816 0.5078125 0.71875 0.534375011920929 0.7020833492279053 0.53125 0.6937500238418579 0.5093749761581421 0.6812499761581421 0.5171874761581421 0.6520833373069763
0 0.5484374761581421 0.6812499761581421 0.543749988079071 0.7145833373069763 0.5453125238418579 0.7208333611488342 0.59375 0.7291666865348816 0.596875011920929 0.706250011920929 0.5953124761581421 0.6875