0 0.49687498807907104 0.5479166507720947 0.4765625 0.5645833611488342 0.4765625 0.5729166865348816 0.4984374940395355 0.6208333373069763 0.504687488079071 0.6229166388511658 0.526562511920929 0.6041666865348816 0.526562511920929 0.6000000238418579 0.5015624761581421 0.5479166507720947
0 0.625 0.518750011920929 0.609375 0.5687500238418579 0.6078125238418579 0.581250011920929 0.625 0.5916666388511658 0.635937511920929 0.59375 0.643750011920929 0.5666666626930237 0.6484375 0.5604166388511658 0.653124988079071 0.5333333611488342
0 0.42500001192092896 0.6395833492279053 0.4046874940395355 0.65625 0.4046874940395355 0.6645833253860474 0.42656248807907104 0.7124999761581421 0.43281251192092896 0.7145833373069763 0.4546875059604645 0.6958333253860474 0.4546875059604645 0.6916666626930237 0.4296875 0.6395833492279053
0 0.5874999761581421 0.46875 0.5843750238418579 0.46875 0.546875 0.5041666626930237 0.5625 0.5375000238418579 0.5687500238418579 0.5354166626930237 0.6031249761581421 0.5041666626930237 0.6015625 0.4937500059604645
0 0.6265624761581421 0.637499988079071 0.6171875 0.643750011920929 0.589062511920929 0.6770833134651184 0.589062511920929 0.6833333373069763 0.606249988079071 0.7104166746139526 0.6156250238418579 0.7041666507720947 0.643750011920929 0.6708333492279053 0.6421874761581421 0.6604166626930237
0 0.574999988079071 0.6354166865348816 0.559374988079071 0.6854166388511658 0.557812511920929 0.6979166865348816 0.574999988079071 0.7083333134651184 0.5859375 0.7104166746139526 0.5921875238418579 0.6937500238418579 0.5874999761581421 0.6770833134651184 0.6015625 0.6604166626930237 0.6031249761581421 0.6499999761581421
0 0.559374988079071 0.5375000238418579 0.5406249761581421 0.550000011920929 0.5390625 0.5604166388511658 0.5562499761581421 0.6083333492279053 0.5625 0.612500011920929 0.5843750238418579 0.5979166626930237 0.5859375 0.5916666388511658 0.567187488079071 0.5395833253860474
0 0.4234375059604645 0.6000000238418579 0.41874998807907104 0.6333333253860474 0.4203124940395355 0.6395833492279053 0.4296875 0.637499988079071 0.4359374940395355 0.643750011920929 0.46875 0.6479166746139526 0.47187501192092896 0.625 0.4703125059604645 0.606249988079071
0 0.620312511920929 0.4854166805744171 0.6078125238418579 0.4937500059604645 0.6031249761581421 0.5062500238418579 0.581250011920929 0.5249999761581421 0.5953124761581421 0.5541666746139526 0.6015625 0.5520833134651184 0.6171875 0.5375000238418579 0.625 0.5166666507720947 0.635937511920929 0.5208333134651184 0.6343749761581421 0.5104166865348816
0 0.659375011920929 0.4937500059604645 0.653124988079071 0.4937500059604645 0.6343749761581421 0.5062500238418579 0.637499988079071 0.5229166746139526 0.6546875238418579 0.5333333611488342 0.6499999761581421 0.5520833134651184 0.6499999761581421 0.5645833611488342 0.653124988079071 0.5687500238418579 0.6796875 0.5520833134651184
0 0.47187501192092896 0.6416666507720947 0.46875 0.6499999761581421 0.44062501192092896 0.6458333134651184 0.44062501192092896 0.6583333611488342 0.45625001192092896 0.6916666626930237 0.45625001192092896 0.6958333253860474 0.4437499940395355 0.7083333134651184 0.46875 0.7083333134651184 0.47187501192092896 0.7041666507720947
0 0.5921875238418579 0.5979166626930237 0.582812488079071 0.6041666865348816 0.5546875 0.637499988079071 0.5546875 0.643750011920929 0.565625011920929 0.6604166626930237 0.574999988079071 0.6333333253860474 0.598437488079071 0.643750011920929 0.609375 0.6312500238418579 0.6078125238418579 0.6208333373069763
0 0.604687511920929 0.6020833253860474 0.604687511920929 0.6104166507720947 0.6171875 0.6416666507720947 0.6265624761581421 0.6354166865348816 0.6390625238418579 0.6541666388511658 0.651562511920929 0.6458333134651184 0.6343749761581421 0.5958333611488342 0.6187499761581421 0.5916666388511658
0 0.4390625059604645 0.5333333611488342 0.4296875 0.5395833253860474 0.40156251192092896 0.5729166865348816 0.40156251192092896 0.5791666507720947 0.41874998807907104 0.606249988079071 0.4234375059604645 0.5979166626930237 0.4296875 0.5979166626930237 0.45625001192092896 0.5666666626930237 0.4546875059604645 0.5562499761581421
0 0.4859375059604645 0.5145833492279053 0.4765625 0.5208333134651184 0.4515624940395355 0.550000011920929 0.45781248807907104 0.5604166388511658 0.45781248807907104 0.5666666626930237 0.4546875059604645 0.5708333253860474 0.46562498807907104 0.5874999761581421 0.4765625 0.5791666507720947 0.4765625 0.5625 0.49687498807907104 0.5458333492279053 0.503125011920929 0.5479166507720947 0.5015624761581421 0.5375000238418579
0 0.47343748807907104 0.6416666507720947 0.47343748807907104 0.6833333373069763 0.5 0.6916666626930237 0.5093749761581421 0.6916666626930237 0.5140625238418579 0.6645833253860474 0.5140625238418579 0.6520833373069763
0 0.5375000238418579 0.5895833373069763 0.526562511920929 0.5979166626930237 0.528124988079071 0.6041666865348816 0.504687488079071 0.625 0.49687498807907104 0.625 0.5062500238418579 0.6479166746139526 0.5140625238418579 0.6499999761581421 0.515625 0.6583333611488342 0.5531250238418579 0.625 0.551562488079071 0.6145833134651184