0 0.4984374940395355 0.5625 0.4937500059604645 0.5958333611488342 0.49531251192092896 0.6020833253860474 0.543749988079071 0.6104166507720947 0.546875 0.5874999761581421 0.5453125238418579 0.5687500238418579
0 0.5921875238418579 0.612500011920929 0.582812488079071 0.6187499761581421 0.5546875 0.6520833373069763 0.5546875 0.6583333611488342 0.5718749761581421 0.6854166388511658 0.581250011920929 0.6791666746139526 0.609375 0.6458333134651184 0.6078125238418579 0.6354166865348816
0 0.534375011920929 0.512499988079071 0.5328124761581421 0.5645833611488342 0.5453125238418579 0.5666666626930237 0.5484374761581421 0.5708333253860474 0.5484374761581421 0.581250011920929 0.5609375238418579 0.581250011920929 0.5640624761581421 0.5770833492279053 0.5640624761581421 0.5145833492279053
0 0.48906248807907104 0.581250011920929 0.48750001192092896 0.6479166746139526 0.515625 0.6499999761581421 0.518750011920929 0.6458333134651184 0.518750011920929 0.6083333492279053 0.49531251192092896 0.6041666865348816 0.4921875 0.6000000238418579 0.4937500059604645 0.581250011920929
0 0.4390625059604645 0.637499988079071 0.43437498807907104 0.6708333492279053 0.4359374940395355 0.6770833134651184 0.484375 0.6854166388511658 0.48750001192092896 0.6625000238418579 0.4859375059604645 0.643750011920929
0 0.6187499761581421 0.4791666567325592 0.612500011920929 0.4791666567325592 0.5921875238418579 0.4937500059604645 0.5921875238418579 0.5020833611488342 0.612500011920929 0.5541666746139526 0.6390625238418579 0.5375000238418579
0 0.5796874761581421 0.5666666626930237 0.546875 0.59375 0.5453125238418579 0.6104166507720947 0.542187511920929 0.612500011920929 0.5546875 0.6354166865348816 0.5609375238418579 0.6333333253860474 0.5953124761581421 0.6020833253860474 0.59375 0.5916666388511658
0 0.6265624761581421 0.5520833134651184 0.6234375238418579 0.5520833134651184 0.590624988079071 0.5833333134651184 0.596875011920929 0.5958333611488342 0.596875011920929 0.6020833253860474 0.59375 0.606249988079071 0.6015625 0.6208333373069763 0.6078125238418579 0.6187499761581421 0.6421874761581421 0.5874999761581421 0.640625 0.5770833492279053
0 0.6187499761581421 0.6333333253860474 0.6156250238418579 0.6333333253860474 0.6109374761581421 0.6395833492279053 0.6109374761581421 0.6458333134651184 0.582812488079071 0.6791666746139526 0.598437488079071 0.706250011920929 0.6078125238418579 0.699999988079071 0.635937511920929 0.6666666865348816 0.6343749761581421 0.65625
0 0.453125 0.59375 0.4515624940395355 0.6041666865348816 0.46406251192092896 0.637499988079071 0.4749999940395355 0.6416666507720947 0.4859375059604645 0.6416666507720947 0.4859375059604645 0.6000000238418579 0.47968751192092896 0.5833333134651184 0.47187501192092896 0.581250011920929
0 0.4359374940395355 0.47708332538604736 0.4312500059604645 0.5020833611488342 0.4312500059604645 0.5166666507720947 0.47968751192092896 0.5270833373069763 0.484375 0.48750001192092896 0.44062501192092896 0.4749999940395355
0 0.6390625238418579 0.5916666388511658 0.6156250238418579 0.612500011920929 0.6156250238418579 0.6312500238418579 0.6187499761581421 0.6312500238418579 0.637499988079071 0.6604166626930237 0.643750011920929 0.6604166626930237 0.6468750238418579 0.65625 0.6468750238418579 0.59375