0 0.6187499761581421 0.5 0.612500011920929 0.5 0.5921875238418579 0.5145833492279053 0.5921875238418579 0.5229166746139526 0.612500011920929 0.574999988079071 0.6390625238418579 0.5583333373069763
0 0.4468750059604645 0.4749999940395355 0.44218748807907104 0.5 0.44218748807907104 0.5145833492279053 0.4906249940395355 0.5249999761581421 0.49531251192092896 0.4854166805744171 0.4515624940395355 0.4729166626930237
0 0.4468750059604645 0.5229166746139526 0.4468750059604645 0.53125 0.4671874940395355 0.5833333134651184 0.4937500059604645 0.5666666626930237 0.47968751192092896 0.5249999761581421 0.4546875059604645 0.518750011920929
0 0.574999988079071 0.6145833134651184 0.559374988079071 0.6645833253860474 0.557812511920929 0.6770833134651184 0.574999988079071 0.6875 0.5859375 0.6895833611488342 0.59375 0.6625000238418579 0.598437488079071 0.65625 0.6031249761581421 0.6291666626930237
0 0.5328124761581421 0.5708333253860474 0.5171874761581421 0.6208333373069763 0.515625 0.6333333253860474 0.5328124761581421 0.643750011920929 0.543749988079071 0.6458333134651184 0.551562488079071 0.6187499761581421 0.5562499761581421 0.612500011920929 0.5609375238418579 0.5854166746139526
0 0.551562488079071 0.5375000238418579 0.546875 0.574999988079071 0.5609375238418579 0.581250011920929 0.5953124761581421 0.5874999761581421 0.6000000238418579 0.5479166507720947 0.5562499761581421 0.5354166626930237
0 0.5015624761581421 0.4958333373069763 0.49531251192092896 0.5020833611488342 0.4921875 0.5249999761581421 0.484375 0.5270833373069763 0.503125011920929 0.5687500238418579 0.5093749761581421 0.5708333253860474 0.53125 0.5520833134651184 0.53125 0.5479166507720947 0.5062500238418579 0.4958333373069763
0 0.5234375 0.6479166746139526 0.503125011920929 0.6645833253860474 0.503125011920929 0.6729166507720947 0.5249999761581421 0.7208333611488342 0.53125 0.7229166626930237 0.5531250238418579 0.7041666507720947 0.5531250238418579 0.699999988079071 0.528124988079071 0.6479166746139526
0 0.5796874761581421 0.6916666626930237 0.578125 0.706250011920929 0.582812488079071 0.7104166746139526 0.628125011920929 0.7166666388511658 0.6312500238418579 0.6770833134651184 0.59375 0.668749988079071 0.589062511920929 0.6875 0.5859375 0.6916666626930237
0 0.4468750059604645 0.5916666388511658 0.4375 0.5979166626930237 0.40937501192092896 0.6312500238418579 0.40937501192092896 0.637499988079071 0.42656248807907104 0.6645833253860474 0.4359374940395355 0.6583333611488342 0.46406251192092896 0.625 0.4625000059604645 0.6145833134651184
0 0.45781248807907104 0.6541666388511658 0.4546875059604645 0.6541666388511658 0.41718751192092896 0.6895833611488342 0.43281251192092896 0.7229166626930237 0.4390625059604645 0.7208333611488342 0.47343748807907104 0.6895833611488342 0.47187501192092896 0.6791666746139526