0 0.5390625 0.5979166626930237 0.518750011920929 0.6145833134651184 0.518750011920929 0.6229166388511658 0.5406249761581421 0.6708333492279053 0.546875 0.6729166507720947 0.5687500238418579 0.6541666388511658 0.5687500238418579 0.6499999761581421 0.543749988079071 0.5979166626930237
0 0.614062488079071 0.4937500059604645 0.609375 0.518750011920929 0.609375 0.5333333611488342 0.6578124761581421 0.543749988079071 0.6625000238418579 0.5041666626930237 0.6187499761581421 0.49166667461395264
0 0.4828124940395355 0.512499988079071 0.47968751192092896 0.512499988079071 0.44218748807907104 0.5479166507720947 0.45781248807907104 0.581250011920929 0.46406251192092896 0.5791666507720947 0.4984374940395355 0.5479166507720947 0.49687498807907104 0.5375000238418579
0 0.5718749761581421 0.65625 0.5687500238418579 0.65625 0.53125 0.6916666626930237 0.546875 0.7250000238418579 0.5531250238418579 0.7229166626930237 0.5874999761581421 0.6916666626930237 0.5859375 0.6812499761581421
0 0.4984374940395355 0.5395833253860474 0.5 0.5479166507720947 0.4781250059604645 0.5687500238418579 0.4984374940395355 0.612500011920929 0.504687488079071 0.6145833134651184 0.526562511920929 0.5958333611488342 0.526562511920929 0.5916666388511658 0.504687488079071 0.543749988079071
0 0.534375011920929 0.512499988079071 0.5296875238418579 0.5458333492279053 0.53125 0.5520833134651184 0.5796874761581421 0.5604166388511658 0.582812488079071 0.5375000238418579 0.581250011920929 0.518750011920929
0 0.6031249761581421 0.4937500059604645 0.596875011920929 0.4937500059604645 0.5765625238418579 0.5083333253860474 0.5765625238418579 0.5166666507720947 0.5843750238418579 0.5208333134651184 0.5843750238418579 0.5375000238418579 0.596875011920929 0.5687500238418579 0.6234375238418579 0.5520833134651184 0.6187499761581421 0.5375000238418579 0.6078125238418579 0.5333333611488342 0.609375 0.5083333253860474
0 0.628125011920929 0.606249988079071 0.6234375238418579 0.6395833492279053 0.625 0.6458333134651184 0.6734374761581421 0.6541666388511658 0.676562488079071 0.6312500238418579 0.675000011920929 0.612500011920929
0 0.41874998807907104 0.49166667461395264 0.41718751192092896 0.5583333373069763 0.4453125 0.5604166388511658 0.44062501192092896 0.5479166507720947 0.44843751192092896 0.5395833253860474 0.44843751192092896 0.4937500059604645
0 0.3968749940395355 0.6499999761581421 0.3921875059604645 0.6833333373069763 0.39375001192092896 0.6895833611488342 0.44218748807907104 0.6979166865348816 0.4453125 0.675000011920929 0.4437499940395355 0.65625
0 0.589062511920929 0.5520833134651184 0.5843750238418579 0.5916666388511658 0.6328125 0.6020833253860474 0.637499988079071 0.5625 0.6171875 0.5583333373069763 0.596875011920929 0.5708333253860474 0.5921875238418579 0.5645833611488342