0 0.614062488079071 0.5458333492279053 0.612500011920929 0.612500011920929 0.640625 0.6145833134651184 0.643750011920929 0.6104166507720947 0.643750011920929 0.5479166507720947
0 0.43437498807907104 0.5416666865348816 0.4140625 0.5583333373069763 0.4140625 0.5666666626930237 0.4359374940395355 0.6145833134651184 0.44218748807907104 0.6166666746139526 0.46406251192092896 0.5979166626930237 0.46406251192092896 0.59375 0.4390625059604645 0.5416666865348816
0 0.546875 0.606249988079071 0.5375000238418579 0.612500011920929 0.5093749761581421 0.6458333134651184 0.5093749761581421 0.6520833373069763 0.526562511920929 0.6791666746139526 0.535937488079071 0.6729166507720947 0.5640624761581421 0.6395833492279053 0.5625 0.6291666626930237
0 0.567187488079071 0.48750001192092896 0.565625011920929 0.5541666746139526 0.59375 0.5562499761581421 0.596875011920929 0.5520833134651184 0.596875011920929 0.4895833432674408
0 0.5 0.5104166865348816 0.484375 0.5604166388511658 0.4828124940395355 0.5729166865348816 0.5 0.5833333134651184 0.510937511920929 0.5854166746139526 0.518750011920929 0.5583333373069763 0.5234375 0.5520833134651184 0.528124988079071 0.5249999761581421
0 0.4593749940395355 0.4833333194255829 0.453125 0.4833333194255829 0.43281251192092896 0.49791666865348816 0.43281251192092896 0.5062500238418579 0.453125 0.5583333373069763 0.47968751192092896 0.5416666865348816
0 0.4515624940395355 0.6270833611488342 0.4468750059604645 0.6604166626930237 0.44843751192092896 0.6666666865348816 0.49687498807907104 0.675000011920929 0.5 0.6520833373069763 0.4984374940395355 0.6333333253860474
0 0.590624988079071 0.625 0.5859375 0.6499999761581421 0.5859375 0.6645833253860474 0.6343749761581421 0.675000011920929 0.6390625238418579 0.6354166865348816 0.5953124761581421 0.6229166388511658
0 0.573437511920929 0.5833333134651184 0.5609375238418579 0.6229166388511658 0.565625011920929 0.6395833492279053 0.557812511920929 0.6479166746139526 0.5843750238418579 0.6583333611488342 0.5874999761581421 0.6291666626930237 0.5921875238418579 0.6208333373069763 0.596875011920929 0.6229166388511658 0.6015625 0.5979166626930237
0 0.44062501192092896 0.6458333134651184 0.43437498807907104 0.6458333134651184 0.4140625 0.6604166626930237 0.4140625 0.668749988079071 0.43437498807907104 0.7208333611488342 0.4609375 0.7041666507720947
0 0.651562511920929 0.5458333492279053 0.6499999761581421 0.612500011920929 0.6781250238418579 0.6145833134651184 0.6812499761581421 0.6104166507720947 0.6812499761581421 0.5479166507720947
0 0.41093748807907104 0.47083333134651184 0.40937501192092896 0.5375000238418579 0.4375 0.5395833253860474 0.44062501192092896 0.5354166626930237 0.44062501192092896 0.5291666388511658 0.4312500059604645 0.5062500238418579 0.4312500059604645 0.49791666865348816 0.44062501192092896 0.4895833432674408 0.44062501192092896 0.4729166626930237
0 0.4906249940395355 0.4854166805744171 0.4859375059604645 0.5249999761581421 0.4937500059604645 0.5270833373069763 0.49687498807907104 0.512499988079071 0.503125011920929 0.5083333253860474 0.526562511920929 0.5208333134651184 0.5296875238418579 0.5249999761581421 0.528124988079071 0.5354166626930237 0.534375011920929 0.5354166626930237 0.5390625 0.4958333373069763 0.49531251192092896 0.4833333194255829