0 0.48906248807907104 0.5041666626930237 0.484375 0.5375000238418579 0.4859375059604645 0.543749988079071 0.534375011920929 0.5520833134651184 0.5375000238418579 0.5291666388511658 0.535937488079071 0.5104166865348816
0 0.5375000238418579 0.6604166626930237 0.535937488079071 0.7270833253860474 0.5640624761581421 0.7291666865348816 0.567187488079071 0.7250000238418579 0.567187488079071 0.6625000238418579
0 0.5718749761581421 0.6625000238418579 0.5687500238418579 0.6791666746139526 0.5687500238418579 0.7020833492279053 0.6171875 0.7104166746139526 0.620312511920929 0.6875 0.6187499761581421 0.668749988079071
0 0.41874998807907104 0.46875 0.4124999940395355 0.46875 0.3921875059604645 0.4833333194255829 0.3921875059604645 0.49166667461395264 0.4124999940395355 0.543749988079071 0.4390625059604645 0.5270833373069763
0 0.6468750238418579 0.5270833373069763 0.640625 0.5270833373069763 0.620312511920929 0.5416666865348816 0.620312511920929 0.550000011920929 0.640625 0.6020833253860474 0.667187511920929 0.5854166746139526
0 0.48124998807907104 0.6395833492279053 0.4781250059604645 0.6395833492279053 0.44062501192092896 0.675000011920929 0.45625001192092896 0.7083333134651184 0.4625000059604645 0.706250011920929 0.49687498807907104 0.675000011920929 0.49531251192092896 0.6645833253860474
0 0.6000000238418579 0.6395833492279053 0.596875011920929 0.6645833253860474 0.6187499761581421 0.6666666865348816 0.621874988079071 0.6708333492279053 0.621874988079071 0.6854166388511658 0.643750011920929 0.6895833611488342 0.6484375 0.6499999761581421 0.604687511920929 0.637499988079071
0 0.5546875 0.550000011920929 0.5390625 0.6000000238418579 0.5375000238418579 0.612500011920929 0.5546875 0.6229166388511658 0.565625011920929 0.625 0.573437511920929 0.5979166626930237 0.578125 0.5916666388511658 0.582812488079071 0.5645833611488342
0 0.44999998807907104 0.5729166865348816 0.44843751192092896 0.6395833492279053 0.4749999940395355 0.6416666507720947 0.47968751192092896 0.637499988079071 0.47968751192092896 0.574999988079071
0 0.3968749940395355 0.5854166746139526 0.3921875059604645 0.6187499761581421 0.39375001192092896 0.625 0.44218748807907104 0.6333333253860474 0.4453125 0.6104166507720947 0.4437499940395355 0.5916666388511658
0 0.5249999761581421 0.612500011920929 0.48750001192092896 0.643750011920929 0.4984374940395355 0.668749988079071 0.49687498807907104 0.6770833134651184 0.5 0.6812499761581421 0.5062500238418579 0.6791666746139526 0.5406249761581421 0.6479166746139526 0.5390625 0.637499988079071
0 0.6078125238418579 0.5458333492279053 0.6015625 0.5458333492279053 0.581250011920929 0.5604166388511658 0.5843750238418579 0.5645833611488342 0.582812488079071 0.5729166865348816 0.6015625 0.6208333373069763 0.628125011920929 0.6041666865348816