0 0.45781248807907104 0.6458333134651184 0.4546875059604645 0.6458333134651184 0.41718751192092896 0.6812499761581421 0.43281251192092896 0.7145833373069763 0.4390625059604645 0.7124999761581421 0.47343748807907104 0.6812499761581421 0.47187501192092896 0.6708333492279053
0 0.4937500059604645 0.5854166746139526 0.484375 0.5916666388511658 0.45625001192092896 0.625 0.45625001192092896 0.6312500238418579 0.47343748807907104 0.6583333611488342 0.4828124940395355 0.6520833373069763 0.510937511920929 0.6187499761581421 0.5093749761581421 0.6083333492279053
0 0.565625011920929 0.5583333373069763 0.5453125238418579 0.574999988079071 0.5453125238418579 0.5833333134651184 0.567187488079071 0.6312500238418579 0.573437511920929 0.6333333253860474 0.5953124761581421 0.6145833134651184 0.5953124761581421 0.6104166507720947 0.5703125 0.5583333373069763
0 0.53125 0.6000000238418579 0.5296875238418579 0.6666666865348816 0.557812511920929 0.668749988079071 0.5609375238418579 0.6645833253860474 0.5609375238418579 0.6187499761581421 0.551562488079071 0.6000000238418579
0 0.6015625 0.6645833253860474 0.596875011920929 0.6895833611488342 0.596875011920929 0.7041666507720947 0.645312488079071 0.7145833373069763 0.6499999761581421 0.675000011920929 0.606249988079071 0.6625000238418579
0 0.46406251192092896 0.5104166865348816 0.4625000059604645 0.5770833492279053 0.4906249940395355 0.5791666507720947 0.4937500059604645 0.574999988079071 0.4937500059604645 0.512499988079071
0 0.4281249940395355 0.5229166746139526 0.4124999940395355 0.5729166865348816 0.41093748807907104 0.5854166746139526 0.4281249940395355 0.5958333611488342 0.4390625059604645 0.5979166626930237 0.4468750059604645 0.5708333253860474 0.4515624940395355 0.5645833611488342 0.45625001192092896 0.5375000238418579
0 0.5390625 0.5062500238418579 0.534375011920929 0.5395833253860474 0.535937488079071 0.5458333492279053 0.5843750238418579 0.5541666746139526 0.5874999761581421 0.53125 0.5859375 0.512499988079071
0 0.5234375 0.53125 0.5140625238418579 0.5375000238418579 0.49531251192092896 0.5604166388511658 0.49531251192092896 0.574999988079071 0.48906248807907104 0.581250011920929 0.4937500059604645 0.5833333134651184 0.5062500238418579 0.6020833253860474 0.5406249761581421 0.5645833611488342 0.5390625 0.5541666746139526
0 0.4609375 0.5729166865348816 0.44843751192092896 0.581250011920929 0.4390625059604645 0.6000000238418579 0.4312500059604645 0.5979166626930237 0.4203124940395355 0.6083333492279053 0.4359374940395355 0.6416666507720947 0.453125 0.6291666626930237 0.4749999940395355 0.6020833253860474 0.4749999940395355 0.5979166626930237 0.4609375 0.5770833492279053
0 0.6156250238418579 0.5666666626930237 0.5874999761581421 0.5895833373069763 0.596875011920929 0.6104166507720947 0.5953124761581421 0.6166666746139526 0.5843750238418579 0.625 0.590624988079071 0.6354166865348816 0.596875011920929 0.6333333253860474 0.6312500238418579 0.6020833253860474 0.629687488079071 0.5916666388511658
0 0.5640624761581421 0.6312500238418579 0.5625 0.6645833253860474 0.557812511920929 0.6708333492279053 0.5406249761581421 0.6708333492279053 0.535937488079071 0.6833333373069763 0.5375000238418579 0.6916666626930237 0.557812511920929 0.7020833492279053 0.565625011920929 0.699999988079071 0.581250011920929 0.6479166746139526 0.5796874761581421 0.6395833492279053