0 0.550000011920929 0.5958333611488342 0.546875 0.5958333611488342 0.5093749761581421 0.6312500238418579 0.5249999761581421 0.6645833253860474 0.53125 0.6625000238418579 0.565625011920929 0.6312500238418579 0.5640624761581421 0.6208333373069763
0 0.5796874761581421 0.53125 0.5703125 0.5375000238418579 0.542187511920929 0.5708333253860474 0.542187511920929 0.5770833492279053 0.559374988079071 0.6041666865348816 0.5687500238418579 0.5979166626930237 0.596875011920929 0.5645833611488342 0.5953124761581421 0.5541666746139526
0 0.4000000059604645 0.6416666507720947 0.3984375 0.7083333134651184 0.42656248807907104 0.7104166746139526 0.4296875 0.706250011920929 0.4296875 0.643750011920929
0 0.6156250238418579 0.5916666388511658 0.606249988079071 0.5979166626930237 0.578125 0.6312500238418579 0.578125 0.637499988079071 0.5953124761581421 0.6645833253860474 0.604687511920929 0.6583333611488342 0.6328125 0.625 0.6312500238418579 0.6145833134651184
0 0.6109374761581421 0.48750001192092896 0.590624988079071 0.5041666626930237 0.590624988079071 0.512499988079071 0.612500011920929 0.5604166388511658 0.6187499761581421 0.5625 0.640625 0.543749988079071 0.640625 0.5395833253860474 0.6156250238418579 0.48750001192092896
0 0.546875 0.49791666865348816 0.546875 0.5062500238418579 0.5640624761581421 0.543749988079071 0.5765625238418579 0.5291666388511658 0.5796874761581421 0.5291666388511658 0.589062511920929 0.543749988079071 0.596875011920929 0.5375000238418579 0.59375 0.5249999761581421 0.5718749761581421 0.48124998807907104 0.567187488079071 0.48124998807907104
0 0.528124988079071 0.5020833611488342 0.5249999761581421 0.5020833611488342 0.48750001192092896 0.5375000238418579 0.503125011920929 0.5708333253860474 0.5093749761581421 0.5687500238418579 0.543749988079071 0.5375000238418579 0.542187511920929 0.5270833373069763
0 0.44062501192092896 0.4895833432674408 0.4390625059604645 0.5562499761581421 0.4671874940395355 0.5583333373069763 0.4703125059604645 0.5541666746139526 0.4703125059604645 0.49166667461395264
0 0.421875 0.5479166507720947 0.4203124940395355 0.6145833134651184 0.44843751192092896 0.6166666746139526 0.4515624940395355 0.612500011920929 0.4515624940395355 0.5604166388511658 0.4390625059604645 0.5583333373069763 0.4375 0.5479166507720947
0 0.5093749761581421 0.6458333134651184 0.503125011920929 0.6458333134651184 0.4828124940395355 0.6604166626930237 0.4828124940395355 0.668749988079071 0.503125011920929 0.7208333611488342 0.5296875238418579 0.7041666507720947
0 0.6484375 0.6395833492279053 0.6421874761581421 0.6395833492279053 0.621874988079071 0.6541666388511658 0.621874988079071 0.6625000238418579 0.6421874761581421 0.7145833373069763 0.668749988079071 0.6979166865348816