0 0.5765625238418579 0.6104166507720947 0.5609375238418579 0.6604166626930237 0.559374988079071 0.6729166507720947 0.5765625238418579 0.6833333373069763 0.5874999761581421 0.6854166388511658 0.5953124761581421 0.6583333611488342 0.6000000238418579 0.6520833373069763 0.604687511920929 0.625
0 0.45781248807907104 0.6604166626930237 0.4546875059604645 0.6604166626930237 0.41718751192092896 0.6958333253860474 0.43281251192092896 0.7291666865348816 0.4390625059604645 0.7270833253860474 0.47343748807907104 0.6958333253860474 0.47187501192092896 0.6854166388511658
0 0.4859375059604645 0.6145833134651184 0.4765625 0.6208333373069763 0.44843751192092896 0.6541666388511658 0.44999998807907104 0.6625000238418579 0.45781248807907104 0.6583333611488342 0.47187501192092896 0.6833333373069763 0.503125011920929 0.6479166746139526 0.5015624761581421 0.637499988079071
0 0.5953124761581421 0.53125 0.59375 0.5979166626930237 0.621874988079071 0.6000000238418579 0.625 0.5958333611488342 0.625 0.5333333611488342
0 0.4390625059604645 0.6354166865348816 0.4359374940395355 0.6354166865348816 0.3984375 0.6708333492279053 0.3984375 0.675000011920929 0.4140625 0.7041666507720947 0.41718751192092896 0.7041666507720947 0.4156250059604645 0.6958333253860474 0.44843751192092896 0.6645833253860474 0.44843751192092896 0.6520833373069763
0 0.4515624940395355 0.5062500238418579 0.4359374940395355 0.5562499761581421 0.43437498807907104 0.5687500238418579 0.4515624940395355 0.5791666507720947 0.4625000059604645 0.581250011920929 0.4703125059604645 0.5541666746139526 0.4749999940395355 0.5479166507720947 0.47968751192092896 0.5208333134651184
0 0.6343749761581421 0.6000000238418579 0.6187499761581421 0.6499999761581421 0.6171875 0.6625000238418579 0.6343749761581421 0.6729166507720947 0.645312488079071 0.675000011920929 0.653124988079071 0.6479166746139526 0.6578124761581421 0.6416666507720947 0.6625000238418579 0.6145833134651184
0 0.4234375059604645 0.47708332538604736 0.421875 0.543749988079071 0.4375 0.5458333492279053 0.44843751192092896 0.5083333253860474 0.453125 0.5041666626930237 0.453125 0.4791666567325592
0 0.48750001192092896 0.512499988079071 0.48124998807907104 0.512499988079071 0.4765625 0.5166666507720947 0.48124998807907104 0.5208333134651184 0.48124998807907104 0.5270833373069763 0.4765625 0.5395833253860474 0.4765625 0.5479166507720947 0.47343748807907104 0.550000011920929 0.4703125059604645 0.5604166388511658 0.48124998807907104 0.5874999761581421 0.5078125 0.5708333253860474
0 0.5218750238418579 0.5395833253860474 0.504687488079071 0.5520833134651184 0.5093749761581421 0.5708333253860474 0.4859375059604645 0.5874999761581421 0.49687498807907104 0.6083333492279053 0.503125011920929 0.606249988079071 0.5375000238418579 0.574999988079071 0.535937488079071 0.5645833611488342
0 0.5296875238418579 0.5333333611488342 0.528124988079071 0.5479166507720947 0.5375000238418579 0.5645833611488342 0.5390625 0.5770833492279053 0.573437511920929 0.5833333134651184 0.578125 0.543749988079071 0.534375011920929 0.53125
0 0.5953124761581421 0.5145833492279053 0.578125 0.48750001192092896 0.574999988079071 0.48750001192092896 0.543749988079071 0.5229166746139526 0.5406249761581421 0.53125 0.5765625238418579 0.5416666865348816 0.5953124761581421 0.5208333134651184