0 0.46875 0.5083333253860474 0.46562498807907104 0.5083333253860474 0.4281249940395355 0.543749988079071 0.4437499940395355 0.5770833492279053 0.44999998807907104 0.574999988079071 0.484375 0.543749988079071 0.4828124940395355 0.5333333611488342
0 0.645312488079071 0.5791666507720947 0.643750011920929 0.6458333134651184 0.671875 0.6479166746139526 0.675000011920929 0.643750011920929 0.675000011920929 0.581250011920929
0 0.5843750238418579 0.5416666865348816 0.581250011920929 0.5416666865348816 0.543749988079071 0.5770833492279053 0.559374988079071 0.6104166507720947 0.565625011920929 0.6083333492279053 0.6000000238418579 0.5770833492279053 0.598437488079071 0.5666666626930237
0 0.612500011920929 0.4895833432674408 0.609375 0.4895833432674408 0.5718749761581421 0.5249999761581421 0.578125 0.5416666865348816 0.5843750238418579 0.5395833253860474 0.59375 0.5562499761581421 0.628125011920929 0.5249999761581421 0.6265624761581421 0.5145833492279053
0 0.5015624761581421 0.5375000238418579 0.48124998807907104 0.5541666746139526 0.48124998807907104 0.5625 0.503125011920929 0.6104166507720947 0.5093749761581421 0.612500011920929 0.53125 0.59375 0.53125 0.5895833373069763 0.5062500238418579 0.5375000238418579
0 0.4703125059604645 0.6479166746139526 0.4546875059604645 0.6979166865348816 0.453125 0.7104166746139526 0.4703125059604645 0.7208333611488342 0.48124998807907104 0.7229166626930237 0.48906248807907104 0.6958333253860474 0.4937500059604645 0.6895833611488342 0.4984374940395355 0.6625000238418579
0 0.606249988079071 0.5770833492279053 0.5859375 0.59375 0.5859375 0.6020833253860474 0.6078125238418579 0.6499999761581421 0.614062488079071 0.6520833373069763 0.635937511920929 0.6333333253860474 0.635937511920929 0.6291666626930237 0.6109374761581421 0.5770833492279053
0 0.6000000238418579 0.643750011920929 0.5796874761581421 0.6604166626930237 0.5796874761581421 0.668749988079071 0.6015625 0.7166666388511658 0.6078125238418579 0.71875 0.629687488079071 0.699999988079071 0.629687488079071 0.6958333253860474 0.6109374761581421 0.6541666388511658 0.6031249761581421 0.643750011920929
0 0.40625 0.48124998807907104 0.4046874940395355 0.5479166507720947 0.4281249940395355 0.550000011920929 0.42656248807907104 0.543749988079071 0.4359374940395355 0.5333333611488342 0.4359374940395355 0.4833333194255829
0 0.42500001192092896 0.6020833253860474 0.40937501192092896 0.6520833373069763 0.4078125059604645 0.6645833253860474 0.42500001192092896 0.675000011920929 0.4359374940395355 0.6770833134651184 0.4437499940395355 0.6499999761581421 0.44843751192092896 0.643750011920929 0.453125 0.6166666746139526
0 0.620312511920929 0.5416666865348816 0.6015625 0.5541666746139526 0.6000000238418579 0.5645833611488342 0.604687511920929 0.5770833492279053 0.6109374761581421 0.574999988079071 0.6156250238418579 0.581250011920929 0.629687488079071 0.612500011920929 0.6421874761581421 0.6041666865348816 0.6421874761581421 0.5833333134651184 0.628125011920929 0.543749988079071