0 0.46406251192092896 0.6166666746139526 0.4546875059604645 0.6229166388511658 0.42656248807907104 0.65625 0.42656248807907104 0.6625000238418579 0.4437499940395355 0.6895833611488342 0.453125 0.6833333373069763 0.48124998807907104 0.6499999761581421 0.47968751192092896 0.6395833492279053
0 0.42500001192092896 0.6187499761581421 0.41874998807907104 0.6187499761581421 0.3984375 0.6333333253860474 0.3984375 0.6416666507720947 0.41874998807907104 0.6937500238418579 0.4375 0.6833333373069763 0.42500001192092896 0.6625000238418579 0.42500001192092896 0.65625 0.43437498807907104 0.6458333134651184
0 0.6187499761581421 0.53125 0.612500011920929 0.53125 0.5921875238418579 0.5458333492279053 0.5921875238418579 0.5541666746139526 0.612500011920929 0.606249988079071 0.6390625238418579 0.5895833373069763
0 0.5609375238418579 0.5895833373069763 0.551562488079071 0.5958333611488342 0.5234375 0.6291666626930237 0.5234375 0.6354166865348816 0.5406249761581421 0.6625000238418579 0.550000011920929 0.65625 0.578125 0.6229166388511658 0.5765625238418579 0.612500011920929
0 0.4000000059604645 0.47083333134651184 0.3984375 0.5375000238418579 0.42656248807907104 0.5395833253860474 0.4296875 0.5354166626930237 0.4296875 0.4729166626930237
0 0.5140625238418579 0.518750011920929 0.5078125 0.518750011920929 0.48750001192092896 0.5333333611488342 0.48750001192092896 0.5416666865348816 0.5078125 0.59375 0.534375011920929 0.5770833492279053
0 0.5796874761581421 0.6208333373069763 0.542187511920929 0.6645833253860474 0.559374988079071 0.6937500238418579 0.5687500238418579 0.6875 0.596875011920929 0.6541666388511658 0.5953124761581421 0.643750011920929
0 0.604687511920929 0.6520833373069763 0.5953124761581421 0.6583333611488342 0.567187488079071 0.6916666626930237 0.567187488079071 0.6979166865348816 0.5843750238418579 0.7250000238418579 0.59375 0.71875 0.621874988079071 0.6854166388511658 0.620312511920929 0.675000011920929
0 0.6546875238418579 0.5083333253860474 0.645312488079071 0.5145833492279053 0.625 0.5395833253860474 0.637499988079071 0.5791666507720947 0.643750011920929 0.574999988079071 0.671875 0.5416666865348816 0.6703125238418579 0.53125
0 0.4921875 0.5562499761581421 0.46406251192092896 0.5895833373069763 0.46406251192092896 0.5958333611488342 0.48124998807907104 0.6229166388511658 0.4906249940395355 0.6166666746139526 0.5078125 0.5958333611488342 0.503125011920929 0.5895833373069763
0 0.4046874940395355 0.5416666865348816 0.3984375 0.5458333492279053 0.3984375 0.5541666746139526 0.421875 0.6041666865348816 0.42656248807907104 0.6041666865348816 0.44843751192092896 0.5854166746139526 0.4453125 0.5729166865348816 0.4296875 0.5395833253860474
0 0.645312488079071 0.6020833253860474 0.6390625238418579 0.5916666388511658 0.612500011920929 0.6083333492279053 0.606249988079071 0.5958333611488342 0.590624988079071 0.6145833134651184 0.590624988079071 0.6208333373069763 0.606249988079071 0.6458333134651184 0.6109374761581421 0.6479166746139526 0.645312488079071 0.6083333492279053
0 0.5625 0.5354166626930237 0.567187488079071 0.5395833253860474 0.5921875238418579 0.543749988079071 0.614062488079071 0.5291666388511658 0.614062488079071 0.5041666626930237 0.567187488079071 0.49791666865348816
0 0.6468750238418579 0.5729166865348816 0.6390625238418579 0.581250011920929 0.640625 0.5916666388511658 0.6468750238418579 0.6020833253860474 0.6468750238418579 0.6083333492279053 0.637499988079071 0.6187499761581421 0.637499988079071 0.6395833492279053 0.6656249761581421 0.6416666507720947 0.668749988079071 0.637499988079071 0.668749988079071 0.574999988079071
0 0.5093749761581421 0.5958333611488342 0.4859375059604645 0.6229166388511658 0.48750001192092896 0.6312500238418579 0.504687488079071 0.6666666865348816 0.5093749761581421 0.6666666865348816 0.5296875238418579 0.6479166746139526 0.5218750238418579 0.6354166865348816 0.5234375 0.6270833611488342