0 0.589062511920929 0.6520833373069763 0.582812488079071 0.6520833373069763 0.5625 0.6666666865348816 0.5625 0.675000011920929 0.582812488079071 0.7270833253860474 0.609375 0.7104166746139526
0 0.526562511920929 0.5958333611488342 0.5218750238418579 0.6208333373069763 0.5218750238418579 0.6354166865348816 0.5703125 0.6458333134651184 0.574999988079071 0.606249988079071 0.53125 0.59375
0 0.6343749761581421 0.6020833253860474 0.6312500238418579 0.6020833253860474 0.59375 0.637499988079071 0.609375 0.6708333492279053 0.6156250238418579 0.668749988079071 0.6499999761581421 0.637499988079071 0.6484375 0.6270833611488342
0 0.4749999940395355 0.4791666567325592 0.4593749940395355 0.5291666388511658 0.45781248807907104 0.5416666865348816 0.4749999940395355 0.5520833134651184 0.4859375059604645 0.5541666746139526 0.4937500059604645 0.5270833373069763 0.4984374940395355 0.5208333134651184 0.503125011920929 0.4937500059604645
0 0.612500011920929 0.5333333611488342 0.609375 0.5333333611488342 0.5718749761581421 0.5687500238418579 0.5874999761581421 0.6020833253860474 0.59375 0.6000000238418579 0.628125011920929 0.5687500238418579 0.6265624761581421 0.5583333373069763
0 0.4765625 0.5541666746139526 0.4749999940395355 0.5791666507720947 0.5234375 0.5895833373069763 0.528124988079071 0.550000011920929 0.4921875 0.5395833253860474 0.4859375059604645 0.5562499761581421
0 0.604687511920929 0.4854166805744171 0.6000000238418579 0.5104166865348816 0.6000000238418579 0.5249999761581421 0.6484375 0.5354166626930237 0.653124988079071 0.4958333373069763 0.609375 0.4833333194255829
0 0.659375011920929 0.6479166746139526 0.6499999761581421 0.6541666388511658 0.621874988079071 0.6875 0.621874988079071 0.6937500238418579 0.6390625238418579 0.7208333611488342 0.6484375 0.7145833373069763 0.676562488079071 0.6812499761581421 0.675000011920929 0.6708333492279053
0 0.4859375059604645 0.6270833611488342 0.4828124940395355 0.6270833611488342 0.4453125 0.6625000238418579 0.4609375 0.6958333253860474 0.4671874940395355 0.6937500238418579 0.5015624761581421 0.6625000238418579 0.5 0.6520833373069763
0 0.44218748807907104 0.5270833373069763 0.4359374940395355 0.5270833373069763 0.4156250059604645 0.5416666865348816 0.4156250059604645 0.550000011920929 0.4359374940395355 0.6020833253860474 0.4625000059604645 0.5854166746139526
0 0.46406251192092896 0.6979166865348816 0.4625000059604645 0.7104166746139526 0.4671874940395355 0.7145833373069763 0.512499988079071 0.7208333611488342 0.515625 0.6812499761581421 0.48906248807907104 0.675000011920929
0 0.510937511920929 0.6395833492279053 0.5093749761581421 0.6770833134651184 0.5140625238418579 0.6770833134651184 0.5171874761581421 0.6812499761581421 0.515625 0.7083333134651184 0.5375000238418579 0.7083333134651184 0.5406249761581421 0.7041666507720947 0.5406249761581421 0.6416666507720947