0 0.609375 0.5104166865348816 0.604687511920929 0.5354166626930237 0.604687511920929 0.550000011920929 0.653124988079071 0.5604166388511658 0.6578124761581421 0.5208333134651184 0.614062488079071 0.5083333253860474
0 0.46406251192092896 0.5979166626930237 0.4546875059604645 0.6041666865348816 0.42656248807907104 0.637499988079071 0.42656248807907104 0.643750011920929 0.4437499940395355 0.6708333492279053 0.453125 0.6645833253860474 0.48124998807907104 0.6312500238418579 0.47968751192092896 0.6208333373069763
0 0.6031249761581421 0.5041666626930237 0.6000000238418579 0.5041666626930237 0.5625 0.5395833253860474 0.5625 0.543749988079071 0.578125 0.5729166865348816 0.5843750238418579 0.5708333253860474 0.604687511920929 0.5520833134651184 0.6031249761581421 0.5354166626930237 0.6078125238418579 0.5104166865348816
0 0.6578124761581421 0.5375000238418579 0.653124988079071 0.5625 0.6312500238418579 0.5583333373069763 0.651562511920929 0.612500011920929 0.6781250238418579 0.5958333611488342
0 0.543749988079071 0.5416666865348816 0.5390625 0.574999988079071 0.5406249761581421 0.581250011920929 0.589062511920929 0.5895833373069763 0.5921875238418579 0.5645833611488342 0.578125 0.574999988079071 0.5609375238418579 0.543749988079071
0 0.534375011920929 0.6416666507720947 0.518750011920929 0.6916666626930237 0.5171874761581421 0.7041666507720947 0.534375011920929 0.7145833373069763 0.5453125238418579 0.7166666388511658 0.5531250238418579 0.6895833611488342 0.557812511920929 0.6833333373069763 0.5625 0.65625
0 0.5390625 0.5645833611488342 0.5296875238418579 0.5708333253860474 0.5015624761581421 0.6041666865348816 0.5015624761581421 0.6104166507720947 0.518750011920929 0.637499988079071 0.528124988079071 0.6312500238418579 0.5562499761581421 0.5979166626930237 0.5531250238418579 0.5854166746139526 0.543749988079071 0.5854166746139526 0.5375000238418579 0.5791666507720947
0 0.46562498807907104 0.5041666626930237 0.4609375 0.5375000238418579 0.4625000059604645 0.543749988079071 0.510937511920929 0.5520833134651184 0.5140625238418579 0.5291666388511658 0.512499988079071 0.5104166865348816
0 0.4671874940395355 0.5479166507720947 0.46875 0.5604166388511658 0.4906249940395355 0.606249988079071 0.49531251192092896 0.606249988079071 0.503125011920929 0.6000000238418579 0.5171874761581421 0.5833333134651184 0.503125011920929 0.5541666746139526
0 0.5687500238418579 0.668749988079071 0.5640624761581421 0.6937500238418579 0.5640624761581421 0.7083333134651184 0.612500011920929 0.71875 0.6171875 0.6791666746139526 0.573437511920929 0.6666666865348816
0 0.4359374940395355 0.5479166507720947 0.43281251192092896 0.5479166507720947 0.39531248807907104 0.5833333134651184 0.41093748807907104 0.6166666746139526 0.41718751192092896 0.6145833134651184 0.4515624940395355 0.5833333134651184 0.44999998807907104 0.5729166865348816
0 0.484375 0.6625000238418579 0.47968751192092896 0.6875 0.47968751192092896 0.7020833492279053 0.528124988079071 0.7124999761581421 0.515625 0.7041666507720947 0.5234375 0.675000011920929 0.5218750238418579 0.668749988079071 0.48906248807907104 0.6604166626930237