0 0.4046874940395355 0.5645833611488342 0.4000000059604645 0.5895833373069763 0.4000000059604645 0.6041666865348816 0.44843751192092896 0.6145833134651184 0.453125 0.574999988079071 0.40937501192092896 0.5625
0 0.5859375 0.6041666865348816 0.5765625238418579 0.6104166507720947 0.5484374761581421 0.643750011920929 0.5484374761581421 0.6499999761581421 0.565625011920929 0.6770833134651184 0.574999988079071 0.6708333492279053 0.6031249761581421 0.637499988079071 0.6015625 0.6270833611488342
0 0.5687500238418579 0.5854166746139526 0.5609375238418579 0.5833333134651184 0.5375000238418579 0.5854166746139526 0.5375000238418579 0.6499999761581421 0.5484374761581421 0.6520833373069763 0.546875 0.643750011920929 0.5687500238418579 0.6187499761581421
0 0.526562511920929 0.5062500238418579 0.5062500238418579 0.5229166746139526 0.5062500238418579 0.53125 0.528124988079071 0.5791666507720947 0.534375011920929 0.581250011920929 0.5562499761581421 0.5625 0.5562499761581421 0.5583333373069763 0.53125 0.5062500238418579
0 0.4312500059604645 0.48124998807907104 0.421875 0.48750001192092896 0.39375001192092896 0.5208333134651184 0.39375001192092896 0.5270833373069763 0.41093748807907104 0.5541666746139526 0.4203124940395355 0.5479166507720947 0.44843751192092896 0.5145833492279053 0.4468750059604645 0.5041666626930237
0 0.5015624761581421 0.5166666507720947 0.4984374940395355 0.5166666507720947 0.4609375 0.5520833134651184 0.4609375 0.5562499761581421 0.4765625 0.5854166746139526 0.4828124940395355 0.5833333134651184 0.5140625238418579 0.5541666746139526
0 0.651562511920929 0.6041666865348816 0.6312500238418579 0.6208333373069763 0.6312500238418579 0.6291666626930237 0.653124988079071 0.6770833134651184 0.659375011920929 0.6791666746139526 0.6812499761581421 0.6604166626930237 0.6812499761581421 0.65625 0.65625 0.6041666865348816
0 0.46406251192092896 0.4833333194255829 0.4593749940395355 0.4833333194255829 0.4437499940395355 0.49791666865348816 0.44999998807907104 0.5083333253860474 0.44999998807907104 0.5145833492279053 0.4453125 0.5229166746139526 0.4593749940395355 0.5520833134651184 0.4859375059604645 0.5270833373069763
0 0.557812511920929 0.49166667461395264 0.5531250238418579 0.5166666507720947 0.5531250238418579 0.53125 0.6015625 0.5416666865348816 0.606249988079071 0.5020833611488342 0.5625 0.4895833432674408
0 0.3968749940395355 0.6270833611488342 0.39531248807907104 0.6937500238418579 0.4234375059604645 0.6958333253860474 0.42656248807907104 0.6916666626930237 0.42656248807907104 0.6291666626930237
0 0.620312511920929 0.5541666746139526 0.604687511920929 0.6041666865348816 0.6031249761581421 0.6166666746139526 0.629687488079071 0.6291666626930237 0.629687488079071 0.6208333373069763 0.635937511920929 0.6166666746139526 0.6390625238418579 0.6020833253860474 0.643750011920929 0.5958333611488342 0.6484375 0.5687500238418579
0 0.629687488079071 0.6312500238418579 0.6078125238418579 0.6229166388511658 0.6031249761581421 0.6291666626930237 0.604687511920929 0.637499988079071 0.582812488079071 0.6625000238418579 0.598437488079071 0.6875 0.6078125238418579 0.6812499761581421 0.635937511920929 0.6479166746139526 0.635937511920929 0.6416666507720947