0 0.4078125059604645 0.5270833373069763 0.40312498807907104 0.5520833134651184 0.40312498807907104 0.5666666626930237 0.4515624940395355 0.5770833492279053 0.45625001192092896 0.5375000238418579 0.4124999940395355 0.5249999761581421
0 0.44999998807907104 0.5979166626930237 0.4453125 0.6312500238418579 0.4468750059604645 0.637499988079071 0.49531251192092896 0.6458333134651184 0.4984374940395355 0.6229166388511658 0.49687498807907104 0.6041666865348816
0 0.503125011920929 0.643750011920929 0.4984374940395355 0.6770833134651184 0.5 0.6833333373069763 0.5484374761581421 0.6916666626930237 0.551562488079071 0.668749988079071 0.550000011920929 0.6499999761581421
0 0.5953124761581421 0.6520833373069763 0.5796874761581421 0.7020833492279053 0.578125 0.7145833373069763 0.5953124761581421 0.7250000238418579 0.606249988079071 0.7270833253860474 0.614062488079071 0.699999988079071 0.6187499761581421 0.6937500238418579 0.6234375238418579 0.6666666865348816
0 0.6171875 0.5166666507720947 0.6015625 0.5666666626930237 0.6000000238418579 0.5791666507720947 0.6171875 0.5895833373069763 0.628125011920929 0.5916666388511658 0.635937511920929 0.5645833611488342 0.640625 0.5583333373069763 0.645312488079071 0.53125
0 0.4937500059604645 0.5208333134651184 0.48906248807907104 0.5458333492279053 0.48906248807907104 0.5604166388511658 0.5375000238418579 0.5708333253860474 0.542187511920929 0.53125 0.4984374940395355 0.518750011920929
0 0.5546875 0.48750001192092896 0.5531250238418579 0.5541666746139526 0.581250011920929 0.5562499761581421 0.5843750238418579 0.5520833134651184 0.5843750238418579 0.4895833432674408
0 0.6109374761581421 0.5958333611488342 0.5703125 0.6312500238418579 0.5859375 0.6645833253860474 0.590624988079071 0.6625000238418579 0.5953124761581421 0.6499999761581421 0.6031249761581421 0.6520833373069763 0.6265624761581421 0.6312500238418579 0.625 0.6208333373069763
0 0.45781248807907104 0.48124998807907104 0.45781248807907104 0.5479166507720947 0.484375 0.550000011920929 0.48750001192092896 0.5458333492279053 0.48750001192092896 0.4833333194255829
0 0.625 0.4833333194255829 0.620312511920929 0.5083333253860474 0.621874988079071 0.5166666507720947 0.645312488079071 0.5291666388511658 0.668749988079071 0.5333333611488342 0.6734374761581421 0.4937500059604645 0.629687488079071 0.48124998807907104
0 0.43437498807907104 0.581250011920929 0.43437498807907104 0.5958333611488342 0.44843751192092896 0.6000000238418579 0.44999998807907104 0.5958333611488342 0.484375 0.6000000238418579 0.48750001192092896 0.5666666626930237 0.45625001192092896 0.5583333373069763 0.4515624940395355 0.5791666507720947 0.4359374940395355 0.5770833492279053
0 0.629687488079071 0.5916666388511658 0.625 0.59375 0.620312511920929 0.6104166507720947 0.6265624761581421 0.6208333373069763 0.628125011920929 0.6312500238418579 0.6109374761581421 0.6458333134651184 0.609375 0.6541666388511658 0.6265624761581421 0.6645833253860474 0.637499988079071 0.6666666865348816 0.645312488079071 0.6395833492279053 0.6499999761581421 0.6333333253860474 0.6546875238418579 0.606249988079071