0 0.48906248807907104 0.6458333134651184 0.47968751192092896 0.6520833373069763 0.4515624940395355 0.6854166388511658 0.4515624940395355 0.6916666626930237 0.46875 0.71875 0.4781250059604645 0.7124999761581421 0.5062500238418579 0.6791666746139526 0.504687488079071 0.668749988079071
0 0.4468750059604645 0.5583333373069763 0.4375 0.5645833611488342 0.40937501192092896 0.5979166626930237 0.40937501192092896 0.6041666865348816 0.42656248807907104 0.6312500238418579 0.4359374940395355 0.625 0.46406251192092896 0.5916666388511658 0.4625000059604645 0.581250011920929
0 0.3984375 0.6041666865348816 0.39375001192092896 0.643750011920929 0.44218748807907104 0.6541666388511658 0.4468750059604645 0.6145833134651184 0.42656248807907104 0.6333333253860474 0.4078125059604645 0.6041666865348816
0 0.4203124940395355 0.518750011920929 0.4156250059604645 0.5208333134651184 0.4000000059604645 0.574999988079071 0.40156251192092896 0.5833333134651184 0.4140625 0.5895833373069763 0.44062501192092896 0.5604166388511658 0.44062501192092896 0.5520833134651184 0.4453125 0.5395833253860474 0.4437499940395355 0.53125
0 0.609375 0.5562499761581421 0.604687511920929 0.5895833373069763 0.606249988079071 0.5958333611488342 0.6546875238418579 0.6041666865348816 0.6578124761581421 0.581250011920929 0.65625 0.5625
0 0.4703125059604645 0.574999988079071 0.4546875059604645 0.625 0.453125 0.637499988079071 0.4703125059604645 0.6479166746139526 0.48124998807907104 0.6499999761581421 0.48906248807907104 0.6229166388511658 0.4937500059604645 0.6166666746139526 0.4984374940395355 0.5895833373069763
0 0.4781250059604645 0.5666666626930237 0.4765625 0.574999988079071 0.5 0.5895833373069763 0.49531251192092896 0.6104166507720947 0.5234375 0.6145833134651184 0.526562511920929 0.5916666388511658 0.5249999761581421 0.5729166865348816
0 0.625 0.4791666567325592 0.604687511920929 0.4958333373069763 0.604687511920929 0.5041666626930237 0.6265624761581421 0.5520833134651184 0.6328125 0.5541666746139526 0.6546875238418579 0.5354166626930237 0.6546875238418579 0.53125 0.629687488079071 0.4791666567325592
0 0.515625 0.6166666746139526 0.5140625238418579 0.637499988079071 0.5625 0.6479166746139526 0.567187488079071 0.6083333492279053 0.526562511920929 0.5979166626930237 0.5249999761581421 0.6145833134651184
0 0.5640624761581421 0.5333333611488342 0.5546875 0.5395833253860474 0.526562511920929 0.5729166865348816 0.53125 0.5874999761581421 0.5406249761581421 0.6000000238418579 0.5531250238418579 0.6000000238418579 0.581250011920929 0.5666666626930237 0.5796874761581421 0.5562499761581421
0 0.49531251192092896 0.47083333134651184 0.4937500059604645 0.5375000238418579 0.5218750238418579 0.5395833253860474 0.5249999761581421 0.5354166626930237 0.5249999761581421 0.4729166626930237
0 0.526562511920929 0.6416666507720947 0.510937511920929 0.637499988079071 0.49687498807907104 0.6541666388511658 0.5078125 0.6729166507720947 0.5078125 0.6791666746139526 0.49531251192092896 0.6937500238418579 0.5 0.7041666507720947 0.5093749761581421 0.6979166865348816 0.5375000238418579 0.6645833253860474 0.535937488079071 0.6541666388511658
0 0.44062501192092896 0.5020833611488342 0.4390625059604645 0.5270833373069763 0.4468750059604645 0.5333333611488342 0.44218748807907104 0.5583333373069763 0.4468750059604645 0.5562499761581421 0.45625001192092896 0.5708333253860474 0.4671874940395355 0.5708333253860474 0.4703125059604645 0.5666666626930237 0.4703125059604645 0.5041666626930237