0 0.4984374940395355 0.5874999761581421 0.49531251192092896 0.5874999761581421 0.45781248807907104 0.6229166388511658 0.47343748807907104 0.65625 0.47968751192092896 0.6541666388511658 0.5140625238418579 0.6229166388511658 0.512499988079071 0.612500011920929
0 0.5140625238418579 0.6520833373069763 0.5093749761581421 0.6770833134651184 0.5093749761581421 0.6916666626930237 0.557812511920929 0.7020833492279053 0.5625 0.6625000238418579 0.518750011920929 0.6499999761581421
0 0.528124988079071 0.4791666567325592 0.5078125 0.4958333373069763 0.5078125 0.5041666626930237 0.5296875238418579 0.5520833134651184 0.535937488079071 0.5541666746139526 0.557812511920929 0.5354166626930237 0.557812511920929 0.53125 0.5328124761581421 0.4791666567325592
0 0.5859375 0.6729166507720947 0.581250011920929 0.6979166865348816 0.581250011920929 0.7124999761581421 0.629687488079071 0.7229166626930237 0.6343749761581421 0.6833333373069763 0.590624988079071 0.6708333492279053
0 0.6484375 0.59375 0.628125011920929 0.6104166507720947 0.628125011920929 0.6187499761581421 0.6499999761581421 0.6666666865348816 0.65625 0.668749988079071 0.6781250238418579 0.6499999761581421 0.6781250238418579 0.6458333134651184 0.653124988079071 0.59375
0 0.5562499761581421 0.606249988079071 0.551562488079071 0.6312500238418579 0.551562488079071 0.6458333134651184 0.6000000238418579 0.65625 0.604687511920929 0.6166666746139526 0.5609375238418579 0.6041666865348816
0 0.559374988079071 0.48750001192092896 0.5546875 0.5208333134651184 0.557812511920929 0.5270833373069763 0.6031249761581421 0.5375000238418579 0.6078125238418579 0.49791666865348816 0.5640624761581421 0.4854166805744171
0 0.44843751192092896 0.5874999761581421 0.4281249940395355 0.6041666865348816 0.4281249940395355 0.612500011920929 0.44999998807907104 0.6604166626930237 0.45625001192092896 0.6625000238418579 0.46875 0.6520833373069763 0.45625001192092896 0.6270833611488342 0.45625001192092896 0.6229166388511658 0.46562498807907104 0.612500011920929 0.453125 0.5874999761581421
0 0.504687488079071 0.518750011920929 0.484375 0.5354166626930237 0.484375 0.543749988079071 0.5062500238418579 0.5916666388511658 0.512499988079071 0.59375 0.534375011920929 0.574999988079071 0.534375011920929 0.5708333253860474 0.5093749761581421 0.518750011920929
0 0.551562488079071 0.5541666746139526 0.534375011920929 0.5666666626930237 0.535937488079071 0.574999988079071 0.512499988079071 0.5958333611488342 0.526562511920929 0.6229166388511658 0.5328124761581421 0.6208333373069763 0.567187488079071 0.5895833373069763 0.565625011920929 0.5791666507720947
0 0.43437498807907104 0.643750011920929 0.4296875 0.6770833134651184 0.4312500059604645 0.6833333373069763 0.47968751192092896 0.6916666626930237 0.4828124940395355 0.6520833373069763 0.4765625 0.6583333611488342 0.4671874940395355 0.6541666388511658 0.45625001192092896 0.6645833253860474 0.4515624940395355 0.6645833253860474 0.44062501192092896 0.643750011920929
0 0.47343748807907104 0.5375000238418579 0.4671874940395355 0.5375000238418579 0.4468750059604645 0.5520833134651184 0.4468750059604645 0.5604166388511658 0.4671874940395355 0.612500011920929 0.4921875 0.5895833373069763
0 0.612500011920929 0.5083333253860474 0.6078125238418579 0.5416666865348816 0.609375 0.5479166507720947 0.6578124761581421 0.5562499761581421 0.660937488079071 0.5333333611488342 0.659375011920929 0.5145833492279053