0 0.49531251192092896 0.5062500238418579 0.4859375059604645 0.512499988079071 0.45781248807907104 0.5458333492279053 0.45781248807907104 0.5520833134651184 0.4749999940395355 0.5791666507720947 0.484375 0.5729166865348816 0.512499988079071 0.5395833253860474 0.510937511920929 0.5291666388511658
0 0.4437499940395355 0.5874999761581421 0.4375 0.5874999761581421 0.41718751192092896 0.6020833253860474 0.41718751192092896 0.6104166507720947 0.4375 0.6625000238418579 0.46406251192092896 0.6458333134651184
0 0.5015624761581421 0.6395833492279053 0.4859375059604645 0.6895833611488342 0.484375 0.7020833492279053 0.5015624761581421 0.7124999761581421 0.512499988079071 0.7145833373069763 0.520312488079071 0.6875 0.5249999761581421 0.6812499761581421 0.5296875238418579 0.6541666388511658
0 0.5453125238418579 0.5854166746139526 0.5296875238418579 0.6354166865348816 0.528124988079071 0.6479166746139526 0.5453125238418579 0.6583333611488342 0.5562499761581421 0.6604166626930237 0.5640624761581421 0.6333333253860474 0.5687500238418579 0.6270833611488342 0.573437511920929 0.6000000238418579
0 0.625 0.49166667461395264 0.6156250238418579 0.49791666865348816 0.5874999761581421 0.53125 0.5874999761581421 0.5375000238418579 0.604687511920929 0.5645833611488342 0.614062488079071 0.5583333373069763 0.6421874761581421 0.5249999761581421 0.640625 0.5145833492279053
0 0.629687488079071 0.59375 0.625 0.6270833611488342 0.6265624761581421 0.6333333253860474 0.675000011920929 0.6416666507720947 0.6781250238418579 0.6187499761581421 0.676562488079071 0.6000000238418579
0 0.596875011920929 0.6520833373069763 0.5921875238418579 0.6770833134651184 0.5921875238418579 0.6916666626930237 0.640625 0.7020833492279053 0.645312488079071 0.6625000238418579 0.6015625 0.6499999761581421
0 0.6031249761581421 0.59375 0.59375 0.6000000238418579 0.565625011920929 0.6333333253860474 0.565625011920929 0.6395833492279053 0.582812488079071 0.6666666865348816 0.5921875238418579 0.6604166626930237 0.598437488079071 0.6479166746139526 0.604687511920929 0.6458333134651184 0.620312511920929 0.6270833611488342 0.6187499761581421 0.6166666746139526
0 0.5171874761581421 0.5625 0.5140625238418579 0.5979166626930237 0.5375000238418579 0.6041666865348816 0.5453125238418579 0.5833333134651184 0.565625011920929 0.5916666388511658 0.567187488079071 0.5687500238418579 0.5234375 0.5562499761581421 0.520312488079071 0.5562499761581421
0 0.43281251192092896 0.5333333611488342 0.4281249940395355 0.5583333373069763 0.4281249940395355 0.5729166865348816 0.4765625 0.5833333134651184 0.45625001192092896 0.5520833134651184 0.45625001192092896 0.5458333492279053 0.4625000059604645 0.5395833253860474 0.4375 0.53125
0 0.573437511920929 0.5375000238418579 0.557812511920929 0.5083333253860474 0.5546875 0.5083333253860474 0.520312488079071 0.5395833253860474 0.5171874761581421 0.5479166507720947 0.520312488079071 0.5541666746139526 0.551562488079071 0.5625 0.573437511920929 0.543749988079071
0 0.4828124940395355 0.512499988079071 0.46562498807907104 0.4854166805744171 0.4625000059604645 0.4854166805744171 0.4281249940395355 0.5249999761581421 0.4281249940395355 0.53125 0.4312500059604645 0.5354166626930237 0.43437498807907104 0.5291666388511658 0.46406251192092896 0.5375000238418579
0 0.3984375 0.518750011920929 0.40312498807907104 0.5229166746139526 0.42656248807907104 0.5249999761581421 0.4515624940395355 0.4958333373069763 0.4515624940395355 0.4895833432674408 0.40312498807907104 0.48124998807907104