0 0.5218750238418579 0.5249999761581421 0.520312488079071 0.5916666388511658 0.5484374761581421 0.59375 0.551562488079071 0.5895833373069763 0.551562488079071 0.5270833373069763
0 0.4921875 0.6020833253860474 0.4859375059604645 0.6020833253860474 0.46562498807907104 0.6166666746139526 0.46562498807907104 0.625 0.4859375059604645 0.6770833134651184 0.512499988079071 0.6604166626930237
0 0.6499999761581421 0.5791666507720947 0.6343749761581421 0.6291666626930237 0.6328125 0.6416666507720947 0.6499999761581421 0.6520833373069763 0.660937488079071 0.6541666388511658 0.668749988079071 0.6270833611488342 0.6734374761581421 0.6208333373069763 0.6781250238418579 0.59375
0 0.5609375238418579 0.5458333492279053 0.5531250238418579 0.5479166507720947 0.5531250238418579 0.5895833373069763 0.5484374761581421 0.5958333611488342 0.5453125238418579 0.5958333611488342 0.5546875 0.6208333373069763 0.581250011920929 0.6041666865348816
0 0.5953124761581421 0.5708333253860474 0.578125 0.5854166746139526 0.578125 0.5895833373069763 0.582812488079071 0.6000000238418579 0.581250011920929 0.6104166507720947 0.596875011920929 0.643750011920929 0.6031249761581421 0.6458333134651184 0.625 0.6270833611488342 0.625 0.6229166388511658 0.6000000238418579 0.5708333253860474
0 0.4359374940395355 0.49791666865348816 0.4312500059604645 0.53125 0.43281251192092896 0.5375000238418579 0.48124998807907104 0.5458333492279053 0.484375 0.5229166746139526 0.4828124940395355 0.5041666626930237
0 0.5078125 0.5979166626930237 0.5015624761581421 0.6229166388511658 0.5140625238418579 0.6604166626930237 0.504687488079071 0.668749988079071 0.518750011920929 0.6729166507720947 0.526562511920929 0.6458333134651184 0.53125 0.6395833492279053 0.535937488079071 0.612500011920929
0 0.528124988079071 0.6499999761581421 0.5234375 0.6625000238418579 0.5234375 0.7166666388511658 0.551562488079071 0.71875 0.5546875 0.7145833373069763 0.5546875 0.6520833373069763
0 0.4671874940395355 0.5541666746139526 0.46562498807907104 0.6145833134651184 0.4859375059604645 0.6000000238418579 0.4921875 0.6000000238418579 0.49687498807907104 0.6104166507720947 0.49687498807907104 0.5562499761581421
0 0.41718751192092896 0.5479166507720947 0.4156250059604645 0.6145833134651184 0.4437499940395355 0.6166666746139526 0.4468750059604645 0.612500011920929 0.4468750059604645 0.550000011920929
0 0.65625 0.6583333611488342 0.629687488079071 0.6416666507720947 0.604687511920929 0.6645833253860474 0.6015625 0.6729166507720947 0.614062488079071 0.6979166865348816 0.620312511920929 0.7020833492279053 0.6578124761581421 0.668749988079071
0 0.5843750238418579 0.5083333253860474 0.5796874761581421 0.5333333611488342 0.5796874761581421 0.5479166507720947 0.628125011920929 0.5583333373069763 0.6328125 0.518750011920929 0.589062511920929 0.5062500238418579
0 0.653124988079071 0.5270833373069763 0.6499999761581421 0.5270833373069763 0.6312500238418579 0.5479166507720947 0.628125011920929 0.5604166388511658 0.621874988079071 0.5604166388511658 0.6156250238418579 0.5666666626930237 0.6156250238418579 0.5729166865348816 0.6328125 0.6000000238418579 0.6421874761581421 0.59375 0.6499999761581421 0.5770833492279053 0.6546875238418579 0.5791666507720947 0.6703125238418579 0.5604166388511658 0.668749988079071 0.550000011920929