0 0.609375 0.6083333492279053 0.59375 0.6583333611488342 0.5921875238418579 0.6708333492279053 0.609375 0.6812499761581421 0.620312511920929 0.6833333373069763 0.628125011920929 0.65625 0.6328125 0.6499999761581421 0.637499988079071 0.6229166388511658
0 0.41093748807907104 0.643750011920929 0.40937501192092896 0.7104166746139526 0.4375 0.7124999761581421 0.44062501192092896 0.7083333134651184 0.44062501192092896 0.6458333134651184
0 0.504687488079071 0.5020833611488342 0.484375 0.518750011920929 0.484375 0.5270833373069763 0.5062500238418579 0.574999988079071 0.512499988079071 0.5770833492279053 0.534375011920929 0.5583333373069763 0.534375011920929 0.5541666746139526 0.5093749761581421 0.5020833611488342
0 0.596875011920929 0.5395833253860474 0.5921875238418579 0.5729166865348816 0.59375 0.5791666507720947 0.6421874761581421 0.5874999761581421 0.645312488079071 0.5645833611488342 0.643750011920929 0.5458333492279053
0 0.6468750238418579 0.5479166507720947 0.643750011920929 0.5874999761581421 0.6312500238418579 0.5874999761581421 0.6468750238418579 0.6208333373069763 0.653124988079071 0.6229166388511658 0.675000011920929 0.6041666865348816 0.675000011920929 0.6000000238418579 0.653124988079071 0.5520833134651184
0 0.42500001192092896 0.5249999761581421 0.4234375059604645 0.5916666388511658 0.4515624940395355 0.59375 0.4546875059604645 0.5895833373069763 0.4546875059604645 0.5270833373069763
0 0.5328124761581421 0.6479166746139526 0.5171874761581421 0.6979166865348816 0.515625 0.7104166746139526 0.5328124761581421 0.7208333611488342 0.543749988079071 0.7229166626930237 0.551562488079071 0.6958333253860474 0.5562499761581421 0.6895833611488342 0.5609375238418579 0.6625000238418579
0 0.39531248807907104 0.5625 0.39375001192092896 0.6291666626930237 0.421875 0.6312500238418579 0.42500001192092896 0.6270833611488342 0.42500001192092896 0.59375 0.421875 0.5916666388511658 0.421875 0.5645833611488342
0 0.5531250238418579 0.59375 0.543749988079071 0.6000000238418579 0.515625 0.6333333253860474 0.515625 0.6395833492279053 0.528124988079071 0.6583333611488342 0.5328124761581421 0.6458333134651184 0.5484374761581421 0.6520833373069763 0.5703125 0.6270833611488342 0.5687500238418579 0.6166666746139526
0 0.518750011920929 0.581250011920929 0.5093749761581421 0.5874999761581421 0.48124998807907104 0.6208333373069763 0.48124998807907104 0.6270833611488342 0.4984374940395355 0.6541666388511658 0.5078125 0.6479166746139526 0.5140625238418579 0.6395833492279053 0.5140625238418579 0.6333333253860474 0.535937488079071 0.6083333492279053
0 0.4749999940395355 0.4791666567325592 0.47187501192092896 0.4791666567325592 0.43437498807907104 0.5145833492279053 0.4375 0.5229166746139526 0.45625001192092896 0.5270833373069763 0.45625001192092896 0.5458333492279053 0.4906249940395355 0.512499988079071 0.48906248807907104 0.5041666626930237
0 0.5296875238418579 0.5354166626930237 0.535937488079071 0.5583333373069763 0.5249999761581421 0.5687500238418579 0.526562511920929 0.574999988079071 0.574999988079071 0.5833333134651184 0.578125 0.5604166388511658 0.5765625238418579 0.5416666865348816