0 0.4937500059604645 0.5083333253860474 0.47343748807907104 0.5249999761581421 0.47343748807907104 0.5333333611488342 0.49531251192092896 0.581250011920929 0.5015624761581421 0.5833333134651184 0.5234375 0.5645833611488342 0.5234375 0.5604166388511658 0.4984374940395355 0.5083333253860474
0 0.5843750238418579 0.4833333194255829 0.574999988079071 0.4895833432674408 0.546875 0.5229166746139526 0.546875 0.5291666388511658 0.5640624761581421 0.5562499761581421 0.573437511920929 0.550000011920929 0.6015625 0.5166666507720947 0.6000000238418579 0.5062500238418579
0 0.504687488079071 0.6187499761581421 0.5 0.6520833373069763 0.5015624761581421 0.6583333611488342 0.550000011920929 0.6666666865348816 0.5531250238418579 0.643750011920929 0.551562488079071 0.625
0 0.635937511920929 0.5729166865348816 0.6343749761581421 0.6395833492279053 0.6625000238418579 0.6416666507720947 0.6656249761581421 0.637499988079071 0.6656249761581421 0.574999988079071
0 0.5843750238418579 0.6520833373069763 0.574999988079071 0.6583333611488342 0.546875 0.6916666626930237 0.546875 0.6979166865348816 0.5640624761581421 0.7250000238418579 0.573437511920929 0.71875 0.6015625 0.6854166388511658 0.6000000238418579 0.675000011920929
0 0.48906248807907104 0.6416666507720947 0.48750001192092896 0.7083333134651184 0.515625 0.7104166746139526 0.518750011920929 0.706250011920929 0.518750011920929 0.6645833253860474 0.5015624761581421 0.6604166626930237 0.4984374940395355 0.65625 0.5 0.6416666507720947
0 0.6031249761581421 0.5145833492279053 0.589062511920929 0.5333333611488342 0.578125 0.5687500238418579 0.5796874761581421 0.5770833492279053 0.6000000238418579 0.5874999761581421 0.6078125238418579 0.5854166746139526 0.6234375238418579 0.5333333611488342 0.621874988079071 0.5249999761581421
0 0.4921875 0.5770833492279053 0.47187501192092896 0.5916666388511658 0.47187501192092896 0.6000000238418579 0.48750001192092896 0.6416666507720947 0.5 0.6395833492279053 0.503125011920929 0.6187499761581421 0.512499988079071 0.6166666746139526 0.503125011920929 0.5874999761581421 0.49687498807907104 0.5854166746139526
0 0.4046874940395355 0.5604166388511658 0.40312498807907104 0.6270833611488342 0.4312500059604645 0.6291666626930237 0.43437498807907104 0.625 0.43437498807907104 0.5625
0 0.41093748807907104 0.49166667461395264 0.40625 0.5249999761581421 0.4078125059604645 0.53125 0.45625001192092896 0.5395833253860474 0.4593749940395355 0.5166666507720947 0.45781248807907104 0.49791666865348816
0 0.6468750238418579 0.4729166626930237 0.606249988079071 0.5083333253860474 0.609375 0.5166666507720947 0.625 0.5270833373069763 0.621874988079071 0.5416666865348816 0.628125011920929 0.5395833253860474 0.6625000238418579 0.5083333253860474 0.660937488079071 0.49791666865348816
0 0.503125011920929 0.5833333134651184 0.5140625238418579 0.6166666746139526 0.5406249761581421 0.6229166388511658 0.551562488079071 0.6208333373069763 0.5484374761581421 0.6083333492279053 0.526562511920929 0.5645833611488342