0 0.53125 0.5395833253860474 0.526562511920929 0.5645833611488342 0.526562511920929 0.5791666507720947 0.574999988079071 0.5895833373069763 0.5796874761581421 0.550000011920929 0.535937488079071 0.5375000238418579
0 0.5609375238418579 0.512499988079071 0.5562499761581421 0.5416666865348816 0.5765625238418579 0.5458333492279053 0.581250011920929 0.550000011920929 0.581250011920929 0.5583333373069763 0.604687511920929 0.5625 0.609375 0.5229166746139526 0.565625011920929 0.5104166865348816
0 0.629687488079071 0.5729166865348816 0.609375 0.5895833373069763 0.609375 0.5979166626930237 0.6312500238418579 0.6458333134651184 0.637499988079071 0.6479166746139526 0.659375011920929 0.6291666626930237 0.659375011920929 0.625 0.6343749761581421 0.5729166865348816
0 0.48906248807907104 0.5541666746139526 0.484375 0.5874999761581421 0.4859375059604645 0.59375 0.534375011920929 0.6020833253860474 0.535937488079071 0.5833333134651184 0.5249999761581421 0.5791666507720947 0.526562511920929 0.5604166388511658
0 0.43281251192092896 0.625 0.41718751192092896 0.675000011920929 0.4156250059604645 0.6875 0.43281251192092896 0.6979166865348816 0.4437499940395355 0.699999988079071 0.4515624940395355 0.6729166507720947 0.45625001192092896 0.6666666865348816 0.4609375 0.6395833492279053
0 0.5843750238418579 0.625 0.5687500238418579 0.675000011920929 0.567187488079071 0.6875 0.5843750238418579 0.6979166865348816 0.5953124761581421 0.699999988079071 0.6031249761581421 0.6729166507720947 0.6078125238418579 0.6666666865348816 0.612500011920929 0.6395833492279053
0 0.4984374940395355 0.6666666865348816 0.4937500059604645 0.6916666626930237 0.4937500059604645 0.706250011920929 0.542187511920929 0.7166666388511658 0.546875 0.6770833134651184 0.503125011920929 0.6645833253860474
0 0.5171874761581421 0.6208333373069763 0.4859375059604645 0.6208333373069763 0.4859375059604645 0.6854166388511658 0.4937500059604645 0.6875 0.49531251192092896 0.6708333492279053 0.5 0.6625000238418579 0.5171874761581421 0.6666666865348816
0 0.4375 0.5145833492279053 0.421875 0.5645833611488342 0.4203124940395355 0.5770833492279053 0.4375 0.5874999761581421 0.44843751192092896 0.5895833373069763 0.45625001192092896 0.5625 0.4609375 0.5562499761581421 0.46562498807907104 0.5291666388511658
0 0.40937501192092896 0.612500011920929 0.39375001192092896 0.6625000238418579 0.3921875059604645 0.675000011920929 0.4140625 0.6875 0.4156250059604645 0.675000011920929 0.43281251192092896 0.6229166388511658
0 0.573437511920929 0.625 0.5640624761581421 0.6312500238418579 0.535937488079071 0.6645833253860474 0.5375000238418579 0.6729166507720947 0.543749988079071 0.6729166507720947 0.5484374761581421 0.6770833134651184 0.5484374761581421 0.6895833611488342 0.5531250238418579 0.6979166865348816 0.5562499761581421 0.6979166865348816 0.565625011920929 0.6875 0.567187488079071 0.675000011920929 0.5796874761581421 0.637499988079071 0.5796874761581421 0.6333333253860474