0 0.4390625059604645 0.65625 0.4359374940395355 0.65625 0.3984375 0.6916666626930237 0.4140625 0.7250000238418579 0.4203124940395355 0.7229166626930237 0.4546875059604645 0.6916666626930237 0.453125 0.6812499761581421
0 0.42500001192092896 0.5541666746139526 0.41874998807907104 0.5541666746139526 0.3984375 0.5687500238418579 0.3984375 0.5770833492279053 0.41874998807907104 0.6291666626930237 0.4453125 0.612500011920929
0 0.565625011920929 0.5395833253860474 0.550000011920929 0.5895833373069763 0.5484374761581421 0.6020833253860474 0.565625011920929 0.612500011920929 0.5765625238418579 0.6145833134651184 0.5843750238418579 0.5874999761581421 0.589062511920929 0.581250011920929 0.59375 0.5541666746139526
0 0.609375 0.5416666865348816 0.5953124761581421 0.5520833134651184 0.590624988079071 0.581250011920929 0.5874999761581421 0.5833333134651184 0.581250011920929 0.6041666865348816 0.5843750238418579 0.6104166507720947 0.590624988079071 0.6083333492279053 0.625 0.5770833492279053 0.6234375238418579 0.5666666626930237
0 0.5375000238418579 0.4729166626930237 0.5218750238418579 0.5229166746139526 0.520312488079071 0.5354166626930237 0.5375000238418579 0.5458333492279053 0.5484374761581421 0.5479166507720947 0.5562499761581421 0.5208333134651184 0.5609375238418579 0.5145833492279053 0.565625011920929 0.48750001192092896
0 0.44843751192092896 0.5458333492279053 0.4375 0.5833333134651184 0.4468750059604645 0.6083333492279053 0.4453125 0.6166666746139526 0.4593749940395355 0.6208333373069763 0.4671874940395355 0.59375 0.47187501192092896 0.5874999761581421 0.4765625 0.5604166388511658
0 0.6468750238418579 0.4854166805744171 0.6312500238418579 0.5354166626930237 0.629687488079071 0.5479166507720947 0.6468750238418579 0.5583333373069763 0.6578124761581421 0.5604166388511658 0.6656249761581421 0.5333333611488342 0.6703125238418579 0.5270833373069763 0.675000011920929 0.5
0 0.4984374940395355 0.5041666626930237 0.4828124940395355 0.5541666746139526 0.48124998807907104 0.5666666626930237 0.4984374940395355 0.5770833492279053 0.5093749761581421 0.5791666507720947 0.5171874761581421 0.5520833134651184 0.5218750238418579 0.5458333492279053 0.518750011920929 0.5291666388511658 0.5234375 0.5166666507720947
0 0.504687488079071 0.606249988079071 0.5 0.6395833492279053 0.5015624761581421 0.6458333134651184 0.550000011920929 0.6541666388511658 0.5531250238418579 0.6312500238418579 0.551562488079071 0.612500011920929
0 0.59375 0.4854166805744171 0.589062511920929 0.518750011920929 0.590624988079071 0.5249999761581421 0.6312500238418579 0.5333333611488342 0.6421874761581421 0.49791666865348816 0.640625 0.49166667461395264
0 0.609375 0.6041666865348816 0.598437488079071 0.6020833253860474 0.5874999761581421 0.612500011920929 0.581250011920929 0.6083333492279053 0.5765625238418579 0.6166666746139526 0.5703125 0.6166666746139526 0.559374988079071 0.6104166507720947 0.5562499761581421 0.6333333253860474 0.5609375238418579 0.637499988079071 0.606249988079071 0.643750011920929
0 0.5531250238418579 0.6354166865348816 0.550000011920929 0.65625 0.526562511920929 0.6520833373069763 0.526562511920929 0.6583333611488342 0.546875 0.7104166746139526 0.573437511920929 0.6937500238418579
0 0.48750001192092896 0.6208333373069763 0.4671874940395355 0.637499988079071 0.4671874940395355 0.6458333134651184 0.48906248807907104 0.6937500238418579 0.49531251192092896 0.6958333253860474 0.5171874761581421 0.6770833134651184 0.5171874761581421 0.6729166507720947 0.5078125 0.6520833373069763 0.4984374940395355 0.643750011920929 0.5 0.6354166865348816 0.4921875 0.6208333373069763
0 0.46406251192092896 0.625 0.45781248807907104 0.625 0.4375 0.6395833492279053 0.44062501192092896 0.65625 0.45625001192092896 0.6854166388511658 0.4546875059604645 0.6958333253860474 0.45781248807907104 0.699999988079071 0.4828124940395355 0.6854166388511658 0.46562498807907104 0.6458333134651184 0.46562498807907104 0.637499988079071 0.46875 0.6354166865348816