0 0.543749988079071 0.6354166865348816 0.5234375 0.6520833373069763 0.5234375 0.6604166626930237 0.5453125238418579 0.7083333134651184 0.551562488079071 0.7104166746139526 0.573437511920929 0.6916666626930237 0.573437511920929 0.6875 0.5484374761581421 0.6354166865348816
0 0.590624988079071 0.5229166746139526 0.5859375 0.5479166507720947 0.5859375 0.5625 0.6343749761581421 0.5729166865348816 0.6390625238418579 0.5333333611488342 0.5953124761581421 0.5208333134651184
0 0.5843750238418579 0.543749988079071 0.578125 0.543749988079071 0.557812511920929 0.5583333373069763 0.557812511920929 0.5666666626930237 0.578125 0.6187499761581421 0.604687511920929 0.6020833253860474 0.59375 0.5666666626930237 0.5843750238418579 0.5625
0 0.6484375 0.59375 0.628125011920929 0.6104166507720947 0.628125011920929 0.6187499761581421 0.6499999761581421 0.6666666865348816 0.65625 0.668749988079071 0.6781250238418579 0.6499999761581421 0.6781250238418579 0.6458333134651184 0.653124988079071 0.59375
0 0.5609375238418579 0.5020833611488342 0.557812511920929 0.5020833611488342 0.520312488079071 0.5375000238418579 0.535937488079071 0.5708333253860474 0.542187511920929 0.5687500238418579 0.5765625238418579 0.5375000238418579 0.574999988079071 0.5270833373069763
0 0.6156250238418579 0.5979166626930237 0.6000000238418579 0.6479166746139526 0.598437488079071 0.6604166626930237 0.6156250238418579 0.6708333492279053 0.6265624761581421 0.6729166507720947 0.635937511920929 0.643750011920929 0.635937511920929 0.637499988079071 0.6265624761581421 0.6187499761581421 0.6265624761581421 0.6104166507720947 0.6328125 0.606249988079071
0 0.4156250059604645 0.6270833611488342 0.4140625 0.6937500238418579 0.44218748807907104 0.6958333253860474 0.4453125 0.6916666626930237 0.4453125 0.6291666626930237
0 0.546875 0.5645833611488342 0.5453125238418579 0.5666666626930237 0.5453125238418579 0.6312500238418579 0.573437511920929 0.6333333253860474 0.5765625238418579 0.6291666626930237 0.5765625238418579 0.6187499761581421 0.5562499761581421 0.5645833611488342
0 0.59375 0.6458333134651184 0.565625011920929 0.668749988079071 0.574999988079071 0.6875 0.573437511920929 0.6937500238418579 0.5625 0.7020833492279053 0.5687500238418579 0.7145833373069763 0.574999988079071 0.7124999761581421 0.609375 0.6812499761581421 0.6078125238418579 0.6708333492279053 0.596875011920929 0.6604166626930237 0.598437488079071 0.6520833373069763
0 0.47187501192092896 0.6208333373069763 0.4703125059604645 0.6875 0.4984374940395355 0.6895833611488342 0.5015624761581421 0.6854166388511658 0.5015624761581421 0.6229166388511658
0 0.503125011920929 0.5041666626930237 0.5015624761581421 0.5708333253860474 0.5296875238418579 0.5729166865348816 0.5328124761581421 0.5687500238418579 0.518750011920929 0.5375000238418579 0.5328124761581421 0.5229166746139526 0.5328124761581421 0.5062500238418579
0 0.53125 0.5770833492279053 0.504687488079071 0.574999988079071 0.5 0.5708333253860474 0.5 0.5625 0.4765625 0.5895833373069763 0.4765625 0.5958333611488342 0.4921875 0.6187499761581421 0.4984374940395355 0.6208333373069763 0.53125 0.5833333134651184