0 0.5390625 0.4937500059604645 0.534375011920929 0.5270833373069763 0.535937488079071 0.5333333611488342 0.5843750238418579 0.5416666865348816 0.5874999761581421 0.518750011920929 0.5859375 0.5
0 0.49687498807907104 0.612500011920929 0.4921875 0.637499988079071 0.4921875 0.6520833373069763 0.5406249761581421 0.6625000238418579 0.5453125238418579 0.6229166388511658 0.5015624761581421 0.6104166507720947
0 0.4781250059604645 0.5270833373069763 0.4749999940395355 0.5270833373069763 0.4375 0.5625 0.453125 0.5958333611488342 0.4593749940395355 0.59375 0.4937500059604645 0.5625 0.4921875 0.5520833134651184
0 0.589062511920929 0.5562499761581421 0.5843750238418579 0.5895833373069763 0.5859375 0.5958333611488342 0.6343749761581421 0.6041666865348816 0.637499988079071 0.581250011920929 0.635937511920929 0.5625
0 0.526562511920929 0.5249999761581421 0.526562511920929 0.5333333611488342 0.546875 0.5854166746139526 0.573437511920929 0.5687500238418579 0.565625011920929 0.5416666865348816 0.535937488079071 0.5354166626930237 0.5328124761581421 0.53125 0.534375011920929 0.518750011920929
0 0.4703125059604645 0.6000000238418579 0.4609375 0.606249988079071 0.43281251192092896 0.6395833492279053 0.43281251192092896 0.6458333134651184 0.44999998807907104 0.6729166507720947 0.4593749940395355 0.6666666865348816 0.48750001192092896 0.6333333253860474 0.4859375059604645 0.6229166388511658
0 0.598437488079071 0.49166667461395264 0.59375 0.5249999761581421 0.5953124761581421 0.53125 0.643750011920929 0.5395833253860474 0.6468750238418579 0.5166666507720947 0.645312488079071 0.49791666865348816
0 0.6265624761581421 0.606249988079071 0.6234375238418579 0.6291666626930237 0.625 0.6354166865348816 0.6734374761581421 0.643750011920929 0.676562488079071 0.6208333373069763 0.675000011920929 0.6020833253860474 0.637499988079071 0.5958333611488342 0.6343749761581421 0.606249988079071
0 0.612500011920929 0.65625 0.625 0.6812499761581421 0.6312500238418579 0.6854166388511658 0.668749988079071 0.6520833373069763 0.668749988079071 0.6458333134651184 0.6390625238418579 0.6395833492279053 0.625 0.6395833492279053 0.6156250238418579 0.6479166746139526
0 0.550000011920929 0.59375 0.542187511920929 0.6187499761581421 0.546875 0.6229166388511658 0.542187511920929 0.6625000238418579 0.5609375238418579 0.668749988079071 0.5687500238418579 0.6416666507720947 0.573437511920929 0.6354166865348816 0.578125 0.6083333492279053
0 0.39375001192092896 0.6479166746139526 0.3921875059604645 0.7145833373069763 0.4203124940395355 0.7166666388511658 0.4234375059604645 0.7124999761581421 0.4234375059604645 0.6499999761581421