0 0.4437499940395355 0.518750011920929 0.4234375059604645 0.5354166626930237 0.4234375059604645 0.543749988079071 0.4453125 0.5916666388511658 0.4515624940395355 0.59375 0.47343748807907104 0.574999988079071 0.47343748807907104 0.5708333253860474 0.44843751192092896 0.518750011920929
0 0.5484374761581421 0.5333333611488342 0.543749988079071 0.5666666626930237 0.5453125238418579 0.5729166865348816 0.59375 0.581250011920929 0.596875011920929 0.5583333373069763 0.5953124761581421 0.5395833253860474
0 0.5218750238418579 0.5729166865348816 0.5062500238418579 0.6229166388511658 0.504687488079071 0.6354166865348816 0.5218750238418579 0.6458333134651184 0.5328124761581421 0.6479166746139526 0.5406249761581421 0.6208333373069763 0.5453125238418579 0.6145833134651184 0.550000011920929 0.5874999761581421
0 0.515625 0.6520833373069763 0.510937511920929 0.6770833134651184 0.510937511920929 0.6916666626930237 0.559374988079071 0.7020833492279053 0.5640624761581421 0.6625000238418579 0.520312488079071 0.6499999761581421
0 0.49687498807907104 0.49166667461395264 0.4906249940395355 0.49166667461395264 0.4703125059604645 0.5062500238418579 0.4703125059604645 0.5145833492279053 0.4906249940395355 0.5666666626930237 0.5171874761581421 0.550000011920929
0 0.660937488079071 0.5354166626930237 0.6546875238418579 0.5354166626930237 0.6343749761581421 0.550000011920929 0.6343749761581421 0.5583333373069763 0.6546875238418579 0.6104166507720947 0.6812499761581421 0.59375
0 0.5796874761581421 0.581250011920929 0.5796874761581421 0.5916666388511658 0.628125011920929 0.6020833253860474 0.6328125 0.5625 0.598437488079071 0.5541666746139526 0.5953124761581421 0.581250011920929
0 0.41874998807907104 0.6041666865348816 0.4140625 0.637499988079071 0.4156250059604645 0.643750011920929 0.46406251192092896 0.6520833373069763 0.4671874940395355 0.6291666626930237 0.46562498807907104 0.6104166507720947
0 0.6000000238418579 0.4937500059604645 0.598437488079071 0.5520833134651184 0.629687488079071 0.5583333373069763 0.629687488079071 0.4958333373069763
0 0.5453125238418579 0.4833333194255829 0.535937488079071 0.4895833432674408 0.5093749761581421 0.5208333134651184 0.5171874761581421 0.543749988079071 0.5249999761581421 0.5562499761581421 0.534375011920929 0.550000011920929 0.5625 0.5166666507720947 0.5609375238418579 0.5062500238418579
0 0.44999998807907104 0.4749999940395355 0.4312500059604645 0.48750001192092896 0.4296875 0.49791666865348816 0.4375 0.518750011920929 0.44062501192092896 0.5208333134651184 0.4437499940395355 0.5166666507720947 0.44843751192092896 0.5166666507720947 0.4625000059604645 0.543749988079071 0.4765625 0.5333333611488342 0.45781248807907104 0.47708332538604736