0 0.42500001192092896 0.49166667461395264 0.41874998807907104 0.49166667461395264 0.3984375 0.5062500238418579 0.3984375 0.5145833492279053 0.41874998807907104 0.5666666626930237 0.4453125 0.550000011920929
0 0.6656249761581421 0.6520833373069763 0.65625 0.6583333611488342 0.628125011920929 0.6916666626930237 0.628125011920929 0.6979166865348816 0.645312488079071 0.7250000238418579 0.6546875238418579 0.71875 0.682812511920929 0.6854166388511658 0.6812499761581421 0.675000011920929
0 0.5874999761581421 0.49166667461395264 0.578125 0.49791666865348816 0.550000011920929 0.53125 0.550000011920929 0.5375000238418579 0.567187488079071 0.5645833611488342 0.5765625238418579 0.5583333373069763 0.604687511920929 0.5249999761581421 0.6031249761581421 0.5145833492279053
0 0.6078125238418579 0.643750011920929 0.604687511920929 0.643750011920929 0.567187488079071 0.6791666746139526 0.582812488079071 0.7124999761581421 0.589062511920929 0.7104166746139526 0.6234375238418579 0.6791666746139526 0.621874988079071 0.668749988079071
0 0.5765625238418579 0.6041666865348816 0.573437511920929 0.6041666865348816 0.535937488079071 0.6395833492279053 0.551562488079071 0.6729166507720947 0.557812511920929 0.6708333492279053 0.5921875238418579 0.6395833492279053 0.590624988079071 0.6291666626930237
0 0.4859375059604645 0.6458333134651184 0.48124998807907104 0.6791666746139526 0.4828124940395355 0.6854166388511658 0.53125 0.6937500238418579 0.534375011920929 0.6708333492279053 0.5328124761581421 0.6520833373069763
0 0.46406251192092896 0.5020833611488342 0.4593749940395355 0.5270833373069763 0.4593749940395355 0.5416666865348816 0.5078125 0.5520833134651184 0.512499988079071 0.512499988079071 0.46875 0.5
0 0.45781248807907104 0.643750011920929 0.4515624940395355 0.643750011920929 0.4312500059604645 0.6583333611488342 0.4312500059604645 0.6666666865348816 0.4515624940395355 0.71875 0.4781250059604645 0.7020833492279053
0 0.5390625 0.46875 0.5296875238418579 0.4749999940395355 0.503125011920929 0.5062500238418579 0.5140625238418579 0.512499988079071 0.512499988079071 0.53125 0.518750011920929 0.5416666865348816 0.528124988079071 0.5354166626930237 0.5562499761581421 0.5020833611488342 0.5546875 0.49166667461395264
0 0.5296875238418579 0.5791666507720947 0.520312488079071 0.5854166746139526 0.4921875 0.6187499761581421 0.4921875 0.625 0.5062500238418579 0.6458333134651184 0.518750011920929 0.6458333134651184 0.546875 0.612500011920929 0.5453125238418579 0.6020833253860474
0 0.4546875059604645 0.5833333134651184 0.4359374940395355 0.5958333611488342 0.43437498807907104 0.606249988079071 0.44843751192092896 0.643750011920929 0.45781248807907104 0.6416666507720947 0.46406251192092896 0.6541666388511658 0.47968751192092896 0.643750011920929 0.48124998807907104 0.637499988079071 0.4625000059604645 0.5854166746139526
0 0.4078125059604645 0.6583333611488342 0.40625 0.7250000238418579 0.43437498807907104 0.7270833253860474 0.4375 0.7229166626930237 0.4375 0.6854166388511658 0.4296875 0.6666666865348816 0.4296875 0.6583333611488342