0 0.47968751192092896 0.4958333373069763 0.4593749940395355 0.512499988079071 0.4593749940395355 0.5208333134651184 0.48124998807907104 0.5687500238418579 0.48750001192092896 0.5708333253860474 0.5093749761581421 0.5520833134651184 0.5093749761581421 0.5479166507720947 0.484375 0.4958333373069763
0 0.44843751192092896 0.606249988079071 0.4390625059604645 0.612500011920929 0.41093748807907104 0.6458333134651184 0.41093748807907104 0.6520833373069763 0.4281249940395355 0.6791666746139526 0.4375 0.6729166507720947 0.46562498807907104 0.6395833492279053 0.46406251192092896 0.6291666626930237
0 0.5609375238418579 0.6520833373069763 0.5562499761581421 0.6770833134651184 0.5562499761581421 0.6916666626930237 0.604687511920929 0.7020833492279053 0.609375 0.6625000238418579 0.565625011920929 0.6499999761581421
0 0.6468750238418579 0.5020833611488342 0.645312488079071 0.5687500238418579 0.6734374761581421 0.5708333253860474 0.676562488079071 0.5666666626930237 0.676562488079071 0.5041666626930237
0 0.551562488079071 0.5604166388511658 0.53125 0.5770833492279053 0.53125 0.5854166746139526 0.5531250238418579 0.6333333253860474 0.559374988079071 0.6354166865348816 0.581250011920929 0.6166666746139526 0.581250011920929 0.612500011920929 0.5562499761581421 0.5604166388511658
0 0.5218750238418579 0.6458333134651184 0.518750011920929 0.6458333134651184 0.48124998807907104 0.6812499761581421 0.49687498807907104 0.7145833373069763 0.503125011920929 0.7124999761581421 0.5375000238418579 0.6812499761581421 0.535937488079071 0.6708333492279053
0 0.4781250059604645 0.6354166865348816 0.46875 0.637499988079071 0.4515624940395355 0.6583333611488342 0.47187501192092896 0.7104166746139526 0.48750001192092896 0.7020833492279053 0.47968751192092896 0.6812499761581421 0.4906249940395355 0.6708333492279053
0 0.526562511920929 0.49791666865348816 0.5171874761581421 0.5041666626930237 0.5 0.5249999761581421 0.510937511920929 0.5479166507720947 0.510937511920929 0.5520833134651184 0.5015624761581421 0.5604166388511658 0.5062500238418579 0.5708333253860474 0.515625 0.5645833611488342 0.543749988079071 0.53125 0.542187511920929 0.5208333134651184
0 0.4296875 0.5625 0.4203124940395355 0.5687500238418579 0.3921875059604645 0.6020833253860474 0.3921875059604645 0.6083333492279053 0.40937501192092896 0.6354166865348816 0.41874998807907104 0.6291666626930237 0.4468750059604645 0.5958333611488342 0.4453125 0.5854166746139526
0 0.4312500059604645 0.4937500059604645 0.4124999940395355 0.5062500238418579 0.41093748807907104 0.5166666507720947 0.42656248807907104 0.5604166388511658 0.4375 0.5666666626930237 0.45625001192092896 0.5541666746139526 0.45781248807907104 0.5479166507720947 0.4390625059604645 0.4958333373069763
0 0.5703125 0.5208333134651184 0.5703125 0.5874999761581421 0.596875011920929 0.5895833373069763 0.6000000238418579 0.5854166746139526 0.6000000238418579 0.5229166746139526