0 0.6484375 0.49791666865348816 0.6328125 0.5479166507720947 0.6312500238418579 0.5604166388511658 0.6484375 0.5708333253860474 0.659375011920929 0.5729166865348816 0.667187511920929 0.5458333492279053 0.671875 0.5395833253860474 0.676562488079071 0.512499988079071
0 0.565625011920929 0.6354166865348816 0.559374988079071 0.6354166865348816 0.5390625 0.6499999761581421 0.5390625 0.6583333611488342 0.559374988079071 0.7104166746139526 0.5859375 0.6937500238418579
0 0.5234375 0.6208333373069763 0.520312488079071 0.6208333373069763 0.4828124940395355 0.65625 0.4828124940395355 0.6604166626930237 0.4984374940395355 0.6895833611488342 0.504687488079071 0.6875 0.5375000238418579 0.65625 0.5375000238418579 0.6458333134651184
0 0.4609375 0.6291666626930237 0.4593749940395355 0.6958333253860474 0.48750001192092896 0.6979166865348816 0.4906249940395355 0.6937500238418579 0.4906249940395355 0.6770833134651184 0.48124998807907104 0.65625 0.4906249940395355 0.6458333134651184 0.4906249940395355 0.6312500238418579
0 0.44843751192092896 0.48750001192092896 0.44218748807907104 0.48750001192092896 0.421875 0.5020833611488342 0.421875 0.5104166865348816 0.44218748807907104 0.5625 0.46875 0.5458333492279053
0 0.41093748807907104 0.5916666388511658 0.40625 0.625 0.4078125059604645 0.6312500238418579 0.45625001192092896 0.6395833492279053 0.4593749940395355 0.6166666746139526 0.45781248807907104 0.5979166626930237
0 0.6109374761581421 0.581250011920929 0.604687511920929 0.581250011920929 0.5843750238418579 0.5958333611488342 0.5843750238418579 0.6041666865348816 0.604687511920929 0.65625 0.6312500238418579 0.6395833492279053
0 0.6000000238418579 0.4958333373069763 0.596875011920929 0.4958333373069763 0.559374988079071 0.53125 0.574999988079071 0.5645833611488342 0.581250011920929 0.5625 0.6156250238418579 0.53125 0.614062488079071 0.5208333134651184
0 0.6171875 0.5270833373069763 0.6156250238418579 0.5333333611488342 0.596875011920929 0.550000011920929 0.596875011920929 0.5854166746139526 0.604687511920929 0.5791666507720947 0.6109374761581421 0.5791666507720947 0.6187499761581421 0.5958333611488342 0.625 0.5958333611488342 0.628125011920929 0.5916666388511658 0.628125011920929 0.5291666388511658
0 0.6234375238418579 0.6104166507720947 0.6328125 0.6395833492279053 0.620312511920929 0.6499999761581421 0.668749988079071 0.6583333611488342 0.671875 0.6354166865348816 0.6703125238418579 0.6166666746139526
0 0.5078125 0.49166667461395264 0.48750001192092896 0.5083333253860474 0.48750001192092896 0.5166666507720947 0.5093749761581421 0.5645833611488342 0.515625 0.5666666626930237 0.5375000238418579 0.5479166507720947 0.5375000238418579 0.543749988079071 0.512499988079071 0.49166667461395264
0 0.5531250238418579 0.5583333373069763 0.543749988079071 0.5645833611488342 0.515625 0.5979166626930237 0.515625 0.6041666865348816 0.5328124761581421 0.6312500238418579 0.542187511920929 0.625 0.5703125 0.5916666388511658 0.5687500238418579 0.581250011920929
0 0.5296875238418579 0.5583333373069763 0.515625 0.5687500238418579 0.510937511920929 0.5687500238418579 0.503125011920929 0.5520833134651184 0.47968751192092896 0.5791666507720947 0.47968751192092896 0.5854166746139526 0.49531251192092896 0.6104166507720947 0.5 0.612500011920929 0.534375011920929 0.5729166865348816 0.534375011920929 0.5666666626930237