0 0.628125011920929 0.612500011920929 0.6078125238418579 0.6291666626930237 0.6078125238418579 0.637499988079071 0.629687488079071 0.6854166388511658 0.635937511920929 0.6875 0.6578124761581421 0.668749988079071 0.6578124761581421 0.6645833253860474 0.6328125 0.612500011920929
0 0.49531251192092896 0.6270833611488342 0.4937500059604645 0.6937500238418579 0.5218750238418579 0.6958333253860474 0.5249999761581421 0.6916666626930237 0.5249999761581421 0.6291666626930237
0 0.4515624940395355 0.5645833611488342 0.4468750059604645 0.5895833373069763 0.4468750059604645 0.6041666865348816 0.49531251192092896 0.6145833134651184 0.5 0.574999988079071 0.45625001192092896 0.5625
0 0.5171874761581421 0.5458333492279053 0.5 0.518750011920929 0.49687498807907104 0.518750011920929 0.46562498807907104 0.5541666746139526 0.4625000059604645 0.5625 0.4984374940395355 0.5729166865348816 0.5171874761581421 0.5520833134651184
0 0.551562488079071 0.6000000238418579 0.550000011920929 0.6666666865348816 0.578125 0.668749988079071 0.581250011920929 0.6645833253860474 0.581250011920929 0.6020833253860474
0 0.4515624940395355 0.46666666865348816 0.4468750059604645 0.5 0.44843751192092896 0.5062500238418579 0.49687498807907104 0.5145833492279053 0.5 0.49166667461395264 0.4984374940395355 0.4729166626930237
0 0.5562499761581421 0.5416666865348816 0.5546875 0.5979166626930237 0.581250011920929 0.6000000238418579 0.582812488079071 0.6104166507720947 0.5859375 0.606249988079071 0.5859375 0.543749988079071
0 0.6187499761581421 0.5041666626930237 0.6031249761581421 0.5541666746139526 0.6015625 0.5666666626930237 0.6187499761581421 0.5770833492279053 0.629687488079071 0.5791666507720947 0.637499988079071 0.5520833134651184 0.6421874761581421 0.5458333492279053 0.6468750238418579 0.518750011920929
0 0.675000011920929 0.6000000238418579 0.6640625 0.5770833492279053 0.65625 0.5708333253860474 0.621874988079071 0.6020833253860474 0.6187499761581421 0.6104166507720947 0.621874988079071 0.6166666746139526 0.628125011920929 0.6104166507720947 0.6328125 0.6104166507720947 0.6421874761581421 0.6291666626930237 0.6468750238418579 0.6312500238418579 0.675000011920929 0.606249988079071
0 0.5296875238418579 0.5249999761581421 0.528124988079071 0.5916666388511658 0.5531250238418579 0.59375 0.5531250238418579 0.543749988079071 0.559374988079071 0.5395833253860474 0.559374988079071 0.5270833373069763
0 0.4609375 0.6520833373069763 0.44062501192092896 0.668749988079071 0.44062501192092896 0.6770833134651184 0.4625000059604645 0.7250000238418579 0.46875 0.7270833253860474 0.4906249940395355 0.7083333134651184 0.4906249940395355 0.7041666507720947 0.46562498807907104 0.6520833373069763