0 0.4937500059604645 0.5541666746139526 0.47343748807907104 0.5708333253860474 0.47343748807907104 0.5791666507720947 0.49531251192092896 0.6270833611488342 0.5015624761581421 0.6291666626930237 0.5234375 0.6104166507720947 0.5234375 0.606249988079071 0.4984374940395355 0.5541666746139526
0 0.5843750238418579 0.543749988079071 0.5796874761581421 0.5687500238418579 0.5796874761581421 0.5833333134651184 0.628125011920929 0.59375 0.6328125 0.5541666746139526 0.589062511920929 0.5416666865348816
0 0.604687511920929 0.5916666388511658 0.604687511920929 0.606249988079071 0.653124988079071 0.6166666746139526 0.6578124761581421 0.5770833492279053 0.6328125 0.5708333253860474 0.628125011920929 0.5958333611488342
0 0.45625001192092896 0.6458333134651184 0.4515624940395355 0.6708333492279053 0.4515624940395355 0.6854166388511658 0.5 0.6958333253860474 0.504687488079071 0.65625 0.4609375 0.643750011920929
0 0.590624988079071 0.5979166626930237 0.589062511920929 0.6645833253860474 0.6171875 0.6666666865348816 0.620312511920929 0.6625000238418579 0.620312511920929 0.612500011920929 0.604687511920929 0.6083333492279053 0.6031249761581421 0.5979166626930237
0 0.39375001192092896 0.5208333134651184 0.3921875059604645 0.5874999761581421 0.4203124940395355 0.5895833373069763 0.4234375059604645 0.5854166746139526 0.4234375059604645 0.5229166746139526
0 0.526562511920929 0.6604166626930237 0.503125011920929 0.6812499761581421 0.5 0.6979166865348816 0.4859375059604645 0.6958333253860474 0.5015624761581421 0.7291666865348816 0.5078125 0.7270833253860474 0.542187511920929 0.6958333253860474 0.5406249761581421 0.6854166388511658
0 0.41874998807907104 0.6625000238418579 0.44999998807907104 0.6708333492279053 0.4546875059604645 0.6458333134651184 0.45781248807907104 0.6416666507720947 0.47187501192092896 0.6458333134651184 0.47187501192092896 0.6333333253860474 0.42500001192092896 0.6208333373069763 0.421875 0.6270833611488342
0 0.41874998807907104 0.49791666865348816 0.4156250059604645 0.518750011920929 0.42500001192092896 0.5229166746139526 0.42500001192092896 0.5395833253860474 0.4625000059604645 0.5479166507720947 0.4671874940395355 0.5083333253860474 0.4234375059604645 0.4958333373069763
0 0.559374988079071 0.5583333373069763 0.5562499761581421 0.5583333373069763 0.518750011920929 0.59375 0.534375011920929 0.6270833611488342 0.5406249761581421 0.625 0.574999988079071 0.59375 0.573437511920929 0.5833333134651184
0 0.6421874761581421 0.46666666865348816 0.6390625238418579 0.46666666865348816 0.6015625 0.5020833611488342 0.6171875 0.5354166626930237 0.6234375238418579 0.5333333611488342 0.6578124761581421 0.5020833611488342 0.65625 0.49166667461395264
0 0.557812511920929 0.4729166626930237 0.5375000238418579 0.4895833432674408 0.5375000238418579 0.49791666865348816 0.559374988079071 0.5458333492279053 0.565625011920929 0.5479166507720947 0.5874999761581421 0.5291666388511658 0.5874999761581421 0.5249999761581421 0.5625 0.4729166626930237