0 0.4937500059604645 0.518750011920929 0.4921875 0.5854166746139526 0.520312488079071 0.5874999761581421 0.5234375 0.5833333134651184 0.5234375 0.5208333134651184
0 0.6234375238418579 0.53125 0.621874988079071 0.5979166626930237 0.6499999761581421 0.6000000238418579 0.653124988079071 0.5958333611488342 0.653124988079071 0.5333333611488342
0 0.4234375059604645 0.5208333134651184 0.421875 0.5874999761581421 0.44999998807907104 0.5895833373069763 0.453125 0.5854166746139526 0.453125 0.5229166746139526
0 0.6031249761581421 0.6229166388511658 0.6187499761581421 0.6479166746139526 0.6234375238418579 0.6499999761581421 0.6578124761581421 0.6104166507720947 0.6578124761581421 0.6041666865348816 0.6546875238418579 0.5979166626930237 0.6499999761581421 0.6020833253860474 0.625 0.6020833253860474 0.6187499761581421 0.5979166626930237 0.6031249761581421 0.6166666746139526
0 0.559374988079071 0.625 0.557812511920929 0.6916666626930237 0.5859375 0.6937500238418579 0.589062511920929 0.6895833611488342 0.589062511920929 0.6270833611488342
0 0.4234375059604645 0.46875 0.41874998807907104 0.5020833611488342 0.4203124940395355 0.5083333253860474 0.46875 0.5166666507720947 0.47187501192092896 0.4937500059604645 0.4703125059604645 0.4749999940395355
0 0.534375011920929 0.5208333134651184 0.5296875238418579 0.5458333492279053 0.5296875238418579 0.5604166388511658 0.578125 0.5708333253860474 0.582812488079071 0.53125 0.5390625 0.518750011920929
0 0.4156250059604645 0.612500011920929 0.4140625 0.6791666746139526 0.44218748807907104 0.6812499761581421 0.4453125 0.6770833134651184 0.4453125 0.6145833134651184
0 0.518750011920929 0.46875 0.5 0.48124998807907104 0.4984374940395355 0.49166667461395264 0.5078125 0.5166666507720947 0.5249999761581421 0.5208333134651184 0.5249999761581421 0.5416666865348816 0.5296875238418579 0.5375000238418579 0.53125 0.5249999761581421 0.535937488079071 0.5166666507720947 0.543749988079071 0.518750011920929 0.526562511920929 0.47083333134651184
0 0.4906249940395355 0.5979166626930237 0.4703125059604645 0.6145833134651184 0.4703125059604645 0.6229166388511658 0.4921875 0.6708333492279053 0.4984374940395355 0.6729166507720947 0.520312488079071 0.6541666388511658 0.520312488079071 0.6499999761581421 0.49531251192092896 0.5979166626930237
0 0.45625001192092896 0.6000000238418579 0.44999998807907104 0.6000000238418579 0.43437498807907104 0.6104166507720947 0.4468750059604645 0.6145833134651184 0.4468750059604645 0.6708333492279053 0.44999998807907104 0.675000011920929 0.4765625 0.6583333611488342
0 0.5953124761581421 0.550000011920929 0.5796874761581421 0.6000000238418579 0.578125 0.612500011920929 0.6031249761581421 0.625 0.6015625 0.6166666746139526 0.614062488079071 0.6020833253860474 0.6156250238418579 0.59375 0.6187499761581421 0.5916666388511658 0.620312511920929 0.5625