0 0.4234375059604645 0.6041666865348816 0.41718751192092896 0.6041666865348816 0.3968749940395355 0.6187499761581421 0.3968749940395355 0.6270833611488342 0.41718751192092896 0.6791666746139526 0.4437499940395355 0.6625000238418579
0 0.44218748807907104 0.543749988079071 0.42500001192092896 0.6041666865348816 0.42656248807907104 0.6083333492279053 0.44218748807907104 0.6166666746139526 0.453125 0.6187499761581421 0.4609375 0.5916666388511658 0.46562498807907104 0.5854166746139526 0.4703125059604645 0.5583333373069763
0 0.5296875238418579 0.48750001192092896 0.526562511920929 0.48750001192092896 0.48906248807907104 0.5229166746139526 0.504687488079071 0.5562499761581421 0.510937511920929 0.5541666746139526 0.5453125238418579 0.5229166746139526 0.543749988079071 0.512499988079071
0 0.535937488079071 0.5729166865348816 0.515625 0.5895833373069763 0.515625 0.5979166626930237 0.5375000238418579 0.6458333134651184 0.543749988079071 0.6479166746139526 0.565625011920929 0.6291666626930237 0.565625011920929 0.625 0.5406249761581421 0.5729166865348816
0 0.5874999761581421 0.5062500238418579 0.582812488079071 0.5395833253860474 0.5843750238418579 0.5458333492279053 0.6328125 0.5541666746139526 0.635937511920929 0.53125 0.6343749761581421 0.512499988079071
0 0.5765625238418579 0.5520833134651184 0.567187488079071 0.5583333373069763 0.5484374761581421 0.581250011920929 0.550000011920929 0.5895833373069763 0.5640624761581421 0.6187499761581421 0.59375 0.5854166746139526 0.5921875238418579 0.574999988079071
0 0.5953124761581421 0.5645833611488342 0.5874999761581421 0.5666666626930237 0.59375 0.574999988079071 0.5953124761581421 0.5854166746139526 0.5765625238418579 0.606249988079071 0.589062511920929 0.6395833492279053 0.6156250238418579 0.6229166388511658
0 0.4312500059604645 0.48124998807907104 0.4296875 0.5479166507720947 0.4390625059604645 0.550000011920929 0.44218748807907104 0.5416666865348816 0.4593749940395355 0.5479166507720947 0.4609375 0.4833333194255829
0 0.4921875 0.5083333253860474 0.4859375059604645 0.5083333253860474 0.46562498807907104 0.5229166746139526 0.46562498807907104 0.53125 0.4859375059604645 0.5833333134651184 0.512499988079071 0.5666666626930237 0.510937511920929 0.5583333373069763 0.504687488079071 0.5583333373069763 0.48750001192092896 0.5270833373069763 0.48750001192092896 0.5229166746139526 0.49531251192092896 0.5145833492279053
0 0.4593749940395355 0.606249988079071 0.4437499940395355 0.65625 0.4453125 0.6625000238418579 0.44218748807907104 0.668749988079071 0.4593749940395355 0.6791666746139526 0.4703125059604645 0.6812499761581421 0.4781250059604645 0.6541666388511658 0.4828124940395355 0.6479166746139526 0.48750001192092896 0.6208333373069763
0 0.565625011920929 0.5062500238418579 0.5625 0.5062500238418579 0.5249999761581421 0.5416666865348816 0.5375000238418579 0.5708333253860474 0.543749988079071 0.574999988079071 0.581250011920929 0.5416666865348816 0.5796874761581421 0.53125
0 0.6390625238418579 0.5229166746139526 0.637499988079071 0.5895833373069763 0.6656249761581421 0.5916666388511658 0.668749988079071 0.5874999761581421 0.668749988079071 0.5249999761581421
0 0.41718751192092896 0.6833333373069763 0.4156250059604645 0.7041666507720947 0.4203124940395355 0.7083333134651184 0.46562498807907104 0.7145833373069763 0.46875 0.6833333373069763 0.4593749940395355 0.6812499761581421 0.44062501192092896 0.668749988079071