0 0.542187511920929 0.5979166626930237 0.5390625 0.5979166626930237 0.5015624761581421 0.6333333253860474 0.5171874761581421 0.6666666865348816 0.5234375 0.6645833253860474 0.557812511920929 0.6333333253860474 0.5562499761581421 0.6229166388511658
0 0.42656248807907104 0.4729166626930237 0.4203124940395355 0.4729166626930237 0.4000000059604645 0.48750001192092896 0.4000000059604645 0.4958333373069763 0.4203124940395355 0.5479166507720947 0.4468750059604645 0.53125
0 0.47187501192092896 0.46875 0.4703125059604645 0.5354166626930237 0.4984374940395355 0.5375000238418579 0.5015624761581421 0.5333333611488342 0.5015624761581421 0.47083333134651184
0 0.582812488079071 0.6166666746139526 0.578125 0.6499999761581421 0.5796874761581421 0.65625 0.628125011920929 0.6645833253860474 0.6312500238418579 0.6416666507720947 0.629687488079071 0.6229166388511658
0 0.47343748807907104 0.543749988079071 0.453125 0.5604166388511658 0.453125 0.5687500238418579 0.4749999940395355 0.6166666746139526 0.48124998807907104 0.6187499761581421 0.503125011920929 0.6000000238418579 0.503125011920929 0.5958333611488342 0.4781250059604645 0.543749988079071
0 0.4703125059604645 0.6499999761581421 0.4671874940395355 0.6499999761581421 0.4296875 0.6854166388511658 0.4453125 0.71875 0.4515624940395355 0.7166666388511658 0.4859375059604645 0.6854166388511658 0.484375 0.675000011920929
0 0.4546875059604645 0.6312500238418579 0.4234375059604645 0.6312500238418579 0.4234375059604645 0.6958333253860474 0.43281251192092896 0.6979166865348816 0.4281249940395355 0.6854166388511658 0.4546875059604645 0.6604166626930237
0 0.5390625 0.48124998807907104 0.5328124761581421 0.48124998807907104 0.512499988079071 0.4958333373069763 0.512499988079071 0.5041666626930237 0.5328124761581421 0.5562499761581421 0.559374988079071 0.5395833253860474
0 0.4140625 0.5895833373069763 0.4140625 0.5979166626930237 0.42500001192092896 0.6270833611488342 0.4546875059604645 0.6291666626930237 0.45625001192092896 0.637499988079071 0.4609375 0.6333333253860474 0.44062501192092896 0.574999988079071 0.43437498807907104 0.574999988079071
0 0.6312500238418579 0.6541666388511658 0.628125011920929 0.6666666865348816 0.6156250238418579 0.6645833253860474 0.5921875238418579 0.6916666626930237 0.5921875238418579 0.6979166865348816 0.609375 0.7250000238418579 0.6187499761581421 0.71875 0.6468750238418579 0.6854166388511658 0.645312488079071 0.675000011920929
0 0.4859375059604645 0.6666666865348816 0.484375 0.6729166507720947 0.48750001192092896 0.6854166388511658 0.4828124940395355 0.6895833611488342 0.4828124940395355 0.706250011920929 0.53125 0.7145833373069763 0.534375011920929 0.6916666626930237 0.5328124761581421 0.6729166507720947
0 0.5796874761581421 0.625 0.542187511920929 0.6604166626930237 0.557812511920929 0.6937500238418579 0.5640624761581421 0.6916666626930237 0.5953124761581421 0.6625000238418579 0.582812488079071 0.6604166626930237 0.5765625238418579 0.6541666388511658