0 0.526562511920929 0.53125 0.5249999761581421 0.5979166626930237 0.5531250238418579 0.6000000238418579 0.5562499761581421 0.5958333611488342 0.5562499761581421 0.5333333611488342
0 0.421875 0.5208333134651184 0.4203124940395355 0.5874999761581421 0.44843751192092896 0.5895833373069763 0.4515624940395355 0.5854166746139526 0.4515624940395355 0.5229166746139526
0 0.6625000238418579 0.6604166626930237 0.659375011920929 0.6604166626930237 0.621874988079071 0.6958333253860474 0.637499988079071 0.7291666865348816 0.643750011920929 0.7270833253860474 0.6781250238418579 0.6958333253860474 0.676562488079071 0.6854166388511658
0 0.47968751192092896 0.5645833611488342 0.4765625 0.5645833611488342 0.4390625059604645 0.6000000238418579 0.4546875059604645 0.6333333253860474 0.4609375 0.6312500238418579 0.49531251192092896 0.6000000238418579 0.4937500059604645 0.5895833373069763
0 0.612500011920929 0.5770833492279053 0.596875011920929 0.6270833611488342 0.5953124761581421 0.6395833492279053 0.612500011920929 0.6499999761581421 0.6234375238418579 0.6520833373069763 0.6312500238418579 0.625 0.635937511920929 0.6187499761581421 0.640625 0.5916666388511658
0 0.421875 0.6083333492279053 0.4156250059604645 0.6083333492279053 0.39531248807907104 0.6229166388511658 0.39531248807907104 0.6312500238418579 0.4156250059604645 0.6833333373069763 0.44218748807907104 0.6666666865348816
0 0.573437511920929 0.6145833134651184 0.5703125 0.6145833134651184 0.5328124761581421 0.6499999761581421 0.5484374761581421 0.6833333373069763 0.5546875 0.6812499761581421 0.589062511920929 0.6499999761581421 0.5874999761581421 0.6395833492279053
0 0.4609375 0.5166666507720947 0.45625001192092896 0.550000011920929 0.45781248807907104 0.5562499761581421 0.5062500238418579 0.5645833611488342 0.5093749761581421 0.5416666865348816 0.5078125 0.5229166746139526
0 0.4859375059604645 0.6104166507720947 0.45781248807907104 0.6354166865348816 0.44843751192092896 0.6291666626930237 0.44062501192092896 0.637499988079071 0.44062501192092896 0.6416666507720947 0.45625001192092896 0.6708333492279053 0.4625000059604645 0.668749988079071 0.49687498807907104 0.637499988079071 0.49531251192092896 0.6270833611488342
0 0.520312488079071 0.5562499761581421 0.510937511920929 0.5625 0.4921875 0.5854166746139526 0.49687498807907104 0.59375 0.49687498807907104 0.6000000238418579 0.48750001192092896 0.6104166507720947 0.5 0.6291666626930237 0.5093749761581421 0.6229166388511658 0.526562511920929 0.6020833253860474 0.5234375 0.5979166626930237 0.5234375 0.5604166388511658
0 0.6546875238418579 0.637499988079071 0.6312500238418579 0.6333333253860474 0.6234375238418579 0.6541666388511658 0.6171875 0.6541666388511658 0.6031249761581421 0.6458333134651184 0.6015625 0.6666666865348816 0.606249988079071 0.6708333492279053 0.6421874761581421 0.675000011920929 0.653124988079071 0.6645833253860474
0 0.5953124761581421 0.46666666865348816 0.5859375 0.4729166626930237 0.557812511920929 0.5062500238418579 0.557812511920929 0.512499988079071 0.574999988079071 0.5395833253860474 0.5843750238418579 0.5333333611488342 0.612500011920929 0.5 0.6109374761581421 0.4895833432674408