0 0.526562511920929 0.518750011920929 0.520312488079071 0.518750011920929 0.5 0.5333333611488342 0.5 0.5416666865348816 0.520312488079071 0.59375 0.546875 0.5770833492279053
0 0.557812511920929 0.49791666865348816 0.5531250238418579 0.53125 0.5546875 0.5375000238418579 0.6031249761581421 0.5458333492279053 0.606249988079071 0.5229166746139526 0.604687511920929 0.5041666626930237
0 0.453125 0.5020833611488342 0.4437499940395355 0.5083333253860474 0.4156250059604645 0.5416666865348816 0.4156250059604645 0.5479166507720947 0.43281251192092896 0.574999988079071 0.44218748807907104 0.5687500238418579 0.4703125059604645 0.5354166626930237 0.46875 0.5249999761581421
0 0.40156251192092896 0.5604166388511658 0.3968749940395355 0.6000000238418579 0.4453125 0.6104166507720947 0.44999998807907104 0.5708333253860474 0.4437499940395355 0.5687500238418579 0.43281251192092896 0.5770833492279053 0.421875 0.5625 0.40625 0.5583333373069763
0 0.5093749761581421 0.6395833492279053 0.4937500059604645 0.6895833611488342 0.4921875 0.7020833492279053 0.5093749761581421 0.7124999761581421 0.520312488079071 0.7145833373069763 0.528124988079071 0.6875 0.5328124761581421 0.6812499761581421 0.5375000238418579 0.6541666388511658
0 0.4749999940395355 0.5249999761581421 0.47968751192092896 0.5291666388511658 0.5 0.53125 0.520312488079071 0.5166666507720947 0.526562511920929 0.5166666507720947 0.528124988079071 0.4958333373069763 0.47968751192092896 0.48750001192092896
0 0.47343748807907104 0.6416666507720947 0.46406251192092896 0.6479166746139526 0.4359374940395355 0.6812499761581421 0.4359374940395355 0.6875 0.453125 0.7145833373069763 0.4625000059604645 0.7083333134651184 0.4906249940395355 0.675000011920929 0.48906248807907104 0.6645833253860474
0 0.47187501192092896 0.5270833373069763 0.47187501192092896 0.5354166626930237 0.45781248807907104 0.5520833134651184 0.4781250059604645 0.5958333611488342 0.484375 0.5979166626930237 0.5062500238418579 0.5791666507720947 0.5062500238418579 0.574999988079071 0.48750001192092896 0.5333333611488342
0 0.6156250238418579 0.550000011920929 0.606249988079071 0.5562499761581421 0.578125 0.5895833373069763 0.578125 0.5958333611488342 0.5953124761581421 0.6229166388511658 0.604687511920929 0.6166666746139526 0.6328125 0.5833333134651184 0.6312500238418579 0.5729166865348816
0 0.5921875238418579 0.625 0.5859375 0.625 0.565625011920929 0.6395833492279053 0.565625011920929 0.6479166746139526 0.5859375 0.699999988079071 0.612500011920929 0.6833333373069763
0 0.5171874761581421 0.6166666746139526 0.5140625238418579 0.6395833492279053 0.535937488079071 0.6499999761581421 0.5390625 0.6541666388511658 0.5390625 0.6604166626930237 0.542187511920929 0.6625000238418579 0.5625 0.6645833253860474 0.565625011920929 0.637499988079071 0.5640624761581421 0.6229166388511658