0 0.48750001192092896 0.4791666567325592 0.48124998807907104 0.4791666567325592 0.4609375 0.4937500059604645 0.4609375 0.5020833611488342 0.48124998807907104 0.5541666746139526 0.5078125 0.5375000238418579
0 0.6078125238418579 0.5291666388511658 0.6031249761581421 0.5625 0.604687511920929 0.5687500238418579 0.653124988079071 0.5770833492279053 0.65625 0.5541666746139526 0.6546875238418579 0.5354166626930237
0 0.3984375 0.5708333253860474 0.39375001192092896 0.5958333611488342 0.39375001192092896 0.6104166507720947 0.44218748807907104 0.6208333373069763 0.4468750059604645 0.581250011920929 0.40312498807907104 0.5687500238418579
0 0.4453125 0.5 0.44218748807907104 0.5 0.4046874940395355 0.5354166626930237 0.4203124940395355 0.5687500238418579 0.42656248807907104 0.5666666626930237 0.4609375 0.5354166626930237 0.4593749940395355 0.5249999761581421
0 0.5640624761581421 0.6145833134651184 0.5625 0.6812499761581421 0.590624988079071 0.6833333373069763 0.59375 0.6791666746139526 0.59375 0.6166666746139526
0 0.5 0.5458333492279053 0.484375 0.5562499761581421 0.48124998807907104 0.5562499761581421 0.4765625 0.5479166507720947 0.4546875059604645 0.5729166865348816 0.4546875059604645 0.5791666507720947 0.47187501192092896 0.606249988079071 0.48124998807907104 0.6000000238418579 0.5093749761581421 0.5666666626930237 0.5078125 0.5562499761581421
0 0.453125 0.6166666746139526 0.4468750059604645 0.6166666746139526 0.44218748807907104 0.6229166388511658 0.4375 0.6229166388511658 0.42656248807907104 0.6312500238418579 0.42656248807907104 0.6395833492279053 0.4468750059604645 0.6916666626930237 0.47343748807907104 0.675000011920929
0 0.659375011920929 0.5625 0.65625 0.5625 0.653124988079071 0.5791666507720947 0.628125011920929 0.574999988079071 0.628125011920929 0.6270833611488342 0.65625 0.6291666626930237 0.659375011920929 0.625
0 0.5687500238418579 0.5583333373069763 0.559374988079071 0.5645833611488342 0.53125 0.5979166626930237 0.53125 0.6041666865348816 0.5484374761581421 0.6312500238418579 0.557812511920929 0.625 0.5640624761581421 0.612500011920929 0.5703125 0.6104166507720947 0.5859375 0.5916666388511658 0.5843750238418579 0.581250011920929
0 0.535937488079071 0.5062500238418579 0.520312488079071 0.5562499761581421 0.518750011920929 0.5687500238418579 0.543749988079071 0.581250011920929 0.550000011920929 0.574999988079071 0.5546875 0.5541666746139526 0.559374988079071 0.5479166507720947 0.5640624761581421 0.5208333134651184
0 0.4593749940395355 0.6875 0.4468750059604645 0.6937500238418579 0.44218748807907104 0.6875 0.43437498807907104 0.6625000238418579 0.40625 0.6875 0.40312498807907104 0.6958333253860474 0.4156250059604645 0.7208333611488342 0.421875 0.7250000238418579 0.4593749940395355 0.6916666626930237
0 0.47968751192092896 0.6166666746139526 0.4749999940395355 0.6416666507720947 0.4749999940395355 0.65625 0.5234375 0.6666666865348816 0.528124988079071 0.6270833611488342 0.484375 0.6145833134651184