0 0.510937511920929 0.543749988079071 0.5078125 0.543749988079071 0.4703125059604645 0.5791666507720947 0.4859375059604645 0.612500011920929 0.4921875 0.6104166507720947 0.526562511920929 0.5791666507720947 0.5249999761581421 0.5687500238418579
0 0.4937500059604645 0.4833333194255829 0.48906248807907104 0.5166666507720947 0.4906249940395355 0.5229166746139526 0.5390625 0.53125 0.542187511920929 0.5083333253860474 0.5406249761581421 0.4895833432674408
0 0.4671874940395355 0.5416666865348816 0.44999998807907104 0.6041666865348816 0.4671874940395355 0.6145833134651184 0.4781250059604645 0.6166666746139526 0.48124998807907104 0.606249988079071 0.46875 0.5791666507720947 0.4937500059604645 0.5541666746139526
0 0.6421874761581421 0.625 0.6390625238418579 0.625 0.6015625 0.6604166626930237 0.6171875 0.6937500238418579 0.6234375238418579 0.6916666626930237 0.6578124761581421 0.6604166626930237 0.65625 0.6499999761581421
0 0.551562488079071 0.6208333373069763 0.542187511920929 0.6270833611488342 0.5140625238418579 0.6604166626930237 0.5140625238418579 0.6666666865348816 0.53125 0.6937500238418579 0.5406249761581421 0.6875 0.5687500238418579 0.6541666388511658 0.567187488079071 0.643750011920929
0 0.4906249940395355 0.4729166626930237 0.48124998807907104 0.4791666567325592 0.453125 0.512499988079071 0.453125 0.518750011920929 0.4671874940395355 0.5395833253860474 0.4765625 0.5416666865348816 0.4921875 0.5249999761581421 0.48750001192092896 0.5208333134651184 0.4921875 0.4833333194255829 0.49687498807907104 0.48124998807907104
0 0.5718749761581421 0.5229166746139526 0.565625011920929 0.5229166746139526 0.5453125238418579 0.5375000238418579 0.5453125238418579 0.5458333492279053 0.565625011920929 0.5979166626930237 0.5921875238418579 0.581250011920929
0 0.6421874761581421 0.4958333373069763 0.6390625238418579 0.4958333373069763 0.6015625 0.53125 0.6171875 0.5645833611488342 0.6234375238418579 0.5625 0.6578124761581421 0.53125 0.65625 0.5208333134651184
0 0.5796874761581421 0.6520833373069763 0.5703125 0.6499999761581421 0.5703125 0.6541666388511658 0.5484374761581421 0.6791666746139526 0.5484374761581421 0.7166666388511658 0.5765625238418579 0.71875 0.5796874761581421 0.7145833373069763
0 0.4437499940395355 0.6166666746139526 0.4390625059604645 0.6499999761581421 0.44062501192092896 0.65625 0.48906248807907104 0.6645833253860474 0.4921875 0.6416666507720947 0.4906249940395355 0.6229166388511658
0 0.4000000059604645 0.5666666626930237 0.3984375 0.6333333253860474 0.42656248807907104 0.6354166865348816 0.4296875 0.6312500238418579 0.4296875 0.5687500238418579
0 0.42500001192092896 0.46666666865348816 0.4234375059604645 0.5333333611488342 0.4515624940395355 0.5354166626930237 0.4546875059604645 0.53125 0.4546875059604645 0.5229166746139526 0.4515624940395355 0.518750011920929 0.4515624940395355 0.512499988079071 0.4546875059604645 0.5083333253860474 0.4546875059604645 0.46875
0 0.526562511920929 0.581250011920929 0.4921875 0.612500011920929 0.484375 0.6145833134651184 0.484375 0.6208333373069763 0.4906249940395355 0.6208333373069763 0.4937500059604645 0.625 0.4937500059604645 0.6354166865348816 0.5015624761581421 0.6479166746139526 0.510937511920929 0.6416666507720947 0.5390625 0.6083333492279053 0.5375000238418579 0.5979166626930237
0 0.567187488079071 0.6041666865348816 0.567187488079071 0.6083333492279053 0.5718749761581421 0.612500011920929 0.6171875 0.6187499761581421 0.620312511920929 0.5791666507720947 0.5921875238418579 0.5729166865348816 0.59375 0.581250011920929 0.590624988079071 0.5854166746139526 0.5703125 0.5979166626930237
0 0.660937488079071 0.5270833373069763 0.6578124761581421 0.5333333611488342 0.629687488079071 0.5583333373069763 0.629687488079071 0.5916666388511658 0.6578124761581421 0.59375 0.660937488079071 0.5895833373069763
0 0.4859375059604645 0.6666666865348816 0.4671874940395355 0.6625000238418579 0.44062501192092896 0.6937500238418579 0.44062501192092896 0.699999988079071 0.45781248807907104 0.7270833253860474 0.4671874940395355 0.7208333611488342 0.49531251192092896 0.6875 0.4937500059604645 0.6770833134651184