0 0.660937488079071 0.6520833373069763 0.6578124761581421 0.6520833373069763 0.620312511920929 0.6875 0.635937511920929 0.7208333611488342 0.6421874761581421 0.71875 0.676562488079071 0.6875 0.675000011920929 0.6770833134651184
0 0.42500001192092896 0.6041666865348816 0.4203124940395355 0.637499988079071 0.421875 0.643750011920929 0.4703125059604645 0.6520833373069763 0.47343748807907104 0.6291666626930237 0.47187501192092896 0.6104166507720947
0 0.5546875 0.6541666388511658 0.5484374761581421 0.6541666388511658 0.528124988079071 0.668749988079071 0.528124988079071 0.6770833134651184 0.5484374761581421 0.7291666865348816 0.574999988079071 0.7124999761581421
0 0.653124988079071 0.5770833492279053 0.6328125 0.59375 0.6328125 0.6020833253860474 0.65625 0.6520833373069763 0.668749988079071 0.6458333134651184 0.682812511920929 0.6333333253860474 0.682812511920929 0.6291666626930237 0.6578124761581421 0.5770833492279053
0 0.503125011920929 0.5874999761581421 0.48750001192092896 0.637499988079071 0.4859375059604645 0.6499999761581421 0.503125011920929 0.6604166626930237 0.5140625238418579 0.6625000238418579 0.5218750238418579 0.6354166865348816 0.526562511920929 0.6291666626930237 0.53125 0.6020833253860474
0 0.5218750238418579 0.5708333253860474 0.520312488079071 0.59375 0.5328124761581421 0.6020833253860474 0.528124988079071 0.6291666626930237 0.5249999761581421 0.6312500238418579 0.5234375 0.6395833492279053 0.5484374761581421 0.6395833492279053 0.551562488079071 0.6354166865348816 0.551562488079071 0.5729166865348816
0 0.45781248807907104 0.46875 0.4375 0.4854166805744171 0.4375 0.4937500059604645 0.4593749940395355 0.5416666865348816 0.46562498807907104 0.543749988079071 0.48750001192092896 0.5249999761581421 0.48750001192092896 0.5208333134651184 0.4625000059604645 0.46875
0 0.6000000238418579 0.6354166865348816 0.590624988079071 0.6416666507720947 0.5640624761581421 0.6729166507720947 0.5703125 0.6937500238418579 0.5796874761581421 0.7083333134651184 0.589062511920929 0.7020833492279053 0.6171875 0.668749988079071 0.6156250238418579 0.6583333611488342
0 0.510937511920929 0.4958333373069763 0.49531251192092896 0.5458333492279053 0.4937500059604645 0.5583333373069763 0.520312488079071 0.5708333253860474 0.5234375 0.5687500238418579 0.5296875238418579 0.543749988079071 0.534375011920929 0.5375000238418579 0.5390625 0.5104166865348816
0 0.40625 0.6291666626930237 0.40156251192092896 0.6625000238418579 0.40312498807907104 0.668749988079071 0.4515624940395355 0.6770833134651184 0.4546875059604645 0.6520833373069763 0.42500001192092896 0.6479166746139526 0.41874998807907104 0.6416666507720947 0.4203124940395355 0.6312500238418579
0 0.47187501192092896 0.5583333373069763 0.45781248807907104 0.606249988079071 0.47187501192092896 0.6083333492279053 0.4749999940395355 0.612500011920929 0.47343748807907104 0.6312500238418579 0.4828124940395355 0.6333333253860474 0.4906249940395355 0.606249988079071 0.49531251192092896 0.6000000238418579 0.5 0.5729166865348816
0 0.6015625 0.606249988079071 0.606249988079071 0.6104166507720947 0.637499988079071 0.6145833134651184 0.6312500238418579 0.6020833253860474 0.6312500238418579 0.59375 0.653124988079071 0.574999988079071 0.606249988079071 0.5687500238418579