0 0.43437498807907104 0.5020833611488342 0.4296875 0.5270833373069763 0.4296875 0.5416666865348816 0.4781250059604645 0.5520833134651184 0.4828124940395355 0.512499988079071 0.4390625059604645 0.5
0 0.6109374761581421 0.5666666626930237 0.606249988079071 0.6000000238418579 0.6078125238418579 0.606249988079071 0.65625 0.6145833134651184 0.659375011920929 0.5916666388511658 0.6578124761581421 0.5729166865348816
0 0.6156250238418579 0.6333333253860474 0.5953124761581421 0.6499999761581421 0.5953124761581421 0.6583333611488342 0.6171875 0.706250011920929 0.6234375238418579 0.7083333134651184 0.645312488079071 0.6895833611488342 0.645312488079071 0.6854166388511658 0.620312511920929 0.6333333253860474
0 0.534375011920929 0.6479166746139526 0.528124988079071 0.6479166746139526 0.5078125 0.6625000238418579 0.5078125 0.6708333492279053 0.528124988079071 0.7229166626930237 0.5546875 0.706250011920929
0 0.43281251192092896 0.6291666626930237 0.42656248807907104 0.6291666626930237 0.40625 0.643750011920929 0.40625 0.6520833373069763 0.42656248807907104 0.7041666507720947 0.453125 0.6875
0 0.484375 0.6520833373069763 0.4828124940395355 0.71875 0.510937511920929 0.7208333611488342 0.5140625238418579 0.7166666388511658 0.5140625238418579 0.6895833611488342 0.5062500238418579 0.6708333492279053 0.5062500238418579 0.6625000238418579 0.5140625238418579 0.6541666388511658
0 0.604687511920929 0.5291666388511658 0.604687511920929 0.5375000238418579 0.6171875 0.5645833611488342 0.6468750238418579 0.5708333253860474 0.6546875238418579 0.5687500238418579 0.651562511920929 0.5562499761581421 0.629687488079071 0.512499988079071 0.625 0.512499988079071
0 0.3984375 0.5916666388511658 0.3984375 0.6000000238418579 0.4124999940395355 0.637499988079071 0.42656248807907104 0.6270833611488342 0.43281251192092896 0.6270833611488342 0.4390625059604645 0.6395833492279053 0.4453125 0.6354166865348816 0.42500001192092896 0.5770833492279053 0.41874998807907104 0.5770833492279053
0 0.45781248807907104 0.4729166626930237 0.4546875059604645 0.4895833432674408 0.45625001192092896 0.5041666626930237 0.47968751192092896 0.5083333253860474 0.484375 0.512499988079071 0.484375 0.518750011920929 0.503125011920929 0.5208333134651184 0.5062500238418579 0.49791666865348816 0.504687488079071 0.4791666567325592
0 0.543749988079071 0.550000011920929 0.5390625 0.5833333134651184 0.5406249761581421 0.5895833373069763 0.589062511920929 0.5979166626930237 0.5921875238418579 0.574999988079071 0.590624988079071 0.5562499761581421
0 0.5953124761581421 0.47708332538604736 0.5859375 0.4833333194255829 0.557812511920929 0.5166666507720947 0.557812511920929 0.5229166746139526 0.574999988079071 0.550000011920929 0.5843750238418579 0.543749988079071 0.612500011920929 0.5104166865348816 0.6109374761581421 0.5
0 0.4828124940395355 0.5270833373069763 0.47968751192092896 0.5520833134651184 0.47343748807907104 0.5562499761581421 0.46562498807907104 0.5895833373069763 0.4828124940395355 0.6000000238418579 0.4937500059604645 0.6020833253860474 0.5015624761581421 0.574999988079071 0.5062500238418579 0.5687500238418579 0.510937511920929 0.5416666865348816
0 0.5703125 0.612500011920929 0.5609375238418579 0.6187499761581421 0.535937488079071 0.6479166746139526 0.550000011920929 0.6854166388511658 0.559374988079071 0.6791666746139526 0.5874999761581421 0.6458333134651184 0.5859375 0.6354166865348816