0 0.4859375059604645 0.6166666746139526 0.48124998807907104 0.6416666507720947 0.48124998807907104 0.65625 0.5296875238418579 0.6666666865348816 0.534375011920929 0.6270833611488342 0.4906249940395355 0.6145833134651184
0 0.5375000238418579 0.6020833253860474 0.5171874761581421 0.6208333373069763 0.53125 0.6229166388511658 0.535937488079071 0.6270833611488342 0.5328124761581421 0.6604166626930237 0.5390625 0.675000011920929 0.5453125238418579 0.6770833134651184 0.567187488079071 0.6583333611488342 0.567187488079071 0.6541666388511658 0.5453125238418579 0.606249988079071
0 0.47187501192092896 0.5333333611488342 0.4625000059604645 0.5395833253860474 0.43437498807907104 0.5729166865348816 0.43437498807907104 0.5791666507720947 0.4515624940395355 0.606249988079071 0.4609375 0.6000000238418579 0.48906248807907104 0.5666666626930237 0.48750001192092896 0.5562499761581421
0 0.520312488079071 0.5291666388511658 0.515625 0.5541666746139526 0.515625 0.5687500238418579 0.5640624761581421 0.5791666507720947 0.5687500238418579 0.5395833253860474 0.5249999761581421 0.5270833373069763
0 0.621874988079071 0.5479166507720947 0.6156250238418579 0.5479166507720947 0.5953124761581421 0.5625 0.5953124761581421 0.5708333253860474 0.6156250238418579 0.6229166388511658 0.6421874761581421 0.606249988079071
0 0.6328125 0.6541666388511658 0.628125011920929 0.6875 0.629687488079071 0.6937500238418579 0.6781250238418579 0.7020833492279053 0.6812499761581421 0.6791666746139526 0.6796875 0.6604166626930237
0 0.573437511920929 0.46666666865348816 0.5703125 0.46666666865348816 0.5328124761581421 0.5020833611488342 0.5453125238418579 0.53125 0.5546875 0.5333333611488342 0.589062511920929 0.5020833611488342 0.5874999761581421 0.49166667461395264
0 0.6031249761581421 0.47083333134651184 0.5874999761581421 0.5208333134651184 0.5859375 0.5333333611488342 0.6031249761581421 0.543749988079071 0.614062488079071 0.5458333492279053 0.621874988079071 0.518750011920929 0.6265624761581421 0.512499988079071 0.6312500238418579 0.4854166805744171
0 0.5218750238418579 0.46875 0.504687488079071 0.53125 0.5171874761581421 0.5375000238418579 0.5218750238418579 0.5249999761581421 0.5375000238418579 0.5291666388511658 0.5390625 0.5208333134651184 0.53125 0.5020833611488342 0.550000011920929 0.4833333194255829
0 0.629687488079071 0.5479166507720947 0.628125011920929 0.5604166388511658 0.6390625238418579 0.5916666388511658 0.6734374761581421 0.5979166626930237 0.6781250238418579 0.5583333373069763 0.6343749761581421 0.5458333492279053
0 0.573437511920929 0.518750011920929 0.5562499761581421 0.5333333611488342 0.5703125 0.5395833253860474 0.567187488079071 0.574999988079071 0.574999988079071 0.5916666388511658 0.581250011920929 0.59375 0.596875011920929 0.5791666507720947 0.59375 0.5708333253860474 0.59375 0.5625 0.596875011920929 0.5562499761581421 0.578125 0.518750011920929
0 0.598437488079071 0.5916666388511658 0.596875011920929 0.6583333611488342 0.625 0.6604166626930237 0.628125011920929 0.65625 0.628125011920929 0.6187499761581421 0.6156250238418579 0.625 0.6109374761581421 0.6187499761581421 0.6031249761581421 0.59375
0 0.4234375059604645 0.6291666626930237 0.41874998807907104 0.6625000238418579 0.4203124940395355 0.668749988079071 0.46875 0.6770833134651184 0.47187501192092896 0.6541666388511658 0.4703125059604645 0.6354166865348816
0 0.5859375 0.6458333134651184 0.581250011920929 0.6854166388511658 0.629687488079071 0.6958333253860474 0.6265624761581421 0.6875 0.6312500238418579 0.6541666388511658 0.625 0.6625000238418579 0.6000000238418579 0.6625000238418579 0.5953124761581421 0.6583333611488342 0.5953124761581421 0.6458333134651184
0 0.628125011920929 0.5062500238418579 0.628125011920929 0.512499988079071 0.6234375238418579 0.518750011920929 0.6328125 0.543749988079071 0.6703125238418579 0.5541666746139526 0.6499999761581421 0.4958333373069763 0.643750011920929 0.4958333373069763