0 0.606249988079071 0.6270833611488342 0.5859375 0.643750011920929 0.5859375 0.6520833373069763 0.6078125238418579 0.699999988079071 0.614062488079071 0.7020833492279053 0.635937511920929 0.6833333373069763 0.635937511920929 0.6791666746139526 0.6109374761581421 0.6270833611488342
0 0.5796874761581421 0.606249988079071 0.5765625238418579 0.606249988079071 0.5390625 0.6416666507720947 0.5546875 0.675000011920929 0.5609375238418579 0.6729166507720947 0.5843750238418579 0.6499999761581421 0.5843750238418579 0.643750011920929 0.5953124761581421 0.6354166865348816
0 0.6343749761581421 0.6604166626930237 0.6328125 0.668749988079071 0.637499988079071 0.6833333373069763 0.6312500238418579 0.6895833611488342 0.6312500238418579 0.699999988079071 0.6796875 0.7083333134651184 0.682812511920929 0.6854166388511658 0.6812499761581421 0.6666666865348816
0 0.520312488079071 0.5145833492279053 0.5 0.53125 0.5 0.5395833253860474 0.5218750238418579 0.5874999761581421 0.528124988079071 0.5895833373069763 0.550000011920929 0.5708333253860474 0.550000011920929 0.5666666626930237 0.5249999761581421 0.5145833492279053
0 0.635937511920929 0.53125 0.6265624761581421 0.5375000238418579 0.598437488079071 0.5708333253860474 0.598437488079071 0.5770833492279053 0.6156250238418579 0.6041666865348816 0.625 0.5979166626930237 0.653124988079071 0.5645833611488342 0.651562511920929 0.5541666746139526
0 0.6156250238418579 0.5104166865348816 0.612500011920929 0.5104166865348816 0.574999988079071 0.5458333492279053 0.574999988079071 0.550000011920929 0.590624988079071 0.5791666507720947 0.596875011920929 0.5770833492279053 0.596875011920929 0.5708333253860474 0.628125011920929 0.5354166626930237
0 0.41874998807907104 0.543749988079071 0.3984375 0.5604166388511658 0.3984375 0.5687500238418579 0.4203124940395355 0.6166666746139526 0.42656248807907104 0.6187499761581421 0.44843751192092896 0.6000000238418579 0.44843751192092896 0.5958333611488342 0.4234375059604645 0.543749988079071
0 0.5234375 0.6083333492279053 0.5140625238418579 0.6145833134651184 0.4859375059604645 0.6479166746139526 0.4859375059604645 0.6541666388511658 0.503125011920929 0.6812499761581421 0.512499988079071 0.675000011920929 0.5375000238418579 0.6458333134651184 0.5406249761581421 0.637499988079071 0.5390625 0.6312500238418579
0 0.6312500238418579 0.6187499761581421 0.6265624761581421 0.643750011920929 0.628125011920929 0.6583333611488342 0.645312488079071 0.6583333611488342 0.6703125238418579 0.6645833253860474 0.676562488079071 0.6625000238418579 0.6796875 0.6291666626930237 0.635937511920929 0.6166666746139526
0 0.578125 0.5083333253860474 0.5718749761581421 0.5083333253860474 0.551562488079071 0.5229166746139526 0.551562488079071 0.53125 0.5718749761581421 0.5833333134651184 0.5859375 0.574999988079071 0.573437511920929 0.550000011920929 0.573437511920929 0.5458333492279053 0.5874999761581421 0.53125
0 0.620312511920929 0.4729166626930237 0.6187499761581421 0.512499988079071 0.629687488079071 0.5333333611488342 0.635937511920929 0.5291666388511658 0.6468750238418579 0.5416666865348816 0.6499999761581421 0.5375000238418579 0.6499999761581421 0.4749999940395355
0 0.4234375059604645 0.6333333253860474 0.4078125059604645 0.6833333373069763 0.40625 0.6958333253860474 0.4234375059604645 0.706250011920929 0.43437498807907104 0.7083333134651184 0.44218748807907104 0.6812499761581421 0.4468750059604645 0.675000011920929 0.4515624940395355 0.6479166746139526