0 0.5609375238418579 0.518750011920929 0.5406249761581421 0.5354166626930237 0.5406249761581421 0.543749988079071 0.5625 0.5916666388511658 0.5687500238418579 0.59375 0.590624988079071 0.574999988079071 0.590624988079071 0.5708333253860474 0.565625011920929 0.518750011920929
0 0.5296875238418579 0.6354166865348816 0.526562511920929 0.6354166865348816 0.48906248807907104 0.6708333492279053 0.504687488079071 0.7041666507720947 0.510937511920929 0.7020833492279053 0.5453125238418579 0.6708333492279053 0.543749988079071 0.6604166626930237
0 0.4203124940395355 0.6604166626930237 0.4156250059604645 0.6854166388511658 0.4156250059604645 0.699999988079071 0.46406251192092896 0.7104166746139526 0.46875 0.6708333492279053 0.42500001192092896 0.6583333611488342
0 0.528124988079071 0.46666666865348816 0.5249999761581421 0.46666666865348816 0.48750001192092896 0.5020833611488342 0.503125011920929 0.5354166626930237 0.5093749761581421 0.5333333611488342 0.543749988079071 0.5020833611488342 0.542187511920929 0.49166667461395264
0 0.565625011920929 0.48124998807907104 0.5640624761581421 0.5166666507720947 0.5703125 0.5229166746139526 0.582812488079071 0.550000011920929 0.5921875238418579 0.550000011920929 0.5953124761581421 0.5458333492279053 0.5953124761581421 0.4833333194255829
0 0.5921875238418579 0.6333333253860474 0.582812488079071 0.6395833492279053 0.5546875 0.6729166507720947 0.5546875 0.6791666746139526 0.5718749761581421 0.706250011920929 0.581250011920929 0.699999988079071 0.609375 0.6666666865348816 0.6078125238418579 0.65625
0 0.6468750238418579 0.5562499761581421 0.640625 0.5562499761581421 0.620312511920929 0.5708333253860474 0.620312511920929 0.5791666507720947 0.640625 0.6312500238418579 0.667187511920929 0.6145833134651184
0 0.5859375 0.6000000238418579 0.5765625238418579 0.606249988079071 0.5484374761581421 0.6395833492279053 0.5484374761581421 0.6458333134651184 0.5609375238418579 0.6645833253860474 0.589062511920929 0.6312500238418579 0.596875011920929 0.637499988079071 0.6031249761581421 0.6333333253860474 0.6015625 0.6229166388511658
0 0.47187501192092896 0.543749988079071 0.45625001192092896 0.59375 0.4546875059604645 0.606249988079071 0.47187501192092896 0.6166666746139526 0.4828124940395355 0.6187499761581421 0.4906249940395355 0.5916666388511658 0.49531251192092896 0.5854166746139526 0.5 0.5583333373069763
0 0.4453125 0.46875 0.4296875 0.518750011920929 0.4281249940395355 0.53125 0.4453125 0.5416666865348816 0.45625001192092896 0.543749988079071 0.46406251192092896 0.5166666507720947 0.46875 0.5104166865348816 0.47343748807907104 0.4833333194255829
0 0.4390625059604645 0.5854166746139526 0.4234375059604645 0.6354166865348816 0.421875 0.6479166746139526 0.4390625059604645 0.6583333611488342 0.44999998807907104 0.6604166626930237 0.45781248807907104 0.6333333253860474 0.4625000059604645 0.6270833611488342 0.46406251192092896 0.6145833134651184 0.453125 0.606249988079071 0.4546875059604645 0.5916666388511658
0 0.46875 0.6229166388511658 0.4609375 0.6291666626930237 0.453125 0.6583333611488342 0.45625001192092896 0.6645833253860474 0.4703125059604645 0.6708333492279053 0.46875 0.6916666626930237 0.47187501192092896 0.6979166865348816 0.4765625 0.6979166865348816 0.4921875 0.6833333373069763 0.48750001192092896 0.6708333492279053 0.4937500059604645 0.6645833253860474 0.47343748807907104 0.6229166388511658