0 0.5609375238418579 0.6520833373069763 0.5562499761581421 0.6770833134651184 0.5562499761581421 0.6916666626930237 0.604687511920929 0.7020833492279053 0.609375 0.6625000238418579 0.565625011920929 0.6499999761581421
0 0.5 0.5083333253860474 0.4906249940395355 0.5145833492279053 0.4625000059604645 0.5479166507720947 0.4625000059604645 0.5541666746139526 0.47968751192092896 0.581250011920929 0.48906248807907104 0.574999988079071 0.5171874761581421 0.5416666865348816 0.515625 0.53125
0 0.4781250059604645 0.6083333492279053 0.4625000059604645 0.6583333611488342 0.4609375 0.6708333492279053 0.4781250059604645 0.6812499761581421 0.48906248807907104 0.6833333373069763 0.49687498807907104 0.65625 0.5015624761581421 0.6499999761581421 0.5062500238418579 0.6229166388511658
0 0.6187499761581421 0.4833333194255829 0.6171875 0.550000011920929 0.645312488079071 0.5520833134651184 0.6484375 0.5479166507720947 0.6484375 0.4854166805744171
0 0.578125 0.4854166805744171 0.5625 0.5354166626930237 0.5609375238418579 0.5479166507720947 0.578125 0.5583333373069763 0.589062511920929 0.5604166388511658 0.596875011920929 0.5333333611488342 0.6015625 0.5270833373069763 0.606249988079071 0.5
0 0.40937501192092896 0.4749999940395355 0.4046874940395355 0.5 0.4046874940395355 0.5145833492279053 0.453125 0.5249999761581421 0.45781248807907104 0.4854166805744171 0.4140625 0.4729166626930237
0 0.581250011920929 0.5604166388511658 0.5765625238418579 0.5583333373069763 0.542187511920929 0.5979166626930237 0.542187511920929 0.6041666865348816 0.559374988079071 0.6312500238418579 0.5687500238418579 0.625 0.596875011920929 0.5916666388511658 0.5953124761581421 0.581250011920929
0 0.44999998807907104 0.5520833134651184 0.4453125 0.5916666388511658 0.4937500059604645 0.6020833253860474 0.4984374940395355 0.5645833611488342 0.48906248807907104 0.5770833492279053 0.47968751192092896 0.5833333134651184 0.4609375 0.5520833134651184
0 0.6265624761581421 0.6229166388511658 0.6171875 0.6291666626930237 0.5953124761581421 0.65625 0.6109374761581421 0.6625000238418579 0.6078125238418579 0.6958333253860474 0.643750011920929 0.65625 0.6421874761581421 0.6458333134651184
0 0.5562499761581421 0.6291666626930237 0.546875 0.6354166865348816 0.518750011920929 0.668749988079071 0.518750011920929 0.675000011920929 0.535937488079071 0.7020833492279053 0.5390625 0.7020833492279053 0.5546875 0.6833333373069763 0.559374988079071 0.6520833373069763 0.5625 0.6479166746139526 0.5703125 0.6499999761581421
0 0.6343749761581421 0.5541666746139526 0.6156250238418579 0.5520833134651184 0.5953124761581421 0.5770833492279053 0.598437488079071 0.5916666388511658 0.59375 0.5979166626930237 0.606249988079071 0.6166666746139526 0.6156250238418579 0.6104166507720947 0.643750011920929 0.5770833492279053 0.6421874761581421 0.5666666626930237
0 0.6343749761581421 0.606249988079071 0.6312500238418579 0.6270833611488342 0.645312488079071 0.6499999761581421 0.6781250238418579 0.65625 0.682812511920929 0.6166666746139526 0.6390625238418579 0.6041666865348816
0 0.5249999761581421 0.5708333253860474 0.504687488079071 0.5874999761581421 0.504687488079071 0.5958333611488342 0.526562511920929 0.643750011920929 0.5328124761581421 0.6458333134651184 0.5546875 0.625 0.5406249761581421 0.6041666865348816 0.542187511920929 0.5958333611488342 0.5296875238418579 0.5708333253860474
0 0.4515624940395355 0.6645833253860474 0.4468750059604645 0.7041666507720947 0.49531251192092896 0.7145833373069763 0.5 0.675000011920929 0.4937500059604645 0.6729166507720947 0.48906248807907104 0.6854166388511658 0.4828124940395355 0.6854166388511658 0.4625000059604645 0.675000011920929 0.4593749940395355 0.6645833253860474
0 0.515625 0.46875 0.503125011920929 0.5104166865348816 0.5171874761581421 0.53125 0.518750011920929 0.5416666865348816 0.526562511920929 0.543749988079071 0.534375011920929 0.5166666507720947 0.5390625 0.5104166865348816 0.543749988079071 0.4833333194255829
0 0.45625001192092896 0.518750011920929 0.453125 0.5270833373069763 0.44062501192092896 0.5249999761581421 0.4156250059604645 0.5541666746139526 0.4156250059604645 0.5604166388511658 0.43281251192092896 0.5874999761581421 0.4437499940395355 0.5791666507720947 0.44843751192092896 0.5520833134651184 0.4515624940395355 0.5479166507720947 0.4609375 0.550000011920929 0.46875 0.5395833253860474