0 0.574999988079071 0.5895833373069763 0.5546875 0.606249988079071 0.5546875 0.6145833134651184 0.5765625238418579 0.6625000238418579 0.582812488079071 0.6645833253860474 0.604687511920929 0.6458333134651184 0.604687511920929 0.6416666507720947 0.5796874761581421 0.5895833373069763
0 0.4593749940395355 0.5770833492279053 0.4546875059604645 0.6104166507720947 0.45625001192092896 0.6166666746139526 0.504687488079071 0.625 0.5078125 0.6020833253860474 0.5062500238418579 0.5833333134651184
0 0.6343749761581421 0.5541666746139526 0.625 0.5604166388511658 0.596875011920929 0.59375 0.596875011920929 0.6000000238418579 0.614062488079071 0.6270833611488342 0.6234375238418579 0.6208333373069763 0.651562511920929 0.5874999761581421 0.6499999761581421 0.5770833492279053
0 0.5296875238418579 0.5062500238418579 0.5093749761581421 0.5229166746139526 0.5093749761581421 0.53125 0.53125 0.5791666507720947 0.5375000238418579 0.581250011920929 0.559374988079071 0.5625 0.559374988079071 0.5583333373069763 0.534375011920929 0.5062500238418579
0 0.612500011920929 0.48750001192092896 0.5921875238418579 0.5041666626930237 0.5921875238418579 0.512499988079071 0.614062488079071 0.5604166388511658 0.620312511920929 0.5625 0.6421874761581421 0.543749988079071 0.6421874761581421 0.5395833253860474 0.6171875 0.48750001192092896
0 0.5328124761581421 0.6395833492279053 0.512499988079071 0.65625 0.512499988079071 0.6645833253860474 0.534375011920929 0.7124999761581421 0.5406249761581421 0.7145833373069763 0.5625 0.6958333253860474 0.5625 0.6916666626930237 0.5375000238418579 0.6395833492279053
0 0.5796874761581421 0.5458333492279053 0.559374988079071 0.5645833611488342 0.559374988079071 0.5708333253860474 0.5687500238418579 0.5916666388511658 0.5796874761581421 0.5874999761581421 0.5953124761581421 0.6145833134651184 0.6000000238418579 0.6104166507720947 0.5953124761581421 0.6000000238418579 0.5953124761581421 0.59375 0.6031249761581421 0.5833333134651184 0.5843750238418579 0.5458333492279053
0 0.651562511920929 0.5895833373069763 0.629687488079071 0.6145833134651184 0.651562511920929 0.6625000238418579 0.6578124761581421 0.6645833253860474 0.6796875 0.6458333134651184 0.6796875 0.6416666507720947 0.6578124761581421 0.59375
0 0.4000000059604645 0.6520833373069763 0.39531248807907104 0.6854166388511658 0.3968749940395355 0.6916666626930237 0.4453125 0.699999988079071 0.44843751192092896 0.6770833134651184 0.4468750059604645 0.6583333611488342
0 0.5453125238418579 0.46666666865348816 0.534375011920929 0.5041666626930237 0.551562488079071 0.5395833253860474 0.5562499761581421 0.5416666865348816 0.5640624761581421 0.5145833492279053 0.5687500238418579 0.5083333253860474 0.573437511920929 0.48124998807907104
0 0.643750011920929 0.4749999940395355 0.643750011920929 0.5416666865348816 0.6703125238418579 0.543749988079071 0.6734374761581421 0.5395833253860474 0.6734374761581421 0.47708332538604736