0 0.635937511920929 0.6479166746139526 0.6265624761581421 0.6541666388511658 0.598437488079071 0.6875 0.598437488079071 0.6937500238418579 0.6156250238418579 0.7208333611488342 0.625 0.7145833373069763 0.653124988079071 0.6812499761581421 0.651562511920929 0.6708333492279053
0 0.5375000238418579 0.5104166865348816 0.5328124761581421 0.543749988079071 0.534375011920929 0.550000011920929 0.582812488079071 0.5583333373069763 0.5859375 0.5354166626930237 0.5843750238418579 0.5166666507720947
0 0.45781248807907104 0.5645833611488342 0.45625001192092896 0.6312500238418579 0.484375 0.6333333253860474 0.48750001192092896 0.6291666626930237 0.48750001192092896 0.5666666626930237
0 0.596875011920929 0.581250011920929 0.5874999761581421 0.5874999761581421 0.559374988079071 0.6208333373069763 0.559374988079071 0.6270833611488342 0.5765625238418579 0.6541666388511658 0.5859375 0.6479166746139526 0.614062488079071 0.6145833134651184 0.612500011920929 0.6041666865348816
0 0.6390625238418579 0.5249999761581421 0.637499988079071 0.5916666388511658 0.6656249761581421 0.59375 0.668749988079071 0.5895833373069763 0.668749988079071 0.5270833373069763
0 0.5562499761581421 0.5562499761581421 0.534375011920929 0.5520833134651184 0.53125 0.5479166507720947 0.5328124761581421 0.5375000238418579 0.504687488079071 0.5625 0.5015624761581421 0.5708333253860474 0.5140625238418579 0.5958333611488342 0.520312488079071 0.6000000238418579 0.557812511920929 0.5666666626930237
0 0.596875011920929 0.6395833492279053 0.59375 0.6395833492279053 0.5796874761581421 0.65625 0.573437511920929 0.6520833373069763 0.5703125 0.6541666388511658 0.5703125 0.6625000238418579 0.590624988079071 0.7145833373069763 0.604687511920929 0.706250011920929 0.596875011920929 0.6937500238418579 0.596875011920929 0.6875 0.609375 0.6729166507720947
0 0.6031249761581421 0.5020833611488342 0.5874999761581421 0.5520833134651184 0.5859375 0.5645833611488342 0.6031249761581421 0.574999988079071 0.614062488079071 0.5770833492279053 0.621874988079071 0.550000011920929 0.6265624761581421 0.543749988079071 0.6312500238418579 0.5166666507720947
0 0.4437499940395355 0.53125 0.4234375059604645 0.5479166507720947 0.4234375059604645 0.5562499761581421 0.4453125 0.6041666865348816 0.4515624940395355 0.606249988079071 0.4546875059604645 0.6020833253860474 0.4546875059604645 0.5666666626930237 0.45781248807907104 0.5625 0.46406251192092896 0.5625 0.44843751192092896 0.53125
0 0.4703125059604645 0.46666666865348816 0.4609375 0.4729166626930237 0.43281251192092896 0.5062500238418579 0.43281251192092896 0.512499988079071 0.4437499940395355 0.5291666388511658 0.44843751192092896 0.5291666388511658 0.453125 0.5375000238418579 0.48750001192092896 0.5 0.4859375059604645 0.4895833432674408
0 0.47187501192092896 0.6458333134651184 0.45625001192092896 0.6958333253860474 0.4546875059604645 0.7083333134651184 0.47187501192092896 0.71875 0.4828124940395355 0.7208333611488342 0.4906249940395355 0.6937500238418579 0.49531251192092896 0.6875 0.5 0.6604166626930237
0 0.640625 0.6000000238418579 0.6234375238418579 0.65625 0.635937511920929 0.6458333134651184 0.653124988079071 0.6729166507720947 0.659375011920929 0.6479166746139526 0.6640625 0.6416666507720947 0.668749988079071 0.6145833134651184