0 0.44843751192092896 0.6333333253860474 0.43281251192092896 0.6833333373069763 0.4312500059604645 0.6958333253860474 0.44843751192092896 0.706250011920929 0.4593749940395355 0.7083333134651184 0.4671874940395355 0.6812499761581421 0.47187501192092896 0.675000011920929 0.4765625 0.6479166746139526
0 0.5687500238418579 0.5291666388511658 0.5640624761581421 0.5541666746139526 0.5640624761581421 0.5687500238418579 0.612500011920929 0.5791666507720947 0.6171875 0.5395833253860474 0.573437511920929 0.5270833373069763
0 0.596875011920929 0.48124998807907104 0.582812488079071 0.5291666388511658 0.614062488079071 0.5354166626930237 0.6171875 0.5249999761581421 0.620312511920929 0.5229166746139526 0.625 0.4958333373069763
0 0.53125 0.5895833373069763 0.526562511920929 0.6145833134651184 0.526562511920929 0.6291666626930237 0.574999988079071 0.6395833492279053 0.5796874761581421 0.6000000238418579 0.535937488079071 0.5874999761581421
0 0.5218750238418579 0.581250011920929 0.515625 0.581250011920929 0.49531251192092896 0.5958333611488342 0.49531251192092896 0.6041666865348816 0.515625 0.65625 0.542187511920929 0.6395833492279053 0.5390625 0.6333333253860474 0.5249999761581421 0.6291666626930237 0.528124988079071 0.5958333611488342
0 0.5453125238418579 0.4854166805744171 0.5390625 0.4854166805744171 0.518750011920929 0.5 0.518750011920929 0.5083333253860474 0.5390625 0.5604166388511658 0.5640624761581421 0.5458333492279053 0.565625011920929 0.5416666865348816
0 0.6234375238418579 0.4749999940395355 0.621874988079071 0.49166667461395264 0.6265624761581421 0.4958333373069763 0.6265624761581421 0.5020833611488342 0.621874988079071 0.5145833492279053 0.621874988079071 0.5416666865348816 0.6499999761581421 0.543749988079071 0.653124988079071 0.5395833253860474 0.653124988079071 0.47708332538604736
0 0.5296875238418579 0.6499999761581421 0.528124988079071 0.7166666388511658 0.5562499761581421 0.71875 0.559374988079071 0.7145833373069763 0.559374988079071 0.6520833373069763
0 0.44843751192092896 0.4749999940395355 0.4437499940395355 0.5083333253860474 0.4453125 0.5145833492279053 0.4937500059604645 0.5229166746139526 0.49687498807907104 0.5 0.49531251192092896 0.48124998807907104
0 0.4312500059604645 0.6541666388511658 0.421875 0.6604166626930237 0.39375001192092896 0.6937500238418579 0.39375001192092896 0.699999988079071 0.41093748807907104 0.7270833253860474 0.4140625 0.7270833253860474 0.4359374940395355 0.7020833492279053 0.4296875 0.6958333253860474 0.4312500059604645 0.6833333373069763 0.4375 0.6666666865348816 0.4375 0.6625000238418579
0 0.43281251192092896 0.5479166507720947 0.4296875 0.5479166507720947 0.3921875059604645 0.5833333134651184 0.4078125059604645 0.6166666746139526 0.4140625 0.6145833134651184 0.44843751192092896 0.5833333134651184 0.4468750059604645 0.5729166865348816