0 0.5078125 0.6187499761581421 0.48750001192092896 0.6354166865348816 0.48750001192092896 0.643750011920929 0.5093749761581421 0.6916666626930237 0.515625 0.6937500238418579 0.5375000238418579 0.675000011920929 0.5375000238418579 0.6708333492279053 0.512499988079071 0.6187499761581421
0 0.48750001192092896 0.5583333373069763 0.4828124940395355 0.5833333134651184 0.4828124940395355 0.5979166626930237 0.53125 0.6083333492279053 0.535937488079071 0.5687500238418579 0.4921875 0.5562499761581421
0 0.4124999940395355 0.6416666507720947 0.41093748807907104 0.7083333134651184 0.4390625059604645 0.7104166746139526 0.44218748807907104 0.706250011920929 0.44218748807907104 0.643750011920929
0 0.44999998807907104 0.6395833492279053 0.4437499940395355 0.6583333611488342 0.44218748807907104 0.7083333134651184 0.4609375 0.7145833373069763 0.46875 0.6875 0.47343748807907104 0.6812499761581421 0.4781250059604645 0.6541666388511658
0 0.5234375 0.49791666865348816 0.503125011920929 0.5145833492279053 0.503125011920929 0.5229166746139526 0.5218750238418579 0.5625 0.5390625 0.5666666626930237 0.5531250238418579 0.5541666746139526 0.5531250238418579 0.550000011920929 0.528124988079071 0.49791666865348816
0 0.4312500059604645 0.4854166805744171 0.41093748807907104 0.5020833611488342 0.41093748807907104 0.5104166865348816 0.43281251192092896 0.5583333373069763 0.4390625059604645 0.5604166388511658 0.4609375 0.5416666865348816 0.4609375 0.5375000238418579 0.4359374940395355 0.4854166805744171
0 0.4234375059604645 0.5916666388511658 0.421875 0.6395833492279053 0.44218748807907104 0.6416666507720947 0.4437499940395355 0.65625 0.4468750059604645 0.6416666507720947 0.453125 0.637499988079071 0.453125 0.59375
0 0.5625 0.6499999761581421 0.5390625 0.668749988079071 0.5375000238418579 0.6770833134651184 0.5218750238418579 0.6895833611488342 0.5375000238418579 0.71875 0.543749988079071 0.7166666388511658 0.578125 0.6854166388511658 0.5765625238418579 0.675000011920929
0 0.535937488079071 0.5833333134651184 0.5328124761581421 0.6083333492279053 0.518750011920929 0.6083333492279053 0.515625 0.6187499761581421 0.526562511920929 0.6458333134651184 0.5328124761581421 0.6541666388511658 0.5406249761581421 0.6520833373069763 0.5562499761581421 0.6000000238418579 0.5546875 0.5916666388511658
0 0.47968751192092896 0.574999988079071 0.4593749940395355 0.5916666388511658 0.4593749940395355 0.6000000238418579 0.48124998807907104 0.6479166746139526 0.48750001192092896 0.6499999761581421 0.4859375059604645 0.6354166865348816 0.5062500238418579 0.6187499761581421 0.4984374940395355 0.6041666865348816 0.48124998807907104 0.5979166626930237 0.4828124940395355 0.574999988079071
0 0.5718749761581421 0.5354166626930237 0.5562499761581421 0.5916666388511658 0.557812511920929 0.6000000238418579 0.5765625238418579 0.6104166507720947 0.582812488079071 0.6104166507720947 0.590624988079071 0.5833333134651184 0.5953124761581421 0.5770833492279053 0.6000000238418579 0.550000011920929