0 0.43281251192092896 0.6083333492279053 0.4312500059604645 0.675000011920929 0.4593749940395355 0.6770833134651184 0.4625000059604645 0.6729166507720947 0.4625000059604645 0.6104166507720947
0 0.629687488079071 0.5604166388511658 0.620312511920929 0.5666666626930237 0.5921875238418579 0.6000000238418579 0.5921875238418579 0.606249988079071 0.609375 0.6333333253860474 0.6187499761581421 0.6270833611488342 0.6468750238418579 0.59375 0.645312488079071 0.5833333134651184
0 0.6312500238418579 0.49166667461395264 0.6109374761581421 0.5083333253860474 0.6109374761581421 0.5166666507720947 0.629687488079071 0.5583333373069763 0.635937511920929 0.5666666626930237 0.6390625238418579 0.5666666626930237 0.660937488079071 0.5479166507720947 0.660937488079071 0.543749988079071 0.635937511920929 0.49166667461395264
0 0.4984374940395355 0.550000011920929 0.49531251192092896 0.550000011920929 0.45781248807907104 0.5854166746139526 0.47343748807907104 0.6187499761581421 0.47968751192092896 0.6166666746139526 0.5140625238418579 0.5854166746139526 0.512499988079071 0.574999988079071
0 0.6468750238418579 0.5979166626930237 0.6421874761581421 0.6000000238418579 0.621874988079071 0.625 0.635937511920929 0.6625000238418579 0.6625000238418579 0.6458333134651184
0 0.5640624761581421 0.543749988079071 0.5625 0.6104166507720947 0.590624988079071 0.612500011920929 0.590624988079071 0.6000000238418579 0.59375 0.5958333611488342 0.59375 0.5458333492279053
0 0.590624988079071 0.6645833253860474 0.5859375 0.6979166865348816 0.5874999761581421 0.7041666507720947 0.635937511920929 0.7124999761581421 0.6390625238418579 0.6895833611488342 0.637499988079071 0.6708333492279053
0 0.49531251192092896 0.46875 0.48906248807907104 0.46875 0.46875 0.4833333194255829 0.46875 0.49166667461395264 0.48906248807907104 0.543749988079071 0.515625 0.5270833373069763
0 0.5390625 0.6208333373069763 0.5234375 0.6708333492279053 0.5218750238418579 0.6833333373069763 0.5390625 0.6937500238418579 0.550000011920929 0.6958333253860474 0.557812511920929 0.668749988079071 0.5625 0.6625000238418579 0.567187488079071 0.6354166865348816
0 0.6625000238418579 0.637499988079071 0.6640625 0.6458333134651184 0.660937488079071 0.6499999761581421 0.6328125 0.668749988079071 0.637499988079071 0.668749988079071 0.640625 0.6729166507720947 0.6390625238418579 0.7041666507720947 0.6421874761581421 0.7104166746139526 0.651562511920929 0.7041666507720947 0.6796875 0.6708333492279053 0.6781250238418579 0.6604166626930237
0 0.4156250059604645 0.675000011920929 0.41093748807907104 0.699999988079071 0.41093748807907104 0.7145833373069763 0.4593749940395355 0.7250000238418579 0.46406251192092896 0.6854166388511658 0.4203124940395355 0.6729166507720947