0 0.6546875238418579 0.5 0.645312488079071 0.5062500238418579 0.6171875 0.5395833253860474 0.6171875 0.5458333492279053 0.6343749761581421 0.5729166865348816 0.643750011920929 0.5666666626930237 0.671875 0.5333333611488342 0.6703125238418579 0.5229166746139526
0 0.41874998807907104 0.6416666507720947 0.40312498807907104 0.6916666626930237 0.40156251192092896 0.7041666507720947 0.41874998807907104 0.7145833373069763 0.4296875 0.7166666388511658 0.4375 0.6895833611488342 0.44218748807907104 0.6833333373069763 0.4468750059604645 0.65625
0 0.4140625 0.5083333253860474 0.4124999940395355 0.574999988079071 0.44062501192092896 0.5770833492279053 0.4437499940395355 0.5729166865348816 0.4437499940395355 0.5104166865348816
0 0.6234375238418579 0.5708333253860474 0.621874988079071 0.637499988079071 0.6499999761581421 0.6395833492279053 0.653124988079071 0.6354166865348816 0.653124988079071 0.5729166865348816 0.640625 0.5708333253860474 0.6343749761581421 0.574999988079071 0.6312500238418579 0.5708333253860474
0 0.6078125238418579 0.5354166626930237 0.5921875238418579 0.5854166746139526 0.590624988079071 0.5979166626930237 0.6078125238418579 0.6083333492279053 0.6187499761581421 0.6104166507720947 0.620312511920929 0.5729166865348816 0.6234375238418579 0.5687500238418579 0.6312500238418579 0.5687500238418579 0.6156250238418579 0.5458333492279053 0.6156250238418579 0.5375000238418579
0 0.5093749761581421 0.5458333492279053 0.504687488079071 0.5708333253860474 0.504687488079071 0.5854166746139526 0.5531250238418579 0.5958333611488342 0.557812511920929 0.5562499761581421 0.5140625238418579 0.543749988079071
0 0.5062500238418579 0.4937500059604645 0.5015624761581421 0.5270833373069763 0.503125011920929 0.5333333611488342 0.551562488079071 0.5416666865348816 0.5546875 0.518750011920929 0.5531250238418579 0.5
0 0.4468750059604645 0.6270833611488342 0.4453125 0.6520833373069763 0.44843751192092896 0.65625 0.44843751192092896 0.6625000238418579 0.4453125 0.668749988079071 0.4453125 0.6937500238418579 0.47343748807907104 0.6958333253860474 0.4765625 0.6916666626930237 0.4765625 0.6291666626930237
0 0.42500001192092896 0.4833333194255829 0.421875 0.5062500238418579 0.4437499940395355 0.5083333253860474 0.4453125 0.5270833373069763 0.4703125059604645 0.53125 0.47343748807907104 0.5083333253860474 0.47187501192092896 0.4895833432674408
0 0.606249988079071 0.65625 0.6031249761581421 0.65625 0.565625011920929 0.6916666626930237 0.581250011920929 0.7250000238418579 0.5874999761581421 0.7229166626930237 0.621874988079071 0.6916666626930237 0.620312511920929 0.6812499761581421
0 0.49687498807907104 0.5791666507720947 0.4937500059604645 0.5791666507720947 0.45625001192092896 0.6145833134651184 0.4593749940395355 0.625 0.4781250059604645 0.6291666626930237 0.4781250059604645 0.6458333134651184 0.512499988079071 0.6145833134651184 0.510937511920929 0.6041666865348816
0 0.4921875 0.53125 0.48906248807907104 0.53125 0.4515624940395355 0.5666666626930237 0.4515624940395355 0.5708333253860474 0.4671874940395355 0.6000000238418579 0.4703125059604645 0.6000000238418579 0.504687488079071 0.5687500238418579 0.5062500238418579 0.5562499761581421
0 0.5093749761581421 0.6395833492279053 0.504687488079071 0.6645833253860474 0.504687488079071 0.6791666746139526 0.5531250238418579 0.6895833611488342 0.557812511920929 0.6499999761581421 0.5140625238418579 0.637499988079071
0 0.628125011920929 0.4895833432674408 0.596875011920929 0.4895833432674408 0.596875011920929 0.5541666746139526 0.6000000238418579 0.5562499761581421 0.6078125238418579 0.5333333611488342 0.6171875 0.5375000238418579 0.628125011920929 0.5249999761581421
0 0.4124999940395355 0.5791666507720947 0.41093748807907104 0.6458333134651184 0.4156250059604645 0.6479166746139526 0.4156250059604645 0.643750011920929 0.421875 0.6395833492279053 0.4390625059604645 0.6479166746139526 0.44218748807907104 0.643750011920929 0.44218748807907104 0.581250011920929
0 0.581250011920929 0.5854166746139526 0.574999988079071 0.5854166746139526 0.5546875 0.6000000238418579 0.5546875 0.6083333492279053 0.574999988079071 0.6604166626930237 0.6015625 0.643750011920929