0 0.559374988079071 0.5666666626930237 0.5562499761581421 0.5666666626930237 0.518750011920929 0.6020833253860474 0.534375011920929 0.6354166865348816 0.5406249761581421 0.6333333253860474 0.574999988079071 0.6020833253860474 0.573437511920929 0.5916666388511658
0 0.5625 0.6395833492279053 0.546875 0.6895833611488342 0.5453125238418579 0.7020833492279053 0.5625 0.7124999761581421 0.573437511920929 0.7145833373069763 0.581250011920929 0.6875 0.5859375 0.6812499761581421 0.590624988079071 0.6541666388511658
0 0.512499988079071 0.6354166865348816 0.49687498807907104 0.6854166388511658 0.49531251192092896 0.6979166865348816 0.512499988079071 0.7083333134651184 0.5234375 0.7104166746139526 0.53125 0.6833333373069763 0.535937488079071 0.6770833134651184 0.5406249761581421 0.6499999761581421
0 0.6156250238418579 0.6083333492279053 0.609375 0.6083333492279053 0.589062511920929 0.6229166388511658 0.589062511920929 0.6312500238418579 0.609375 0.6833333373069763 0.635937511920929 0.6666666865348816
0 0.543749988079071 0.5270833373069763 0.534375011920929 0.5333333611488342 0.5062500238418579 0.5666666626930237 0.5062500238418579 0.5729166865348816 0.5218750238418579 0.5958333611488342 0.5609375238418579 0.5604166388511658 0.559374988079071 0.550000011920929
0 0.581250011920929 0.5270833373069763 0.5796874761581421 0.59375 0.6078125238418579 0.5958333611488342 0.6109374761581421 0.5916666388511658 0.6109374761581421 0.5291666388511658
0 0.659375011920929 0.581250011920929 0.653124988079071 0.581250011920929 0.6328125 0.5958333611488342 0.6328125 0.6041666865348816 0.653124988079071 0.65625 0.6796875 0.6395833492279053
0 0.612500011920929 0.48750001192092896 0.612500011920929 0.5541666746139526 0.6390625238418579 0.5562499761581421 0.6421874761581421 0.5520833134651184 0.6421874761581421 0.4895833432674408
0 0.4234375059604645 0.5291666388511658 0.4078125059604645 0.5791666507720947 0.40625 0.5916666388511658 0.4234375059604645 0.6020833253860474 0.43437498807907104 0.6041666865348816 0.44218748807907104 0.5770833492279053 0.4468750059604645 0.5708333253860474 0.4515624940395355 0.543749988079071
0 0.43437498807907104 0.6312500238418579 0.4312500059604645 0.6312500238418579 0.39375001192092896 0.6666666865348816 0.40937501192092896 0.699999988079071 0.4156250059604645 0.6979166865348816 0.44999998807907104 0.6666666865348816 0.44843751192092896 0.65625
0 0.40156251192092896 0.4791666567325592 0.4000000059604645 0.5458333492279053 0.4156250059604645 0.5479166507720947 0.4234375059604645 0.5270833373069763 0.4312500059604645 0.5291666388511658 0.4312500059604645 0.48124998807907104
0 0.48906248807907104 0.6020833253860474 0.46875 0.6187499761581421 0.46875 0.6270833611488342 0.4906249940395355 0.675000011920929 0.49687498807907104 0.6770833134651184 0.5078125 0.6479166746139526 0.5093749761581421 0.6333333253860474 0.4937500059604645 0.6020833253860474