0 0.581250011920929 0.6020833253860474 0.5796874761581421 0.668749988079071 0.6078125238418579 0.6708333492279053 0.6109374761581421 0.6666666865348816 0.6109374761581421 0.6041666865348816
0 0.4359374940395355 0.512499988079071 0.4203124940395355 0.5625 0.41874998807907104 0.574999988079071 0.4359374940395355 0.5854166746139526 0.4468750059604645 0.5874999761581421 0.4546875059604645 0.5604166388511658 0.4593749940395355 0.5541666746139526 0.46406251192092896 0.5270833373069763
0 0.643750011920929 0.4791666567325592 0.6343749761581421 0.4854166805744171 0.606249988079071 0.518750011920929 0.606249988079071 0.5249999761581421 0.6234375238418579 0.5520833134651184 0.6328125 0.5458333492279053 0.660937488079071 0.512499988079071 0.659375011920929 0.5020833611488342
0 0.5921875238418579 0.5104166865348816 0.5765625238418579 0.5604166388511658 0.574999988079071 0.5729166865348816 0.5921875238418579 0.5833333134651184 0.6031249761581421 0.5854166746139526 0.6109374761581421 0.5583333373069763 0.6156250238418579 0.5520833134651184 0.6156250238418579 0.5416666865348816 0.604687511920929 0.5249999761581421 0.606249988079071 0.5166666507720947
0 0.628125011920929 0.5520833134651184 0.625 0.5729166865348816 0.6265624761581421 0.5791666507720947 0.675000011920929 0.5874999761581421 0.6781250238418579 0.5645833611488342 0.676562488079071 0.5458333492279053 0.6390625238418579 0.5395833253860474
0 0.5609375238418579 0.5625 0.559374988079071 0.6291666626930237 0.578125 0.6312500238418579 0.578125 0.6041666865348816 0.581250011920929 0.6000000238418579 0.590624988079071 0.6000000238418579 0.590624988079071 0.5833333134651184 0.5765625238418579 0.5770833492279053 0.573437511920929 0.5729166865348816 0.574999988079071 0.5625
0 0.551562488079071 0.46875 0.5484374761581421 0.4749999940395355 0.5453125238418579 0.5104166865348816 0.5874999761581421 0.5208333134651184 0.589062511920929 0.512499988079071 0.596875011920929 0.5041666626930237 0.598437488079071 0.48124998807907104
0 0.5 0.5958333611488342 0.484375 0.6458333134651184 0.4828124940395355 0.6583333611488342 0.5 0.668749988079071 0.510937511920929 0.6708333492279053 0.518750011920929 0.643750011920929 0.5234375 0.637499988079071 0.528124988079071 0.6104166507720947
0 0.53125 0.5229166746139526 0.5218750238418579 0.5291666388511658 0.4937500059604645 0.5625 0.4937500059604645 0.5687500238418579 0.510937511920929 0.5958333611488342 0.520312488079071 0.5895833373069763 0.5484374761581421 0.5562499761581421 0.546875 0.5458333492279053
0 0.4781250059604645 0.5604166388511658 0.46875 0.5666666626930237 0.44062501192092896 0.6000000238418579 0.44062501192092896 0.606249988079071 0.45781248807907104 0.6333333253860474 0.4671874940395355 0.6270833611488342 0.49531251192092896 0.59375 0.4937500059604645 0.5833333134651184
0 0.614062488079071 0.6520833373069763 0.612500011920929 0.6666666865348816 0.6078125238418579 0.6729166507720947 0.589062511920929 0.6729166507720947 0.573437511920929 0.6875 0.589062511920929 0.7208333611488342 0.5953124761581421 0.71875 0.629687488079071 0.6875 0.628125011920929 0.6770833134651184
0 0.559374988079071 0.5562499761581421 0.550000011920929 0.5625 0.5218750238418579 0.5958333611488342 0.5218750238418579 0.6020833253860474 0.5296875238418579 0.6104166507720947 0.5296875238418579 0.6145833134651184 0.5390625 0.6291666626930237 0.542187511920929 0.6291666626930237 0.557812511920929 0.6104166507720947 0.557812511920929 0.5645833611488342 0.5625 0.5604166388511658