0 0.48124998807907104 0.6041666865348816 0.46562498807907104 0.6541666388511658 0.46406251192092896 0.6666666865348816 0.48124998807907104 0.6770833134651184 0.4921875 0.6791666746139526 0.5 0.6520833373069763 0.504687488079071 0.6458333134651184 0.5093749761581421 0.6187499761581421
0 0.6031249761581421 0.5083333253860474 0.5874999761581421 0.5583333373069763 0.5859375 0.5708333253860474 0.6031249761581421 0.581250011920929 0.614062488079071 0.5833333134651184 0.621874988079071 0.5562499761581421 0.6265624761581421 0.550000011920929 0.6312500238418579 0.5229166746139526
0 0.6468750238418579 0.5291666388511658 0.6328125 0.5270833373069763 0.628125011920929 0.5416666865348816 0.628125011920929 0.550000011920929 0.625 0.5520833134651184 0.6156250238418579 0.5833333134651184 0.6156250238418579 0.59375 0.643750011920929 0.5958333611488342 0.6468750238418579 0.5916666388511658
0 0.6015625 0.5895833373069763 0.5921875238418579 0.5958333611488342 0.5640624761581421 0.6291666626930237 0.5640624761581421 0.6354166865348816 0.581250011920929 0.6625000238418579 0.590624988079071 0.65625 0.6187499761581421 0.6229166388511658 0.6171875 0.612500011920929
0 0.573437511920929 0.5208333134651184 0.557812511920929 0.5708333253860474 0.5562499761581421 0.5833333134651184 0.573437511920929 0.59375 0.5843750238418579 0.5958333611488342 0.590624988079071 0.574999988079071 0.5843750238418579 0.5708333253860474 0.5843750238418579 0.5645833611488342 0.5953124761581421 0.53125
0 0.510937511920929 0.5666666626930237 0.4984374940395355 0.6104166507720947 0.510937511920929 0.6187499761581421 0.5078125 0.637499988079071 0.5218750238418579 0.6416666507720947 0.5296875238418579 0.6145833134651184 0.534375011920929 0.6083333492279053 0.5390625 0.581250011920929
0 0.5218750238418579 0.4833333194255829 0.515625 0.4833333194255829 0.49531251192092896 0.49791666865348816 0.49531251192092896 0.5062500238418579 0.515625 0.5583333373069763 0.542187511920929 0.5416666865348816
0 0.5687500238418579 0.4791666567325592 0.5625 0.4791666567325592 0.542187511920929 0.4937500059604645 0.542187511920929 0.5020833611488342 0.5625 0.5541666746139526 0.573437511920929 0.518750011920929 0.5859375 0.5249999761581421
0 0.40312498807907104 0.612500011920929 0.40156251192092896 0.6791666746139526 0.4296875 0.6812499761581421 0.43281251192092896 0.6770833134651184 0.43281251192092896 0.6145833134651184
0 0.542187511920929 0.543749988079071 0.5375000238418579 0.5479166507720947 0.5375000238418579 0.5770833492279053 0.5406249761581421 0.581250011920929 0.5375000238418579 0.59375 0.5375000238418579 0.6104166507720947 0.565625011920929 0.612500011920929 0.5687500238418579 0.6083333492279053 0.5687500238418579 0.5916666388511658 0.5546875 0.5833333134651184 0.5609375238418579 0.5541666746139526 0.5562499761581421 0.543749988079071
0 0.6343749761581421 0.6000000238418579 0.6328125 0.6666666865348816 0.660937488079071 0.668749988079071 0.6640625 0.6645833253860474 0.6640625 0.6020833253860474