0 0.6031249761581421 0.6312500238418579 0.596875011920929 0.6312500238418579 0.5765625238418579 0.6458333134651184 0.5765625238418579 0.6541666388511658 0.596875011920929 0.706250011920929 0.6234375238418579 0.6895833611488342
0 0.4453125 0.5520833134651184 0.44218748807907104 0.5520833134651184 0.4046874940395355 0.5874999761581421 0.4203124940395355 0.6208333373069763 0.42656248807907104 0.6187499761581421 0.4609375 0.5874999761581421 0.4593749940395355 0.5770833492279053
0 0.48750001192092896 0.4791666567325592 0.4671874940395355 0.4958333373069763 0.4671874940395355 0.5041666626930237 0.48906248807907104 0.5520833134651184 0.49531251192092896 0.5541666746139526 0.5171874761581421 0.5354166626930237 0.5171874761581421 0.53125 0.4921875 0.4791666567325592
0 0.6265624761581421 0.612500011920929 0.609375 0.5854166746139526 0.606249988079071 0.5854166746139526 0.5718749761581421 0.625 0.5718749761581421 0.6312500238418579 0.5796874761581421 0.6416666507720947 0.596875011920929 0.6291666626930237 0.6031249761581421 0.6291666626930237 0.6078125238418579 0.6395833492279053 0.6265624761581421 0.6187499761581421
0 0.45625001192092896 0.5666666626930237 0.4625000059604645 0.5874999761581421 0.44999998807907104 0.5979166626930237 0.44999998807907104 0.6083333492279053 0.4984374940395355 0.6187499761581421 0.503125011920929 0.5791666507720947
0 0.45625001192092896 0.6520833373069763 0.44062501192092896 0.7020833492279053 0.4390625059604645 0.7145833373069763 0.45625001192092896 0.7250000238418579 0.4671874940395355 0.7270833253860474 0.4749999940395355 0.699999988079071 0.47968751192092896 0.6937500238418579 0.484375 0.6666666865348816
0 0.574999988079071 0.4729166626930237 0.559374988079071 0.5229166746139526 0.557812511920929 0.5354166626930237 0.574999988079071 0.5458333492279053 0.5859375 0.5479166507720947 0.59375 0.5208333134651184 0.598437488079071 0.5145833492279053 0.6031249761581421 0.48750001192092896
0 0.5562499761581421 0.53125 0.520312488079071 0.5708333253860474 0.520312488079071 0.5770833492279053 0.5375000238418579 0.6041666865348816 0.546875 0.5979166626930237 0.574999988079071 0.5645833611488342 0.573437511920929 0.5541666746139526 0.565625011920929 0.5416666865348816 0.559374988079071 0.5395833253860474
0 0.5234375 0.5229166746139526 0.5171874761581421 0.5270833373069763 0.518750011920929 0.5354166626930237 0.49531251192092896 0.5562499761581421 0.4859375059604645 0.5541666746139526 0.4828124940395355 0.5583333373069763 0.48906248807907104 0.5729166865348816 0.504687488079071 0.5791666507720947 0.504687488079071 0.5895833373069763 0.5375000238418579 0.550000011920929
0 0.604687511920929 0.48750001192092896 0.6000000238418579 0.5145833492279053 0.596875011920929 0.5166666507720947 0.59375 0.5291666388511658 0.6390625238418579 0.5354166626930237 0.6421874761581421 0.4958333373069763
0 0.4515624940395355 0.6229166388511658 0.41093748807907104 0.6583333611488342 0.42656248807907104 0.6916666626930237 0.43281251192092896 0.6895833611488342 0.44843751192092896 0.675000011920929 0.45625001192092896 0.6499999761581421 0.4671874940395355 0.6541666388511658