0 0.5406249761581421 0.59375 0.534375011920929 0.59375 0.5140625238418579 0.6083333492279053 0.5140625238418579 0.6166666746139526 0.534375011920929 0.668749988079071 0.5609375238418579 0.6520833373069763
0 0.5140625238418579 0.6229166388511658 0.49531251192092896 0.6354166865348816 0.4937500059604645 0.6458333134651184 0.510937511920929 0.6937500238418579 0.5171874761581421 0.6979166865348816 0.5390625 0.6833333373069763 0.5406249761581421 0.6770833134651184 0.5296875238418579 0.6645833253860474
0 0.628125011920929 0.6729166507720947 0.6234375238418579 0.6979166865348816 0.6234375238418579 0.7124999761581421 0.671875 0.7229166626930237 0.676562488079071 0.6833333373069763 0.6328125 0.6708333492279053
0 0.609375 0.606249988079071 0.6000000238418579 0.612500011920929 0.5718749761581421 0.6458333134651184 0.5718749761581421 0.6520833373069763 0.589062511920929 0.6791666746139526 0.598437488079071 0.6729166507720947 0.6265624761581421 0.6395833492279053 0.625 0.6291666626930237
0 0.637499988079071 0.4833333194255829 0.635937511920929 0.550000011920929 0.6640625 0.5520833134651184 0.667187511920929 0.5479166507720947 0.667187511920929 0.4854166805744171
0 0.43281251192092896 0.5625 0.4234375059604645 0.5687500238418579 0.39531248807907104 0.6020833253860474 0.39531248807907104 0.6083333492279053 0.4124999940395355 0.6354166865348816 0.421875 0.6291666626930237 0.44999998807907104 0.5958333611488342 0.44843751192092896 0.5854166746139526
0 0.484375 0.5270833373069763 0.48124998807907104 0.5270833373069763 0.4437499940395355 0.5625 0.4593749940395355 0.5958333611488342 0.46562498807907104 0.59375 0.5 0.5625 0.4984374940395355 0.5520833134651184
0 0.6031249761581421 0.5666666626930237 0.6000000238418579 0.5666666626930237 0.5625 0.6020833253860474 0.578125 0.6354166865348816 0.606249988079071 0.6041666865348816 0.614062488079071 0.606249988079071 0.6187499761581421 0.6020833253860474 0.6171875 0.5916666388511658
0 0.4390625059604645 0.4729166626930237 0.4359374940395355 0.4729166626930237 0.3984375 0.5083333253860474 0.4140625 0.5416666865348816 0.4203124940395355 0.5395833253860474 0.4546875059604645 0.5083333253860474 0.453125 0.49791666865348816
0 0.625 0.6270833611488342 0.628125011920929 0.6395833492279053 0.6187499761581421 0.6499999761581421 0.6171875 0.668749988079071 0.6328125 0.668749988079071 0.6656249761581421 0.6770833134651184 0.6703125238418579 0.6395833492279053
0 0.41874998807907104 0.637499988079071 0.40312498807907104 0.6875 0.40156251192092896 0.699999988079071 0.41874998807907104 0.7104166746139526 0.4296875 0.7124999761581421 0.4375 0.6854166388511658 0.44218748807907104 0.6791666746139526 0.4468750059604645 0.6520833373069763
0 0.5640624761581421 0.4833333194255829 0.5625 0.550000011920929 0.590624988079071 0.5520833134651184 0.59375 0.5479166507720947 0.59375 0.4854166805744171
0 0.667187511920929 0.550000011920929 0.6640625 0.5541666746139526 0.635937511920929 0.5520833134651184 0.635937511920929 0.606249988079071 0.6640625 0.6083333492279053 0.667187511920929 0.6041666865348816
0 0.5296875238418579 0.5375000238418579 0.5249999761581421 0.5708333253860474 0.526562511920929 0.5770833492279053 0.574999988079071 0.5854166746139526 0.578125 0.5541666746139526 0.5625 0.5520833134651184 0.5609375238418579 0.5416666865348816
0 0.5453125238418579 0.4791666567325592 0.542187511920929 0.4791666567325592 0.504687488079071 0.5145833492279053 0.520312488079071 0.5479166507720947 0.526562511920929 0.5458333492279053 0.5296875238418579 0.5354166626930237 0.5375000238418579 0.5354166626930237 0.5609375238418579 0.5145833492279053 0.559374988079071 0.5041666626930237