0 0.47187501192092896 0.6499999761581421 0.47187501192092896 0.6625000238418579 0.4671874940395355 0.6833333373069763 0.4765625 0.6833333373069763 0.4828124940395355 0.6875 0.503125011920929 0.6875 0.504687488079071 0.6916666626930237 0.5171874761581421 0.6875 0.5171874761581421 0.6812499761581421 0.512499988079071 0.6770833134651184 0.510937511920929 0.6708333492279053 0.5015624761581421 0.6729166507720947 0.5 0.6645833253860474
0 0.504687488079071 0.6312500238418579 0.503125011920929 0.6479166746139526 0.5078125 0.6499999761581421 0.5062500238418579 0.6708333492279053 0.510937511920929 0.668749988079071 0.518750011920929 0.6812499761581421 0.518750011920929 0.6875 0.510937511920929 0.6916666626930237 0.510937511920929 0.6979166865348816 0.515625 0.6979166865348816 0.5171874761581421 0.6937500238418579 0.5296875238418579 0.6875 0.535937488079071 0.6875 0.53125 0.6708333492279053 0.528124988079071 0.668749988079071 0.528124988079071 0.6625000238418579 0.515625 0.643750011920929 0.515625 0.637499988079071 0.5093749761581421 0.6312500238418579
0 0.4281249940395355 0.6354166865348816 0.4281249940395355 0.6395833492279053 0.4453125 0.6625000238418579 0.453125 0.6666666865348816 0.4546875059604645 0.6770833134651184 0.46562498807907104 0.6791666746139526 0.4671874940395355 0.6625000238418579 0.4609375 0.6583333611488342 0.4609375 0.643750011920929 0.45781248807907104 0.6416666507720947 0.45781248807907104 0.6354166865348816 0.4546875059604645 0.6333333253860474 0.4515624940395355 0.6187499761581421 0.4437499940395355 0.6208333373069763
0 0.589062511920929 0.637499988079071 0.589062511920929 0.6416666507720947 0.606249988079071 0.6645833253860474 0.614062488079071 0.668749988079071 0.6156250238418579 0.6791666746139526 0.6265624761581421 0.6812499761581421 0.628125011920929 0.6645833253860474 0.621874988079071 0.6604166626930237 0.621874988079071 0.6458333134651184 0.6187499761581421 0.643750011920929 0.6187499761581421 0.637499988079071 0.6156250238418579 0.6354166865348816 0.612500011920929 0.6208333373069763 0.604687511920929 0.6229166388511658
0 0.628125011920929 0.5249999761581421 0.6343749761581421 0.5416666865348816 0.643750011920929 0.5416666865348816 0.651562511920929 0.550000011920929 0.667187511920929 0.5541666746139526 0.6703125238418579 0.5583333373069763 0.676562488079071 0.5562499761581421 0.676562488079071 0.5333333611488342 0.6796875 0.53125 0.6796875 0.5229166746139526 0.653124988079071 0.5208333134651184 0.643750011920929 0.5249999761581421 0.635937511920929 0.5208333134651184 0.6328125 0.5249999761581421
0 0.3984375 0.581250011920929 0.3984375 0.59375 0.39375001192092896 0.6145833134651184 0.40312498807907104 0.6145833134651184 0.40937501192092896 0.6187499761581421 0.4296875 0.6187499761581421 0.4312500059604645 0.6229166388511658 0.4437499940395355 0.6187499761581421 0.4437499940395355 0.612500011920929 0.4390625059604645 0.6083333492279053 0.4375 0.6020833253860474 0.4281249940395355 0.6041666865348816 0.42656248807907104 0.5958333611488342
0 0.47343748807907104 0.47708332538604736 0.4749999940395355 0.49166667461395264 0.484375 0.49166667461395264 0.49531251192092896 0.5020833611488342 0.5062500238418579 0.5041666626930237 0.512499988079071 0.5104166865348816 0.515625 0.5104166865348816 0.515625 0.49791666865348816 0.518750011920929 0.4958333373069763 0.518750011920929 0.4749999940395355 0.4906249940395355 0.4749999940395355 0.4828124940395355 0.4791666567325592 0.48124998807907104 0.4729166626930237 0.4781250059604645 0.4729166626930237
0 0.6328125 0.5791666507720947 0.6343749761581421 0.59375 0.643750011920929 0.59375 0.6546875238418579 0.6041666865348816 0.6656249761581421 0.606249988079071 0.671875 0.612500011920929 0.675000011920929 0.612500011920929 0.675000011920929 0.6000000238418579 0.6781250238418579 0.5979166626930237 0.6781250238418579 0.5770833492279053 0.6499999761581421 0.5770833492279053 0.6421874761581421 0.581250011920929 0.640625 0.574999988079071 0.637499988079071 0.574999988079071
0 0.4453125 0.4833333194255829 0.44062501192092896 0.48124998807907104 0.4312500059604645 0.4833333194255829 0.4312500059604645 0.49166667461395264 0.421875 0.4958333373069763 0.40625 0.518750011920929 0.40625 0.5229166746139526 0.41093748807907104 0.5291666388511658 0.4140625 0.5291666388511658 0.4203124940395355 0.5416666865348816 0.4234375059604645 0.5416666865348816 0.4234375059604645 0.5375000238418579 0.4359374940395355 0.5166666507720947 0.4359374940395355 0.5083333253860474 0.4390625059604645 0.5 0.4453125 0.49791666865348816
0 0.6499999761581421 0.48124998807907104 0.645312488079071 0.4791666567325592 0.635937511920929 0.48124998807907104 0.635937511920929 0.4895833432674408 0.6265624761581421 0.4937500059604645 0.6109374761581421 0.5166666507720947 0.6109374761581421 0.5208333134651184 0.6156250238418579 0.5270833373069763 0.6187499761581421 0.5270833373069763 0.625 0.5395833253860474 0.628125011920929 0.5395833253860474 0.629687488079071 0.5333333611488342 0.6265624761581421 0.5249999761581421 0.637499988079071 0.518750011920929 0.640625 0.5145833492279053 0.643750011920929 0.49791666865348816 0.6499999761581421 0.4958333373069763
0 0.6171875 0.6229166388511658 0.6171875 0.6354166865348816 0.628125011920929 0.637499988079071 0.6390625238418579 0.6479166746139526 0.6499999761581421 0.6499999761581421 0.65625 0.65625 0.659375011920929 0.65625 0.659375011920929 0.643750011920929 0.6625000238418579 0.6416666507720947 0.6625000238418579 0.6208333373069763 0.6343749761581421 0.6208333373069763 0.6265624761581421 0.625 0.625 0.6187499761581421 0.621874988079071 0.6187499761581421
0 0.6812499761581421 0.6187499761581421 0.667187511920929 0.6187499761581421 0.667187511920929 0.6270833611488342 0.6640625 0.6291666626930237 0.6640625 0.6416666507720947 0.660937488079071 0.643750011920929 0.659375011920929 0.6583333611488342 0.6499999761581421 0.6520833373069763 0.6421874761581421 0.6541666388511658 0.6421874761581421 0.6583333611488342 0.6468750238418579 0.6645833253860474 0.6499999761581421 0.6645833253860474 0.65625 0.6770833134651184 0.659375011920929 0.6770833134651184 0.659375011920929 0.6729166507720947 0.671875 0.6520833373069763 0.675000011920929 0.6354166865348816 0.6812499761581421 0.6333333253860474
0 0.5234375 0.6520833373069763 0.5375000238418579 0.6833333373069763 0.535937488079071 0.6895833611488342 0.526562511920929 0.6916666626930237 0.5296875238418579 0.71875 0.534375011920929 0.71875 0.535937488079071 0.7145833373069763 0.5406249761581421 0.7145833373069763 0.5484374761581421 0.7083333134651184 0.5546875 0.7083333134651184 0.5531250238418579 0.699999988079071 0.550000011920929 0.6979166865348816 0.550000011920929 0.6916666626930237 0.546875 0.6895833611488342 0.546875 0.6833333373069763 0.534375011920929 0.6645833253860474 0.534375011920929 0.6583333611488342 0.528124988079071 0.6520833373069763
0 0.640625 0.6499999761581421 0.6265624761581421 0.6458333134651184 0.6265624761581421 0.6541666388511658 0.6234375238418579 0.65625 0.6234375238418579 0.6604166626930237 0.629687488079071 0.6645833253860474 0.6265624761581421 0.6833333373069763 0.6156250238418579 0.6812499761581421 0.612500011920929 0.6770833134651184 0.612500011920929 0.668749988079071 0.6078125238418579 0.6708333492279053 0.6078125238418579 0.675000011920929 0.6015625 0.6812499761581421 0.6015625 0.6854166388511658 0.609375 0.6916666626930237 0.6156250238418579 0.7041666507720947 0.6187499761581421 0.7041666507720947 0.6312500238418579 0.6791666746139526 0.6343749761581421 0.6625000238418579 0.640625 0.6604166626930237