0 0.4859375059604645 0.5979166626930237 0.4625000059604645 0.612500011920929 0.4625000059604645 0.6187499761581421 0.4781250059604645 0.65625 0.4828124940395355 0.65625 0.503125011920929 0.6416666507720947 0.4984374940395355 0.625
0 0.535937488079071 0.6395833492279053 0.512499988079071 0.6541666388511658 0.512499988079071 0.6604166626930237 0.528124988079071 0.6979166865348816 0.5328124761581421 0.6979166865348816 0.5531250238418579 0.6833333373069763 0.5484374761581421 0.6666666865348816
0 0.46875 0.4937500059604645 0.46875 0.53125 0.5062500238418579 0.53125 0.5062500238418579 0.4937500059604645
0 0.573437511920929 0.5270833373069763 0.559374988079071 0.5541666746139526 0.559374988079071 0.5604166388511658 0.5874999761581421 0.5854166746139526 0.590624988079071 0.5854166746139526 0.6031249761581421 0.5604166388511658 0.6031249761581421 0.5520833134651184 0.5765625238418579 0.5270833373069763
0 0.620312511920929 0.6520833373069763 0.596875011920929 0.6666666865348816 0.596875011920929 0.6729166507720947 0.612500011920929 0.7104166746139526 0.6171875 0.7104166746139526 0.637499988079071 0.6958333253860474 0.6328125 0.6791666746139526
0 0.4281249940395355 0.668749988079071 0.4140625 0.6958333253860474 0.4140625 0.7020833492279053 0.44218748807907104 0.7270833253860474 0.4453125 0.7270833253860474 0.45781248807907104 0.7020833492279053 0.45781248807907104 0.6937500238418579 0.4312500059604645 0.668749988079071
0 0.4515624940395355 0.4833333194255829 0.4468750059604645 0.4833333194255829 0.4203124940395355 0.5062500238418579 0.4234375059604645 0.5270833373069763 0.43281251192092896 0.5395833253860474 0.4390625059604645 0.5375000238418579 0.46406251192092896 0.5145833492279053 0.4625000059604645 0.5041666626930237
0 0.567187488079071 0.625 0.5625 0.625 0.5406249761581421 0.643750011920929 0.5546875 0.6791666746139526 0.5796874761581421 0.65625 0.578125 0.6458333134651184
0 0.629687488079071 0.5270833373069763 0.6015625 0.53125 0.606249988079071 0.581250011920929 0.6343749761581421 0.574999988079071
0 0.4375 0.5520833134651184 0.4312500059604645 0.5520833134651184 0.40312498807907104 0.5666666626930237 0.40312498807907104 0.5770833492279053 0.41093748807907104 0.6020833253860474 0.4156250059604645 0.6020833253860474 0.4453125 0.5854166746139526 0.4453125 0.5791666507720947
0 0.565625011920929 0.5979166626930237 0.551562488079071 0.625 0.551562488079071 0.6312500238418579 0.5625 0.6229166388511658 0.567187488079071 0.6229166388511658 0.5796874761581421 0.6458333134651184 0.582812488079071 0.65625 0.5953124761581421 0.6312500238418579 0.5953124761581421 0.6229166388511658 0.5687500238418579 0.5979166626930237
0 0.621874988079071 0.6270833611488342 0.6078125238418579 0.6499999761581421 0.6078125238418579 0.65625 0.620312511920929 0.6499999761581421 0.635937511920929 0.6833333373069763 0.6499999761581421 0.6625000238418579 0.6499999761581421 0.6541666388511658 0.6265624761581421 0.6270833611488342
0 0.6703125238418579 0.5208333134651184 0.6640625 0.5208333134651184 0.635937511920929 0.5354166626930237 0.635937511920929 0.5458333492279053 0.643750011920929 0.5708333253860474 0.6484375 0.5708333253860474 0.6781250238418579 0.5541666746139526 0.6781250238418579 0.5479166507720947
0 0.41874998807907104 0.5104166865348816 0.39531248807907104 0.5145833492279053 0.4000000059604645 0.5645833611488342 0.4046874940395355 0.5645833611488342 0.4281249940395355 0.5520833134651184 0.42656248807907104 0.550000011920929 0.42656248807907104 0.5333333611488342 0.421875 0.5270833373069763
0 0.534375011920929 0.5479166507720947 0.520312488079071 0.574999988079071 0.520312488079071 0.581250011920929 0.5484374761581421 0.606249988079071 0.551562488079071 0.606249988079071 0.5640624761581421 0.581250011920929 0.5640624761581421 0.5729166865348816 0.5375000238418579 0.5479166507720947