0 0.41093748807907104 0.6229166388511658 0.39531248807907104 0.6541666388511658 0.39375001192092896 0.6645833253860474 0.40937501192092896 0.6791666746139526 0.41718751192092896 0.6812499761581421 0.43281251192092896 0.6499999761581421 0.43437498807907104 0.6395833492279053 0.41718751192092896 0.6229166388511658
0 0.4375 0.4791666567325592 0.40937501192092896 0.4833333194255829 0.4140625 0.5333333611488342 0.44218748807907104 0.5270833373069763
0 0.534375011920929 0.48124998807907104 0.520312488079071 0.5083333253860474 0.520312488079071 0.5145833492279053 0.5484374761581421 0.5395833253860474 0.551562488079071 0.5395833253860474 0.5640624761581421 0.5145833492279053 0.5640624761581421 0.5062500238418579 0.5375000238418579 0.48124998807907104
0 0.4468750059604645 0.5583333373069763 0.4468750059604645 0.5958333611488342 0.484375 0.5958333611488342 0.484375 0.5583333373069763
0 0.4234375059604645 0.6708333492279053 0.40625 0.7020833492279053 0.4046874940395355 0.7124999761581421 0.4203124940395355 0.7270833253860474 0.4281249940395355 0.7291666865348816 0.4437499940395355 0.6979166865348816 0.4453125 0.6875 0.4281249940395355 0.6708333492279053
0 0.659375011920929 0.5083333253860474 0.653124988079071 0.5083333253860474 0.625 0.5229166746139526 0.625 0.5333333611488342 0.6328125 0.5583333373069763 0.637499988079071 0.5583333373069763 0.667187511920929 0.5416666865348816 0.667187511920929 0.5354166626930237
0 0.45625001192092896 0.518750011920929 0.4437499940395355 0.5249999761581421 0.44062501192092896 0.53125 0.43281251192092896 0.5333333611488342 0.43281251192092896 0.5395833253860474 0.4453125 0.5708333253860474 0.4468750059604645 0.5562499761581421 0.47187501192092896 0.5562499761581421
0 0.5859375 0.5104166865348816 0.5703125 0.5416666865348816 0.5687500238418579 0.5520833134651184 0.5843750238418579 0.5666666626930237 0.5921875238418579 0.5687500238418579 0.6078125238418579 0.5375000238418579 0.609375 0.5270833373069763 0.5921875238418579 0.5104166865348816
0 0.606249988079071 0.6020833253860474 0.578125 0.606249988079071 0.582812488079071 0.65625 0.6109374761581421 0.6499999761581421
0 0.4046874940395355 0.6020833253860474 0.4046874940395355 0.6083333492279053 0.41093748807907104 0.6208333373069763 0.41718751192092896 0.6208333373069763 0.43437498807907104 0.637499988079071 0.4453125 0.6312500238418579 0.44062501192092896 0.6145833134651184 0.4281249940395355 0.5874999761581421 0.42500001192092896 0.5874999761581421
0 0.629687488079071 0.5645833611488342 0.6156250238418579 0.5874999761581421 0.6156250238418579 0.59375 0.635937511920929 0.6166666746139526 0.643750011920929 0.6208333373069763 0.6578124761581421 0.6000000238418579 0.6578124761581421 0.5916666388511658 0.6343749761581421 0.5645833611488342
0 0.6328125 0.675000011920929 0.6265624761581421 0.675000011920929 0.598437488079071 0.6895833611488342 0.598437488079071 0.699999988079071 0.606249988079071 0.7250000238418579 0.6109374761581421 0.7250000238418579 0.640625 0.7083333134651184 0.640625 0.7020833492279053