0 0.43281251192092896 0.5666666626930237 0.4281249940395355 0.5666666626930237 0.40156251192092896 0.5895833373069763 0.4046874940395355 0.6104166507720947 0.4140625 0.6229166388511658 0.4203124940395355 0.6208333373069763 0.4453125 0.5979166626930237 0.4437499940395355 0.5874999761581421
0 0.5562499761581421 0.6291666626930237 0.550000011920929 0.6291666626930237 0.5218750238418579 0.643750011920929 0.5218750238418579 0.6541666388511658 0.5296875238418579 0.6791666746139526 0.534375011920929 0.6791666746139526 0.5640624761581421 0.6625000238418579 0.5640624761581421 0.65625
0 0.6328125 0.4854166805744171 0.6328125 0.5229166746139526 0.6703125238418579 0.5229166746139526 0.6703125238418579 0.4854166805744171
0 0.48906248807907104 0.6270833611488342 0.48906248807907104 0.6645833253860474 0.5234375 0.6645833253860474 0.520312488079071 0.6541666388511658 0.520312488079071 0.643750011920929 0.526562511920929 0.6395833492279053 0.526562511920929 0.6270833611488342
0 0.510937511920929 0.4729166626930237 0.48750001192092896 0.48750001192092896 0.48750001192092896 0.4937500059604645 0.503125011920929 0.53125 0.5078125 0.53125 0.528124988079071 0.5166666507720947 0.5234375 0.5
0 0.567187488079071 0.6708333492279053 0.551562488079071 0.7020833492279053 0.550000011920929 0.7124999761581421 0.565625011920929 0.7270833253860474 0.573437511920929 0.7291666865348816 0.589062511920929 0.6979166865348816 0.590624988079071 0.6875 0.573437511920929 0.6708333492279053
0 0.6031249761581421 0.6541666388511658 0.598437488079071 0.6541666388511658 0.5765625238418579 0.6729166507720947 0.5921875238418579 0.6875 0.5921875238418579 0.6937500238418579 0.5843750238418579 0.7104166746139526 0.590624988079071 0.7083333134651184 0.6156250238418579 0.6854166388511658 0.614062488079071 0.675000011920929
0 0.6421874761581421 0.5666666626930237 0.6187499761581421 0.581250011920929 0.6187499761581421 0.5874999761581421 0.6343749761581421 0.625 0.6390625238418579 0.625 0.659375011920929 0.6104166507720947 0.6546875238418579 0.59375
0 0.609375 0.625 0.6031249761581421 0.625 0.574999988079071 0.6395833492279053 0.574999988079071 0.6499999761581421 0.5796874761581421 0.6666666865348816 0.582812488079071 0.6666666865348816 0.598437488079071 0.6520833373069763 0.6031249761581421 0.6520833373069763 0.609375 0.6625000238418579 0.6171875 0.6583333611488342 0.6171875 0.6520833373069763
0 0.528124988079071 0.5291666388511658 0.528124988079071 0.5666666626930237 0.565625011920929 0.5666666626930237 0.565625011920929 0.5291666388511658
0 0.46406251192092896 0.4937500059604645 0.46406251192092896 0.53125 0.5015624761581421 0.53125 0.4859375059604645 0.4937500059604645