0 0.5703125 0.48750001192092896 0.542187511920929 0.49166667461395264 0.546875 0.5416666865348816 0.574999988079071 0.5354166626930237
0 0.512499988079071 0.6499999761581421 0.4984374940395355 0.6729166507720947 0.4984374940395355 0.6791666746139526 0.518750011920929 0.7020833492279053 0.526562511920929 0.706250011920929 0.5406249761581421 0.6854166388511658 0.5406249761581421 0.6770833134651184 0.5171874761581421 0.6499999761581421
0 0.48750001192092896 0.625 0.47343748807907104 0.6479166746139526 0.47343748807907104 0.6541666388511658 0.4984374940395355 0.6812499761581421 0.49687498807907104 0.6729166507720947 0.512499988079071 0.6479166746139526 0.4921875 0.625
0 0.625 0.625 0.625 0.6625000238418579 0.6625000238418579 0.6625000238418579 0.6625000238418579 0.625
0 0.4671874940395355 0.5041666626930237 0.453125 0.5270833373069763 0.453125 0.5333333611488342 0.47343748807907104 0.5562499761581421 0.48124998807907104 0.5604166388511658 0.49531251192092896 0.5395833253860474 0.49531251192092896 0.53125 0.47187501192092896 0.5041666626930237
0 0.5718749761581421 0.574999988079071 0.5562499761581421 0.606249988079071 0.5546875 0.6166666746139526 0.5703125 0.6312500238418579 0.578125 0.6333333253860474 0.59375 0.6020833253860474 0.5953124761581421 0.5916666388511658 0.578125 0.574999988079071
0 0.503125011920929 0.5666666626930237 0.48750001192092896 0.5979166626930237 0.4859375059604645 0.6083333492279053 0.5015624761581421 0.6229166388511658 0.5093749761581421 0.625 0.5249999761581421 0.59375 0.526562511920929 0.5833333134651184 0.5093749761581421 0.5666666626930237
0 0.5703125 0.6625000238418579 0.542187511920929 0.6666666865348816 0.546875 0.7166666388511658 0.574999988079071 0.7104166746139526
0 0.643750011920929 0.6645833253860474 0.625 0.6645833253860474 0.6234375238418579 0.65625 0.604687511920929 0.6729166507720947 0.6078125238418579 0.6937500238418579 0.6171875 0.706250011920929 0.6234375238418579 0.7041666507720947 0.6484375 0.6812499761581421 0.6484375 0.675000011920929
0 0.47187501192092896 0.5562499761581421 0.45625001192092896 0.5874999761581421 0.4546875059604645 0.5979166626930237 0.4703125059604645 0.612500011920929 0.4781250059604645 0.6145833134651184 0.4937500059604645 0.5833333134651184 0.49531251192092896 0.5729166865348816 0.4828124940395355 0.5604166388511658 0.4781250059604645 0.5625
0 0.5687500238418579 0.6312500238418579 0.5625 0.6312500238418579 0.534375011920929 0.6458333134651184 0.534375011920929 0.65625 0.542187511920929 0.6812499761581421 0.5406249761581421 0.675000011920929 0.542187511920929 0.6645833253860474 0.559374988079071 0.6604166626930237 0.5703125 0.6604166626930237 0.5718749761581421 0.668749988079071 0.5765625238418579 0.6645833253860474
0 0.6015625 0.5020833611488342 0.6015625 0.5395833253860474 0.6390625238418579 0.5395833253860474 0.6390625238418579 0.5020833611488342