0 0.6187499761581421 0.5104166865348816 0.5953124761581421 0.5249999761581421 0.5953124761581421 0.53125 0.6109374761581421 0.5687500238418579 0.6156250238418579 0.5687500238418579 0.635937511920929 0.5541666746139526 0.6312500238418579 0.5375000238418579
0 0.5218750238418579 0.46666666865348816 0.5218750238418579 0.5041666626930237 0.559374988079071 0.5041666626930237 0.559374988079071 0.46666666865348816
0 0.651562511920929 0.5687500238418579 0.645312488079071 0.5687500238418579 0.6171875 0.5833333134651184 0.6171875 0.59375 0.625 0.6187499761581421 0.629687488079071 0.6187499761581421 0.659375011920929 0.6020833253860474 0.659375011920929 0.5958333611488342
0 0.4453125 0.6479166746139526 0.4453125 0.6854166388511658 0.4828124940395355 0.6854166388511658 0.4828124940395355 0.6479166746139526
0 0.6390625238418579 0.512499988079071 0.629687488079071 0.53125 0.637499988079071 0.5541666746139526 0.628125011920929 0.5604166388511658 0.637499988079071 0.5687500238418579 0.643750011920929 0.5687500238418579 0.6499999761581421 0.5625 0.6625000238418579 0.5354166626930237 0.6625000238418579 0.5291666388511658 0.645312488079071 0.512499988079071
0 0.5640624761581421 0.512499988079071 0.550000011920929 0.5354166626930237 0.550000011920929 0.5416666865348816 0.5703125 0.5645833611488342 0.578125 0.5687500238418579 0.5921875238418579 0.5479166507720947 0.5921875238418579 0.5395833253860474 0.5687500238418579 0.512499988079071
0 0.4203124940395355 0.5604166388511658 0.3921875059604645 0.5645833611488342 0.3968749940395355 0.6145833134651184 0.42500001192092896 0.6083333492279053
0 0.5843750238418579 0.5625 0.578125 0.5708333253860474 0.574999988079071 0.5708333253860474 0.5687500238418579 0.5645833611488342 0.5546875 0.5916666388511658 0.5562499761581421 0.6000000238418579 0.573437511920929 0.6145833134651184 0.5796874761581421 0.612500011920929 0.5953124761581421 0.5791666507720947 0.5953124761581421 0.5729166865348816
0 0.643750011920929 0.6333333253860474 0.637499988079071 0.6333333253860474 0.609375 0.6479166746139526 0.609375 0.6583333611488342 0.6171875 0.6833333373069763 0.621874988079071 0.6833333373069763 0.651562511920929 0.6666666865348816 0.651562511920929 0.6604166626930237
0 0.4625000059604645 0.5541666746139526 0.45781248807907104 0.5541666746139526 0.4312500059604645 0.5770833492279053 0.43437498807907104 0.5979166626930237 0.4437499940395355 0.6104166507720947 0.44999998807907104 0.6083333492279053 0.4749999940395355 0.5854166746139526 0.47343748807907104 0.574999988079071
0 0.42500001192092896 0.5979166626930237 0.42656248807907104 0.6020833253860474 0.42500001192092896 0.6145833134651184 0.4375 0.643750011920929 0.44218748807907104 0.643750011920929 0.4625000059604645 0.6291666626930237 0.4546875059604645 0.606249988079071 0.4437499940395355 0.612500011920929 0.43281251192092896 0.5979166626930237 0.43281251192092896 0.5916666388511658
0 0.573437511920929 0.4749999940395355 0.5640624761581421 0.49166667461395264 0.559374988079071 0.5083333253860474 0.5687500238418579 0.5104166865348816 0.590624988079071 0.5333333611488342 0.6031249761581421 0.5083333253860474 0.6031249761581421 0.5 0.5765625238418579 0.4749999940395355