0 0.48124998807907104 0.5729166865348816 0.46562498807907104 0.6041666865348816 0.46406251192092896 0.6145833134651184 0.47968751192092896 0.6291666626930237 0.48750001192092896 0.6312500238418579 0.503125011920929 0.6000000238418579 0.504687488079071 0.5895833373069763 0.48750001192092896 0.5729166865348816
0 0.598437488079071 0.5520833134651184 0.582812488079071 0.5833333134651184 0.581250011920929 0.59375 0.596875011920929 0.6083333492279053 0.604687511920929 0.6104166507720947 0.620312511920929 0.5791666507720947 0.621874988079071 0.5687500238418579 0.604687511920929 0.5520833134651184
0 0.645312488079071 0.675000011920929 0.6171875 0.6791666746139526 0.621874988079071 0.7291666865348816 0.6499999761581421 0.7229166626930237
0 0.45781248807907104 0.4749999940395355 0.44218748807907104 0.5062500238418579 0.44062501192092896 0.5166666507720947 0.45625001192092896 0.53125 0.46406251192092896 0.5333333611488342 0.47968751192092896 0.5020833611488342 0.48124998807907104 0.49166667461395264 0.46406251192092896 0.4749999940395355
0 0.5484374761581421 0.5666666626930237 0.534375011920929 0.59375 0.534375011920929 0.6000000238418579 0.5625 0.625 0.565625011920929 0.625 0.578125 0.6000000238418579 0.578125 0.5916666388511658 0.551562488079071 0.5666666626930237
0 0.45781248807907104 0.5874999761581421 0.44218748807907104 0.6187499761581421 0.44062501192092896 0.6291666626930237 0.45625001192092896 0.643750011920929 0.46406251192092896 0.6458333134651184 0.47343748807907104 0.6270833611488342 0.47187501192092896 0.6229166388511658 0.4625000059604645 0.6145833134651184 0.4625000059604645 0.6083333492279053 0.4703125059604645 0.59375 0.46406251192092896 0.5874999761581421
0 0.5249999761581421 0.5354166626930237 0.5093749761581421 0.5666666626930237 0.5078125 0.5770833492279053 0.5234375 0.5916666388511658 0.53125 0.59375 0.546875 0.5625 0.5484374761581421 0.5520833134651184 0.53125 0.5354166626930237
0 0.46406251192092896 0.5354166626930237 0.46406251192092896 0.5625 0.5015624761581421 0.5625 0.5015624761581421 0.5249999761581421 0.4703125059604645 0.5249999761581421
0 0.4703125059604645 0.637499988079071 0.46406251192092896 0.6479166746139526 0.4593749940395355 0.6479166746139526 0.44999998807907104 0.6395833492279053 0.44218748807907104 0.643750011920929 0.44218748807907104 0.6499999761581421 0.45781248807907104 0.6875 0.4625000059604645 0.6875 0.4828124940395355 0.6729166507720947
0 0.42500001192092896 0.5666666626930237 0.40937501192092896 0.5979166626930237 0.4078125059604645 0.6083333492279053 0.4234375059604645 0.6229166388511658 0.4312500059604645 0.625 0.4468750059604645 0.59375 0.44843751192092896 0.5833333134651184 0.4312500059604645 0.5666666626930237
0 0.6031249761581421 0.612500011920929 0.6031249761581421 0.6208333373069763 0.640625 0.6208333373069763 0.640625 0.5833333134651184 0.6187499761581421 0.5833333134651184 0.6078125238418579 0.6083333492279053
0 0.5328124761581421 0.5229166746139526 0.534375011920929 0.5375000238418579 0.550000011920929 0.5520833134651184 0.550000011920929 0.5583333373069763 0.543749988079071 0.5708333253860474 0.5484374761581421 0.5645833611488342 0.5546875 0.5687500238418579 0.5640624761581421 0.5687500238418579 0.565625011920929 0.5604166388511658 0.5609375238418579 0.518750011920929
0 0.518750011920929 0.6625000238418579 0.5140625238418579 0.6625000238418579 0.48750001192092896 0.6854166388511658 0.4906249940395355 0.706250011920929 0.5 0.71875 0.5062500238418579 0.7166666388511658 0.53125 0.6937500238418579 0.5296875238418579 0.6833333373069763
0 0.534375011920929 0.4791666567325592 0.534375011920929 0.5166666507720947 0.5718749761581421 0.5166666507720947 0.5718749761581421 0.4791666567325592
0 0.4468750059604645 0.6625000238418579 0.4296875 0.6666666865348816 0.43437498807907104 0.7166666388511658 0.4625000059604645 0.7104166746139526 0.4609375 0.6895833611488342 0.45781248807907104 0.6895833611488342 0.4546875059604645 0.6854166388511658