0 0.49687498807907104 0.5520833134651184 0.4828124940395355 0.574999988079071 0.4828124940395355 0.581250011920929 0.503125011920929 0.6041666865348816 0.510937511920929 0.6083333492279053 0.5249999761581421 0.5874999761581421 0.5249999761581421 0.5791666507720947 0.5015624761581421 0.5520833134651184
0 0.6328125 0.6333333253860474 0.6187499761581421 0.6604166626930237 0.6187499761581421 0.6666666865348816 0.6468750238418579 0.6916666626930237 0.6499999761581421 0.6916666626930237 0.6625000238418579 0.6666666865348816 0.6625000238418579 0.6583333611488342 0.635937511920929 0.6333333253860474
0 0.6109374761581421 0.5958333611488342 0.596875011920929 0.6187499761581421 0.596875011920929 0.625 0.621874988079071 0.6520833373069763 0.6328125 0.6312500238418579 0.637499988079071 0.6333333253860474 0.6390625238418579 0.6312500238418579 0.6390625238418579 0.6229166388511658 0.6156250238418579 0.5958333611488342
0 0.5859375 0.4791666567325592 0.5718749761581421 0.5020833611488342 0.5718749761581421 0.5083333253860474 0.5921875238418579 0.53125 0.6000000238418579 0.5354166626930237 0.614062488079071 0.5145833492279053 0.614062488079071 0.5062500238418579 0.590624988079071 0.4791666567325592
0 0.596875011920929 0.5395833253860474 0.573437511920929 0.5541666746139526 0.573437511920929 0.5604166388511658 0.589062511920929 0.5979166626930237 0.59375 0.5979166626930237 0.614062488079071 0.5833333134651184 0.609375 0.5666666626930237
0 0.45625001192092896 0.4749999940395355 0.44218748807907104 0.5020833611488342 0.44218748807907104 0.5083333253860474 0.4703125059604645 0.5333333611488342 0.47343748807907104 0.5333333611488342 0.4859375059604645 0.5083333253860474 0.4859375059604645 0.5 0.4593749940395355 0.4749999940395355
0 0.578125 0.4791666567325592 0.5718749761581421 0.4791666567325592 0.543749988079071 0.4937500059604645 0.543749988079071 0.5041666626930237 0.551562488079071 0.5291666388511658 0.5562499761581421 0.5291666388511658 0.578125 0.5166666507720947 0.5703125 0.5083333253860474 0.5703125 0.5020833611488342 0.5796874761581421 0.48750001192092896
0 0.48750001192092896 0.518750011920929 0.4828124940395355 0.518750011920929 0.47343748807907104 0.5354166626930237 0.4703125059604645 0.5354166626930237 0.4593749940395355 0.5249999761581421 0.46406251192092896 0.5729166865348816 0.4859375059604645 0.5687500238418579 0.4906249940395355 0.5604166388511658
0 0.629687488079071 0.4749999940395355 0.6015625 0.4791666567325592 0.6031249761581421 0.49166667461395264 0.6156250238418579 0.5062500238418579 0.6156250238418579 0.5145833492279053 0.606249988079071 0.5291666388511658 0.6343749761581421 0.5229166746139526
0 0.6078125238418579 0.5979166626930237 0.581250011920929 0.6020833253860474 0.5859375 0.6520833373069763 0.614062488079071 0.6458333134651184 0.5953124761581421 0.625 0.5953124761581421 0.6187499761581421
0 0.6109374761581421 0.5562499761581421 0.612500011920929 0.5729166865348816 0.6156250238418579 0.5791666507720947 0.614062488079071 0.59375 0.625 0.6041666865348816 0.6421874761581421 0.6020833253860474 0.643750011920929 0.59375 0.6390625238418579 0.5520833134651184
0 0.421875 0.5687500238418579 0.4078125059604645 0.5916666388511658 0.4078125059604645 0.5979166626930237 0.4281249940395355 0.6208333373069763 0.4359374940395355 0.625 0.44999998807907104 0.6041666865348816 0.44999998807907104 0.5958333611488342 0.42656248807907104 0.5687500238418579