0 0.4203124940395355 0.5708333253860474 0.3968749940395355 0.5854166746139526 0.3968749940395355 0.5916666388511658 0.4124999940395355 0.6291666626930237 0.41718751192092896 0.6291666626930237 0.4375 0.6145833134651184 0.43281251192092896 0.5979166626930237
0 0.620312511920929 0.5562499761581421 0.614062488079071 0.5562499761581421 0.5859375 0.5708333253860474 0.5859375 0.581250011920929 0.59375 0.606249988079071 0.598437488079071 0.606249988079071 0.628125011920929 0.5895833373069763 0.628125011920929 0.5833333134651184
0 0.574999988079071 0.49791666865348816 0.5609375238418579 0.5249999761581421 0.5609375238418579 0.53125 0.589062511920929 0.5562499761581421 0.5921875238418579 0.5562499761581421 0.604687511920929 0.53125 0.604687511920929 0.5229166746139526 0.578125 0.49791666865348816
0 0.5625 0.6354166865348816 0.534375011920929 0.6395833492279053 0.5390625 0.6895833611488342 0.567187488079071 0.6833333373069763
0 0.5562499761581421 0.5458333492279053 0.550000011920929 0.5458333492279053 0.5218750238418579 0.5604166388511658 0.5218750238418579 0.5708333253860474 0.5296875238418579 0.5958333611488342 0.534375011920929 0.5958333611488342 0.5640624761581421 0.5791666507720947 0.5640624761581421 0.5729166865348816
0 0.5375000238418579 0.5 0.5328124761581421 0.5 0.5062500238418579 0.5229166746139526 0.5093749761581421 0.543749988079071 0.518750011920929 0.5562499761581421 0.5249999761581421 0.5541666746139526 0.550000011920929 0.53125 0.5484374761581421 0.5208333134651184
0 0.6000000238418579 0.5166666507720947 0.606249988079071 0.5229166746139526 0.606249988079071 0.53125 0.598437488079071 0.5458333492279053 0.598437488079071 0.5604166388511658 0.6000000238418579 0.5625 0.614062488079071 0.5541666746139526 0.620312511920929 0.5541666746139526 0.6234375238418579 0.5645833611488342 0.6265624761581421 0.5645833611488342 0.628125011920929 0.5562499761581421 0.6234375238418579 0.5145833492279053
0 0.48750001192092896 0.6541666388511658 0.47343748807907104 0.6770833134651184 0.47343748807907104 0.6833333373069763 0.4937500059604645 0.706250011920929 0.5015624761581421 0.7104166746139526 0.515625 0.6895833611488342 0.515625 0.6812499761581421 0.4921875 0.6541666388511658
0 0.5687500238418579 0.46666666865348816 0.5687500238418579 0.5041666626930237 0.574999988079071 0.4958333373069763 0.578125 0.4958333373069763 0.5859375 0.5041666626930237 0.606249988079071 0.5041666626930237 0.606249988079071 0.46666666865348816
0 0.621874988079071 0.6104166507720947 0.6171875 0.6104166507720947 0.590624988079071 0.6333333253860474 0.59375 0.6541666388511658 0.6031249761581421 0.6666666865348816 0.609375 0.6645833253860474 0.6343749761581421 0.6416666507720947 0.6328125 0.6312500238418579
0 0.565625011920929 0.5791666507720947 0.559374988079071 0.5854166746139526 0.546875 0.6104166507720947 0.5453125238418579 0.6208333373069763 0.5562499761581421 0.6312500238418579 0.5625 0.6333333253860474 0.5640624761581421 0.637499988079071 0.5687500238418579 0.637499988079071 0.5843750238418579 0.606249988079071 0.5859375 0.5958333611488342 0.5687500238418579 0.5791666507720947
0 0.4234375059604645 0.6395833492279053 0.4000000059604645 0.6541666388511658 0.4000000059604645 0.6604166626930237 0.4156250059604645 0.6979166865348816 0.4203124940395355 0.6979166865348816 0.44062501192092896 0.6833333373069763 0.4359374940395355 0.6666666865348816