0 0.6703125238418579 0.6479166746139526 0.6421874761581421 0.6520833373069763 0.6468750238418579 0.7020833492279053 0.675000011920929 0.6958333253860474
0 0.5328124761581421 0.518750011920929 0.526562511920929 0.518750011920929 0.4984374940395355 0.5333333611488342 0.4984374940395355 0.543749988079071 0.5062500238418579 0.5687500238418579 0.510937511920929 0.5687500238418579 0.5406249761581421 0.5520833134651184 0.5406249761581421 0.5458333492279053
0 0.40625 0.5479166507720947 0.3921875059604645 0.5708333253860474 0.3921875059604645 0.5770833492279053 0.4124999940395355 0.6000000238418579 0.4203124940395355 0.6041666865348816 0.43437498807907104 0.5833333134651184 0.43437498807907104 0.574999988079071 0.41093748807907104 0.5479166507720947
0 0.614062488079071 0.637499988079071 0.5859375 0.6416666507720947 0.590624988079071 0.6916666626930237 0.6187499761581421 0.6854166388511658
0 0.4281249940395355 0.6666666865348816 0.421875 0.6666666865348816 0.39375001192092896 0.6812499761581421 0.39375001192092896 0.6916666626930237 0.40156251192092896 0.7166666388511658 0.40625 0.7166666388511658 0.4359374940395355 0.699999988079071 0.4359374940395355 0.6937500238418579
0 0.515625 0.6395833492279053 0.48750001192092896 0.643750011920929 0.4921875 0.6937500238418579 0.520312488079071 0.6875
0 0.542187511920929 0.5479166507720947 0.542187511920929 0.5520833134651184 0.5390625 0.5562499761581421 0.528124988079071 0.5604166388511658 0.5218750238418579 0.5708333253860474 0.5218750238418579 0.5770833492279053 0.550000011920929 0.6020833253860474 0.5531250238418579 0.6020833253860474 0.565625011920929 0.5770833492279053 0.565625011920929 0.5687500238418579
0 0.44218748807907104 0.5208333134651184 0.42656248807907104 0.5520833134651184 0.42500001192092896 0.5625 0.44062501192092896 0.5770833492279053 0.44843751192092896 0.5791666507720947 0.46406251192092896 0.5479166507720947 0.46562498807907104 0.5375000238418579 0.44843751192092896 0.5208333134651184
0 0.582812488079071 0.550000011920929 0.5609375238418579 0.5625 0.567187488079071 0.5687500238418579 0.567187488079071 0.5770833492279053 0.5640624761581421 0.581250011920929 0.574999988079071 0.6083333492279053 0.5796874761581421 0.6083333492279053 0.6000000238418579 0.59375 0.5953124761581421 0.5770833492279053
0 0.6499999761581421 0.5791666507720947 0.6265624761581421 0.59375 0.6265624761581421 0.6000000238418579 0.6421874761581421 0.637499988079071 0.6468750238418579 0.637499988079071 0.667187511920929 0.6229166388511658 0.6625000238418579 0.606249988079071
0 0.5093749761581421 0.46666666865348816 0.49531251192092896 0.4937500059604645 0.49531251192092896 0.5 0.518750011920929 0.5208333134651184 0.53125 0.5166666507720947 0.5390625 0.5 0.5390625 0.49166667461395264 0.512499988079071 0.46666666865348816
0 0.5484374761581421 0.668749988079071 0.534375011920929 0.6958333253860474 0.534375011920929 0.7020833492279053 0.5625 0.7270833253860474 0.565625011920929 0.7270833253860474 0.578125 0.7020833492279053 0.578125 0.6937500238418579 0.551562488079071 0.668749988079071
0 0.510937511920929 0.5791666507720947 0.49687498807907104 0.6020833253860474 0.49687498807907104 0.6083333492279053 0.5171874761581421 0.6312500238418579 0.5249999761581421 0.6354166865348816 0.5390625 0.6145833134651184 0.5390625 0.606249988079071 0.515625 0.5791666507720947
0 0.620312511920929 0.5958333611488342 0.606249988079071 0.6229166388511658 0.606249988079071 0.6291666626930237 0.6343749761581421 0.6541666388511658 0.637499988079071 0.6541666388511658 0.645312488079071 0.6395833492279053 0.6421874761581421 0.6395833492279053 0.6390625238418579 0.6354166865348816 0.625 0.5979166626930237
0 0.581250011920929 0.5062500238418579 0.5765625238418579 0.5062500238418579 0.550000011920929 0.5291666388511658 0.5531250238418579 0.550000011920929 0.5609375238418579 0.5604166388511658 0.5859375 0.5458333492279053 0.59375 0.5375000238418579 0.5921875238418579 0.5270833373069763