0 0.49687498807907104 0.53125 0.49687498807907104 0.5687500238418579 0.534375011920929 0.5687500238418579 0.534375011920929 0.53125
0 0.5609375238418579 0.5020833611488342 0.5375000238418579 0.5166666507720947 0.5375000238418579 0.5229166746139526 0.5531250238418579 0.5604166388511658 0.557812511920929 0.5604166388511658 0.578125 0.5458333492279053 0.573437511920929 0.5291666388511658
0 0.39375001192092896 0.5791666507720947 0.39375001192092896 0.6166666746139526 0.4312500059604645 0.6166666746139526 0.4312500059604645 0.5791666507720947
0 0.596875011920929 0.6270833611488342 0.581250011920929 0.6583333611488342 0.5796874761581421 0.668749988079071 0.5953124761581421 0.6833333373069763 0.6031249761581421 0.6854166388511658 0.6187499761581421 0.6541666388511658 0.620312511920929 0.643750011920929 0.6031249761581421 0.6270833611488342
0 0.6499999761581421 0.47708332538604736 0.635937511920929 0.5041666626930237 0.635937511920929 0.5104166865348816 0.6640625 0.5354166626930237 0.667187511920929 0.5354166626930237 0.6796875 0.5104166865348816 0.6796875 0.5020833611488342 0.653124988079071 0.47708332538604736
0 0.42656248807907104 0.6291666626930237 0.4124999940395355 0.6520833373069763 0.4124999940395355 0.6583333611488342 0.43281251192092896 0.6812499761581421 0.44062501192092896 0.6854166388511658 0.4546875059604645 0.6645833253860474 0.4546875059604645 0.65625 0.4312500059604645 0.6291666626930237
0 0.4515624940395355 0.5854166746139526 0.4468750059604645 0.5854166746139526 0.43281251192092896 0.5979166626930237 0.43281251192092896 0.6166666746139526 0.421875 0.6187499761581421 0.4234375059604645 0.6291666626930237 0.4312500059604645 0.6270833611488342 0.44062501192092896 0.637499988079071 0.46406251192092896 0.6166666746139526 0.4625000059604645 0.606249988079071
0 0.604687511920929 0.4958333373069763 0.589062511920929 0.5270833373069763 0.5874999761581421 0.5375000238418579 0.6031249761581421 0.5520833134651184 0.6109374761581421 0.5541666746139526 0.6265624761581421 0.5229166746139526 0.628125011920929 0.512499988079071 0.6109374761581421 0.4958333373069763
0 0.5874999761581421 0.46666666865348816 0.5843750238418579 0.46666666865348816 0.5640624761581421 0.48124998807907104 0.5640624761581421 0.48750001192092896 0.5796874761581421 0.5249999761581421 0.590624988079071 0.5208333134651184 0.6015625 0.5
0 0.628125011920929 0.6270833611488342 0.628125011920929 0.6645833253860474 0.6656249761581421 0.6645833253860474 0.6656249761581421 0.6270833611488342
0 0.45625001192092896 0.5270833373069763 0.44999998807907104 0.5270833373069763 0.421875 0.5416666865348816 0.421875 0.5520833134651184 0.4296875 0.5770833492279053 0.43437498807907104 0.5770833492279053 0.46406251192092896 0.5604166388511658 0.46406251192092896 0.5541666746139526
0 0.5531250238418579 0.6729166507720947 0.546875 0.6729166507720947 0.518750011920929 0.6875 0.518750011920929 0.6979166865348816 0.526562511920929 0.7229166626930237 0.53125 0.7229166626930237 0.5609375238418579 0.706250011920929 0.5609375238418579 0.699999988079071
0 0.46406251192092896 0.4854166805744171 0.44999998807907104 0.5083333253860474 0.44999998807907104 0.5145833492279053 0.4703125059604645 0.5375000238418579 0.4781250059604645 0.5416666865348816 0.4921875 0.5208333134651184 0.4921875 0.512499988079071 0.46875 0.4854166805744171
0 0.4593749940395355 0.46875 0.4593749940395355 0.49166667461395264 0.46406251192092896 0.4833333194255829 0.46875 0.4833333194255829 0.48906248807907104 0.5062500238418579 0.49687498807907104 0.5062500238418579 0.49687498807907104 0.46875
0 0.4906249940395355 0.5541666746139526 0.484375 0.5541666746139526 0.45625001192092896 0.5687500238418579 0.45625001192092896 0.5791666507720947 0.46406251192092896 0.6041666865348816 0.46875 0.6041666865348816 0.4984374940395355 0.5874999761581421 0.4984374940395355 0.581250011920929
0 0.6484375 0.5895833373069763 0.6343749761581421 0.612500011920929 0.6343749761581421 0.6187499761581421 0.640625 0.625 0.6656249761581421 0.625 0.667187511920929 0.6270833611488342 0.667187511920929 0.6395833492279053 0.676562488079071 0.625 0.676562488079071 0.6166666746139526 0.653124988079071 0.5895833373069763