0 0.4984374940395355 0.6166666746139526 0.4749999940395355 0.6312500238418579 0.4749999940395355 0.637499988079071 0.4906249940395355 0.675000011920929 0.49531251192092896 0.675000011920929 0.515625 0.6604166626930237 0.510937511920929 0.643750011920929
0 0.49687498807907104 0.5041666626930237 0.4828124940395355 0.5270833373069763 0.4828124940395355 0.5333333611488342 0.503125011920929 0.5562499761581421 0.510937511920929 0.5604166388511658 0.5249999761581421 0.5395833253860474 0.5249999761581421 0.53125 0.5015624761581421 0.5041666626930237
0 0.6031249761581421 0.5104166865348816 0.5874999761581421 0.5416666865348816 0.5859375 0.5520833134651184 0.6015625 0.5666666626930237 0.609375 0.5687500238418579 0.625 0.5375000238418579 0.6265624761581421 0.5270833373069763 0.609375 0.5104166865348816
0 0.535937488079071 0.5083333253860474 0.5249999761581421 0.5291666388511658 0.526562511920929 0.53125 0.5249999761581421 0.543749988079071 0.550000011920929 0.5666666626930237 0.5531250238418579 0.5666666626930237 0.565625011920929 0.5416666865348816 0.565625011920929 0.5333333611488342 0.5390625 0.5083333253860474
0 0.675000011920929 0.5562499761581421 0.6468750238418579 0.5604166388511658 0.651562511920929 0.6104166507720947 0.6796875 0.6041666865348816
0 0.6000000238418579 0.668749988079071 0.5953124761581421 0.668749988079071 0.5687500238418579 0.6916666626930237 0.5718749761581421 0.7124999761581421 0.581250011920929 0.7250000238418579 0.5874999761581421 0.7229166626930237 0.612500011920929 0.699999988079071 0.6109374761581421 0.6895833611488342
0 0.4437499940395355 0.4749999940395355 0.4375 0.4749999940395355 0.40937501192092896 0.4895833432674408 0.40937501192092896 0.5 0.41718751192092896 0.5249999761581421 0.421875 0.5249999761581421 0.4515624940395355 0.5083333253860474 0.4515624940395355 0.5020833611488342
0 0.40625 0.543749988079071 0.3921875059604645 0.5708333253860474 0.3921875059604645 0.5770833492279053 0.4203124940395355 0.6020833253860474 0.4234375059604645 0.6020833253860474 0.4359374940395355 0.5770833492279053 0.4359374940395355 0.5687500238418579 0.40937501192092896 0.543749988079071
0 0.590624988079071 0.48124998807907104 0.5625 0.4854166805744171 0.567187488079071 0.5354166626930237 0.5921875238418579 0.53125 0.5953124761581421 0.5249999761581421
0 0.534375011920929 0.6458333134651184 0.5296875238418579 0.6458333134651184 0.5171874761581421 0.65625 0.515625 0.6625000238418579 0.503125011920929 0.6708333492279053 0.5062500238418579 0.6895833611488342 0.515625 0.7020833492279053 0.5218750238418579 0.699999988079071 0.546875 0.6770833134651184 0.5453125238418579 0.6666666865348816
0 0.574999988079071 0.6187499761581421 0.546875 0.6229166388511658 0.551562488079071 0.6729166507720947 0.5796874761581421 0.6666666865348816
0 0.4765625 0.643750011920929 0.453125 0.6541666388511658 0.453125 0.6645833253860474 0.4609375 0.6895833611488342 0.46562498807907104 0.6895833611488342 0.4703125059604645 0.6854166388511658 0.4906249940395355 0.6770833134651184
0 0.557812511920929 0.5687500238418579 0.5296875238418579 0.5729166865348816 0.534375011920929 0.6229166388511658 0.5625 0.6166666746139526
0 0.5015624761581421 0.6729166507720947 0.4671874940395355 0.6895833611488342 0.4703125059604645 0.7104166746139526 0.47968751192092896 0.7229166626930237 0.4859375059604645 0.7208333611488342 0.510937511920929 0.6979166865348816 0.504687488079071 0.6895833611488342
0 0.44843751192092896 0.5479166507720947 0.4390625059604645 0.5625 0.4359374940395355 0.5791666507720947 0.4546875059604645 0.6000000238418579 0.4625000059604645 0.6041666865348816 0.4765625 0.5833333134651184 0.4765625 0.574999988079071 0.453125 0.5479166507720947
0 0.43281251192092896 0.5229166746139526 0.4296875 0.5291666388511658 0.4296875 0.5354166626930237 0.4437499940395355 0.5479166507720947 0.453125 0.5458333492279053 0.4625000059604645 0.5562499761581421 0.47343748807907104 0.5354166626930237 0.47343748807907104 0.5270833373069763 0.453125 0.5083333253860474
0 0.3984375 0.668749988079071 0.3984375 0.706250011920929 0.4359374940395355 0.706250011920929 0.4359374940395355 0.668749988079071