0 0.542187511920929 0.5041666626930237 0.528124988079071 0.5270833373069763 0.528124988079071 0.5333333611488342 0.5484374761581421 0.5562499761581421 0.5562499761581421 0.5604166388511658 0.5703125 0.5395833253860474 0.5703125 0.53125 0.546875 0.5041666626930237
0 0.5921875238418579 0.5458333492279053 0.5859375 0.5458333492279053 0.557812511920929 0.5604166388511658 0.557812511920929 0.5708333253860474 0.565625011920929 0.5958333611488342 0.5703125 0.5958333611488342 0.6000000238418579 0.5791666507720947 0.6000000238418579 0.5729166865348816
0 0.45781248807907104 0.5687500238418579 0.453125 0.5687500238418579 0.42656248807907104 0.5916666388511658 0.4296875 0.612500011920929 0.4390625059604645 0.625 0.4453125 0.6229166388511658 0.4703125059604645 0.6000000238418579 0.46875 0.5895833373069763
0 0.6312500238418579 0.5375000238418579 0.6031249761581421 0.5416666865348816 0.6078125238418579 0.5916666388511658 0.635937511920929 0.5854166746139526
0 0.46562498807907104 0.6708333492279053 0.4609375 0.6708333492279053 0.43437498807907104 0.6937500238418579 0.4375 0.7145833373069763 0.4468750059604645 0.7270833253860474 0.453125 0.7250000238418579 0.4781250059604645 0.7020833492279053 0.4765625 0.6916666626930237
0 0.4781250059604645 0.6000000238418579 0.4625000059604645 0.6312500238418579 0.4609375 0.6416666507720947 0.4765625 0.65625 0.484375 0.6583333611488342 0.5 0.6270833611488342 0.5015624761581421 0.6166666746139526 0.484375 0.6000000238418579
0 0.4906249940395355 0.5229166746139526 0.484375 0.5229166746139526 0.45625001192092896 0.5375000238418579 0.45625001192092896 0.5479166507720947 0.46406251192092896 0.5729166865348816 0.46875 0.5729166865348816 0.4984374940395355 0.5562499761581421 0.4984374940395355 0.550000011920929
0 0.5718749761581421 0.5041666626930237 0.5625 0.518750011920929 0.5718749761581421 0.53125 0.5718749761581421 0.5395833253860474 0.5687500238418579 0.5458333492279053 0.5765625238418579 0.550000011920929 0.5859375 0.543749988079071 0.5921875238418579 0.543749988079071 0.59375 0.5479166507720947 0.6000000238418579 0.5395833253860474 0.6000000238418579 0.53125 0.5765625238418579 0.5041666626930237
0 0.5234375 0.47708332538604736 0.520312488079071 0.47708332538604736 0.5 0.49166667461395264 0.5 0.49791666865348816 0.515625 0.5354166626930237 0.526562511920929 0.53125 0.526562511920929 0.5270833373069763 0.5375000238418579 0.5104166865348816
0 0.5718749761581421 0.6354166865348816 0.5562499761581421 0.6666666865348816 0.5546875 0.6770833134651184 0.5703125 0.6916666626930237 0.578125 0.6937500238418579 0.59375 0.6625000238418579 0.5953124761581421 0.6520833373069763 0.578125 0.6354166865348816
0 0.598437488079071 0.6479166746139526 0.596875011920929 0.6583333611488342 0.5859375 0.6812499761581421 0.612500011920929 0.706250011920929 0.6156250238418579 0.706250011920929 0.628125011920929 0.6812499761581421 0.628125011920929 0.6729166507720947 0.6015625 0.6479166746139526
0 0.671875 0.4958333373069763 0.6656249761581421 0.4958333373069763 0.637499988079071 0.5104166865348816 0.637499988079071 0.5208333134651184 0.645312488079071 0.5458333492279053 0.6499999761581421 0.5458333492279053 0.6796875 0.5291666388511658 0.6796875 0.5229166746139526