0 0.6171875 0.6000000238418579 0.6031249761581421 0.6270833611488342 0.6031249761581421 0.6333333253860474 0.6312500238418579 0.6583333611488342 0.6343749761581421 0.6583333611488342 0.6468750238418579 0.6333333253860474 0.6468750238418579 0.625 0.620312511920929 0.6000000238418579
0 0.6031249761581421 0.5645833611488342 0.574999988079071 0.5687500238418579 0.5796874761581421 0.6187499761581421 0.6078125238418579 0.612500011920929
0 0.557812511920929 0.5083333253860474 0.551562488079071 0.5083333253860474 0.5234375 0.5229166746139526 0.5234375 0.5333333611488342 0.53125 0.5583333373069763 0.535937488079071 0.5583333373069763 0.565625011920929 0.5416666865348816 0.565625011920929 0.5354166626930237
0 0.510937511920929 0.46875 0.510937511920929 0.5062500238418579 0.5484374761581421 0.5062500238418579 0.5484374761581421 0.46875
0 0.49531251192092896 0.5 0.48124998807907104 0.5229166746139526 0.48124998807907104 0.5291666388511658 0.5015624761581421 0.5520833134651184 0.5093749761581421 0.5562499761581421 0.5234375 0.5354166626930237 0.5218750238418579 0.5249999761581421 0.5 0.5
0 0.612500011920929 0.47708332538604736 0.598437488079071 0.5 0.598437488079071 0.5062500238418579 0.6187499761581421 0.5291666388511658 0.6265624761581421 0.5333333611488342 0.640625 0.512499988079071 0.640625 0.5041666626930237 0.6171875 0.47708332538604736
0 0.5718749761581421 0.6208333373069763 0.543749988079071 0.625 0.5484374761581421 0.675000011920929 0.5765625238418579 0.668749988079071
0 0.5218750238418579 0.6270833611488342 0.4937500059604645 0.6312500238418579 0.4984374940395355 0.6812499761581421 0.526562511920929 0.675000011920929
0 0.41874998807907104 0.5562499761581421 0.39531248807907104 0.5708333253860474 0.39531248807907104 0.5770833492279053 0.41093748807907104 0.6145833134651184 0.4156250059604645 0.6145833134651184 0.4359374940395355 0.6000000238418579 0.4312500059604645 0.5833333134651184
0 0.6171875 0.5770833492279053 0.6187499761581421 0.5979166626930237 0.6484375 0.6229166388511658 0.6499999761581421 0.6145833134651184 0.6484375 0.612500011920929 0.6484375 0.5958333611488342 0.6468750238418579 0.59375 0.645312488079071 0.5729166865348816
0 0.6421874761581421 0.5083333253860474 0.6421874761581421 0.512499988079071 0.6265624761581421 0.5354166626930237 0.6234375238418579 0.5354166626930237 0.614062488079071 0.5249999761581421 0.609375 0.5291666388511658 0.612500011920929 0.550000011920929 0.621874988079071 0.5625 0.628125011920929 0.5604166388511658 0.653124988079071 0.5375000238418579 0.653124988079071 0.53125