0 0.520312488079071 0.6020833253860474 0.4921875 0.606249988079071 0.49687498807907104 0.65625 0.5249999761581421 0.6499999761581421
0 0.668749988079071 0.612500011920929 0.6640625 0.612500011920929 0.637499988079071 0.6354166865348816 0.640625 0.65625 0.6499999761581421 0.668749988079071 0.65625 0.6666666865348816 0.6812499761581421 0.643750011920929 0.6796875 0.6333333253860474
0 0.5062500238418579 0.65625 0.4921875 0.6833333373069763 0.4921875 0.6895833611488342 0.520312488079071 0.7145833373069763 0.5234375 0.7145833373069763 0.535937488079071 0.6895833611488342 0.535937488079071 0.6812499761581421 0.5093749761581421 0.65625
0 0.526562511920929 0.550000011920929 0.512499988079071 0.5770833492279053 0.512499988079071 0.5833333134651184 0.5406249761581421 0.6083333492279053 0.543749988079071 0.6083333492279053 0.5562499761581421 0.5833333134651184 0.5562499761581421 0.574999988079071 0.5296875238418579 0.550000011920929
0 0.5 0.5166666507720947 0.5 0.5541666746139526 0.5218750238418579 0.5541666746139526 0.526562511920929 0.5479166507720947 0.5375000238418579 0.5541666746139526 0.5375000238418579 0.5166666507720947
0 0.453125 0.6520833373069763 0.453125 0.6895833611488342 0.4906249940395355 0.6895833611488342 0.4906249940395355 0.6520833373069763
0 0.41093748807907104 0.6583333611488342 0.39531248807907104 0.6895833611488342 0.39375001192092896 0.699999988079071 0.40937501192092896 0.7145833373069763 0.41718751192092896 0.7166666388511658 0.43281251192092896 0.6854166388511658 0.43437498807907104 0.675000011920929 0.41718751192092896 0.6583333611488342
0 0.5843750238418579 0.6645833253860474 0.5562499761581421 0.668749988079071 0.5609375238418579 0.71875 0.589062511920929 0.7124999761581421
0 0.609375 0.4937500059604645 0.581250011920929 0.49791666865348816 0.5859375 0.5479166507720947 0.614062488079071 0.5416666865348816
0 0.612500011920929 0.6291666626930237 0.598437488079071 0.65625 0.598437488079071 0.6625000238418579 0.6265624761581421 0.6875 0.629687488079071 0.6875 0.6421874761581421 0.6604166626930237 0.6390625238418579 0.65625 0.6390625238418579 0.6499999761581421 0.6156250238418579 0.6291666626930237
0 0.43437498807907104 0.4833333194255829 0.4281249940395355 0.4833333194255829 0.4000000059604645 0.49791666865348816 0.4000000059604645 0.5083333253860474 0.4078125059604645 0.5333333611488342 0.4124999940395355 0.5333333611488342 0.44218748807907104 0.5166666507720947 0.44218748807907104 0.5104166865348816
0 0.4437499940395355 0.5145833492279053 0.42656248807907104 0.5458333492279053 0.42500001192092896 0.5562499761581421 0.44062501192092896 0.5708333253860474 0.44843751192092896 0.5729166865348816 0.46406251192092896 0.5416666865348816 0.46562498807907104 0.53125 0.44843751192092896 0.5145833492279053
0 0.5015624761581421 0.4895833432674408 0.49531251192092896 0.4895833432674408 0.4781250059604645 0.5249999761581421 0.47968751192092896 0.5333333611488342 0.4984374940395355 0.5479166507720947 0.4984374940395355 0.5166666507720947 0.518750011920929 0.512499988079071 0.518750011920929 0.5062500238418579
0 0.596875011920929 0.6020833253860474 0.596875011920929 0.6395833492279053 0.606249988079071 0.6395833492279053 0.612500011920929 0.6270833611488342 0.6156250238418579 0.6270833611488342 0.628125011920929 0.6395833492279053 0.6343749761581421 0.6395833492279053 0.6343749761581421 0.6020833253860474
0 0.42500001192092896 0.5708333253860474 0.40156251192092896 0.5854166746139526 0.40156251192092896 0.5916666388511658 0.41718751192092896 0.6291666626930237 0.421875 0.6291666626930237 0.44218748807907104 0.6145833134651184 0.4375 0.5979166626930237
0 0.46562498807907104 0.5291666388511658 0.4671874940395355 0.5375000238418579 0.4546875059604645 0.5625 0.4546875059604645 0.5666666626930237 0.4671874940395355 0.581250011920929 0.4749999940395355 0.5854166746139526 0.48906248807907104 0.5645833611488342 0.48906248807907104 0.5562499761581421