0 0.47968751192092896 0.5562499761581421 0.46406251192092896 0.5874999761581421 0.4625000059604645 0.5979166626930237 0.4781250059604645 0.612500011920929 0.4859375059604645 0.6145833134651184 0.5015624761581421 0.5833333134651184 0.503125011920929 0.5729166865348816 0.4859375059604645 0.5562499761581421
0 0.5328124761581421 0.5062500238418579 0.518750011920929 0.5291666388511658 0.518750011920929 0.5354166626930237 0.5390625 0.5583333373069763 0.546875 0.5625 0.5609375238418579 0.5416666865348816 0.5609375238418579 0.5333333611488342 0.5375000238418579 0.5062500238418579
0 0.573437511920929 0.5625 0.559374988079071 0.5895833373069763 0.559374988079071 0.5958333611488342 0.5874999761581421 0.6208333373069763 0.590624988079071 0.6208333373069763 0.6031249761581421 0.5958333611488342 0.6031249761581421 0.5874999761581421 0.5765625238418579 0.5625
0 0.5874999761581421 0.5145833492279053 0.5718749761581421 0.5458333492279053 0.5703125 0.5562499761581421 0.589062511920929 0.5729166865348816 0.59375 0.5729166865348816 0.609375 0.5416666865348816 0.6109374761581421 0.53125 0.59375 0.5145833492279053
0 0.5249999761581421 0.5895833373069763 0.520312488079071 0.5895833373069763 0.4937500059604645 0.612500011920929 0.49687498807907104 0.6333333253860474 0.5062500238418579 0.6458333134651184 0.512499988079071 0.643750011920929 0.5375000238418579 0.6208333373069763 0.535937488079071 0.6104166507720947
0 0.651562511920929 0.5104166865348816 0.637499988079071 0.5333333611488342 0.637499988079071 0.5395833253860474 0.6578124761581421 0.5625 0.6656249761581421 0.5666666626930237 0.6796875 0.5458333492279053 0.6796875 0.5375000238418579 0.65625 0.5104166865348816
0 0.5375000238418579 0.6229166388511658 0.5234375 0.6354166865348816 0.518750011920929 0.643750011920929 0.518750011920929 0.6499999761581421 0.5390625 0.6729166507720947 0.546875 0.6770833134651184 0.5609375238418579 0.65625 0.5609375238418579 0.6479166746139526 0.542187511920929 0.625
0 0.4749999940395355 0.5229166746139526 0.46875 0.5229166746139526 0.4515624940395355 0.5583333373069763 0.4515624940395355 0.5645833611488342 0.4671874940395355 0.5791666507720947 0.47968751192092896 0.5541666746139526 0.48750001192092896 0.5562499761581421 0.4921875 0.5458333492279053 0.4921875 0.5395833253860474
0 0.5687500238418579 0.4833333194255829 0.5640624761581421 0.4833333194255829 0.5390625 0.5062500238418579 0.5609375238418579 0.53125 0.573437511920929 0.5229166746139526 0.581250011920929 0.5145833492279053 0.5796874761581421 0.5041666626930237
0 0.5390625 0.675000011920929 0.5390625 0.7104166746139526 0.5765625238418579 0.7104166746139526 0.5765625238418579 0.6729166507720947 0.551562488079071 0.6729166507720947 0.546875 0.6791666746139526
0 0.550000011920929 0.5833333134651184 0.5390625 0.5604166388511658 0.5328124761581421 0.5583333373069763 0.5062500238418579 0.581250011920929 0.5062500238418579 0.5895833373069763 0.5093749761581421 0.5979166626930237 0.520312488079071 0.5874999761581421 0.5249999761581421 0.5874999761581421 0.534375011920929 0.6041666865348816 0.550000011920929 0.5895833373069763