0 0.543749988079071 0.5979166626930237 0.528124988079071 0.6291666626930237 0.526562511920929 0.6395833492279053 0.542187511920929 0.6541666388511658 0.550000011920929 0.65625 0.565625011920929 0.625 0.567187488079071 0.6145833134651184 0.550000011920929 0.5979166626930237
0 0.612500011920929 0.5791666507720947 0.598437488079071 0.6020833253860474 0.598437488079071 0.6083333492279053 0.6187499761581421 0.6312500238418579 0.6265624761581421 0.6354166865348816 0.640625 0.6145833134651184 0.640625 0.606249988079071 0.6171875 0.5791666507720947
0 0.6703125238418579 0.5249999761581421 0.6640625 0.5249999761581421 0.635937511920929 0.5395833253860474 0.635937511920929 0.550000011920929 0.643750011920929 0.574999988079071 0.6484375 0.574999988079071 0.6781250238418579 0.5583333373069763 0.6781250238418579 0.5520833134651184
0 0.4453125 0.53125 0.4453125 0.5687500238418579 0.4828124940395355 0.5687500238418579 0.4828124940395355 0.53125
0 0.4156250059604645 0.47708332538604736 0.3921875059604645 0.49166667461395264 0.3921875059604645 0.49791666865348816 0.4078125059604645 0.5354166626930237 0.4124999940395355 0.5354166626930237 0.43281251192092896 0.5208333134651184 0.4281249940395355 0.5041666626930237
0 0.4390625059604645 0.53125 0.43281251192092896 0.53125 0.4046874940395355 0.5458333492279053 0.4046874940395355 0.5562499761581421 0.4124999940395355 0.581250011920929 0.41718751192092896 0.581250011920929 0.4437499940395355 0.5666666626930237 0.4437499940395355 0.5479166507720947
0 0.46562498807907104 0.6354166865348816 0.4515624940395355 0.6625000238418579 0.4515624940395355 0.668749988079071 0.47968751192092896 0.6937500238418579 0.4828124940395355 0.6937500238418579 0.49531251192092896 0.668749988079071 0.49531251192092896 0.6604166626930237 0.46875 0.6354166865348816
0 0.5453125238418579 0.5145833492279053 0.5218750238418579 0.5291666388511658 0.5218750238418579 0.5354166626930237 0.5375000238418579 0.5729166865348816 0.542187511920929 0.5729166865348816 0.5625 0.5583333373069763 0.557812511920929 0.5416666865348816
0 0.526562511920929 0.668749988079071 0.526562511920929 0.706250011920929 0.5640624761581421 0.706250011920929 0.5640624761581421 0.668749988079071
0 0.48124998807907104 0.5708333253860474 0.45781248807907104 0.5854166746139526 0.45781248807907104 0.5916666388511658 0.47343748807907104 0.6291666626930237 0.4781250059604645 0.6291666626930237 0.4984374940395355 0.6145833134651184 0.4937500059604645 0.5979166626930237
0 0.5796874761581421 0.5979166626930237 0.5625 0.6083333492279053 0.5687500238418579 0.6145833134651184 0.5687500238418579 0.6208333373069763 0.5625 0.6333333253860474 0.5718749761581421 0.65625 0.5765625238418579 0.65625 0.596875011920929 0.6416666507720947 0.5921875238418579 0.625
0 0.4921875 0.6791666746139526 0.4828124940395355 0.6958333253860474 0.47968751192092896 0.6958333253860474 0.46875 0.6854166388511658 0.46562498807907104 0.6854166388511658 0.45625001192092896 0.6937500238418579 0.4593749940395355 0.7145833373069763 0.46875 0.7270833253860474 0.4749999940395355 0.7250000238418579 0.5 0.7020833492279053 0.5 0.6958333253860474
0 0.528124988079071 0.4791666567325592 0.53125 0.5208333134651184 0.5453125238418579 0.512499988079071 0.551562488079071 0.5249999761581421 0.559374988079071 0.5249999761581421 0.5609375238418579 0.5166666507720947 0.5562499761581421 0.4749999940395355