0 0.49531251192092896 0.6187499761581421 0.48124998807907104 0.6416666507720947 0.48124998807907104 0.6479166746139526 0.5015624761581421 0.6708333492279053 0.5093749761581421 0.675000011920929 0.5234375 0.6541666388511658 0.5234375 0.6458333134651184 0.5 0.6187499761581421
0 0.48906248807907104 0.5083333253860474 0.484375 0.5083333253860474 0.45781248807907104 0.53125 0.4609375 0.5520833134651184 0.4703125059604645 0.5645833611488342 0.4765625 0.5625 0.5015624761581421 0.5395833253860474 0.5 0.5291666388511658
0 0.5078125 0.5020833611488342 0.4984374940395355 0.518750011920929 0.4984374940395355 0.5249999761581421 0.503125011920929 0.5333333611488342 0.5015624761581421 0.5416666865348816 0.5218750238418579 0.5604166388511658 0.5249999761581421 0.5604166388511658 0.5375000238418579 0.5354166626930237 0.5375000238418579 0.5270833373069763 0.510937511920929 0.5020833611488342
0 0.4625000059604645 0.5041666626930237 0.45625001192092896 0.5041666626930237 0.4281249940395355 0.518750011920929 0.4281249940395355 0.5291666388511658 0.4359374940395355 0.5541666746139526 0.44062501192092896 0.5541666746139526 0.45781248807907104 0.543749988079071 0.45625001192092896 0.53125 0.4671874940395355 0.5208333134651184
0 0.4828124940395355 0.47083333134651184 0.4765625 0.47083333134651184 0.4609375 0.5020833611488342 0.46406251192092896 0.5041666626930237 0.46875 0.5208333134651184 0.484375 0.5062500238418579 0.48906248807907104 0.5062500238418579 0.4921875 0.5104166865348816 0.5 0.4937500059604645 0.5 0.48750001192092896
0 0.484375 0.6791666746139526 0.484375 0.7166666388511658 0.5218750238418579 0.7166666388511658 0.5218750238418579 0.6791666746139526
0 0.6468750238418579 0.6187499761581421 0.6187499761581421 0.6229166388511658 0.6234375238418579 0.6729166507720947 0.651562511920929 0.6666666865348816
0 0.609375 0.5583333373069763 0.5859375 0.5729166865348816 0.5859375 0.5791666507720947 0.6015625 0.6166666746139526 0.606249988079071 0.6166666746139526 0.6265624761581421 0.6020833253860474 0.621874988079071 0.5854166746139526
0 0.6343749761581421 0.5375000238418579 0.6109374761581421 0.5520833134651184 0.6109374761581421 0.5583333373069763 0.6265624761581421 0.5958333611488342 0.6312500238418579 0.5958333611488342 0.651562511920929 0.581250011920929 0.6468750238418579 0.5645833611488342
0 0.4703125059604645 0.5687500238418579 0.4546875059604645 0.6000000238418579 0.453125 0.6104166507720947 0.46875 0.625 0.4765625 0.6270833611488342 0.4921875 0.5958333611488342 0.4937500059604645 0.5854166746139526 0.4765625 0.5687500238418579
0 0.6031249761581421 0.6395833492279053 0.598437488079071 0.6395833492279053 0.5718749761581421 0.6625000238418579 0.574999988079071 0.6833333373069763 0.5843750238418579 0.6958333253860474 0.590624988079071 0.6937500238418579 0.6156250238418579 0.6708333492279053 0.614062488079071 0.6604166626930237
0 0.42656248807907104 0.5416666865348816 0.42656248807907104 0.5791666507720947 0.46406251192092896 0.5791666507720947 0.46406251192092896 0.5583333373069763 0.4593749940395355 0.5520833134651184 0.4593749940395355 0.5458333492279053 0.44062501192092896 0.5562499761581421 0.4359374940395355 0.5562499761581421 0.4312500059604645 0.5416666865348816
0 0.3984375 0.6187499761581421 0.3984375 0.65625 0.4359374940395355 0.65625 0.4359374940395355 0.6187499761581421
0 0.578125 0.59375 0.573437511920929 0.59375 0.546875 0.6166666746139526 0.550000011920929 0.637499988079071 0.559374988079071 0.6499999761581421 0.565625011920929 0.6479166746139526 0.590624988079071 0.625 0.589062511920929 0.6145833134651184
0 0.667187511920929 0.5479166507720947 0.6625000238418579 0.5479166507720947 0.6468750238418579 0.5625 0.653124988079071 0.581250011920929 0.6390625238418579 0.5916666388511658 0.6484375 0.6041666865348816 0.6546875238418579 0.6020833253860474 0.6796875 0.5791666507720947 0.6781250238418579 0.5687500238418579
0 0.609375 0.47083333134651184 0.5953124761581421 0.49791666865348816 0.5953124761581421 0.5041666626930237 0.6234375238418579 0.5291666388511658 0.6265624761581421 0.5291666388511658 0.6390625238418579 0.5041666626930237 0.6390625238418579 0.4958333373069763 0.612500011920929 0.47083333134651184
0 0.640625 0.5041666626930237 0.629687488079071 0.5270833373069763 0.621874988079071 0.5354166626930237 0.620312511920929 0.543749988079071 0.6343749761581421 0.5354166626930237 0.640625 0.5458333492279053 0.645312488079071 0.5604166388511658 0.659375011920929 0.53125 0.660937488079071 0.5208333134651184 0.643750011920929 0.5041666626930237