0 0.42656248807907104 0.4958333373069763 0.421875 0.4958333373069763 0.39531248807907104 0.518750011920929 0.3984375 0.5395833253860474 0.4078125059604645 0.5520833134651184 0.4140625 0.550000011920929 0.4390625059604645 0.5270833373069763 0.4375 0.5166666507720947
0 0.6312500238418579 0.543749988079071 0.6078125238418579 0.5583333373069763 0.6078125238418579 0.5645833611488342 0.6234375238418579 0.6020833253860474 0.628125011920929 0.6020833253860474 0.6484375 0.5874999761581421 0.643750011920929 0.5708333253860474
0 0.4609375 0.5708333253860474 0.4468750059604645 0.5979166626930237 0.4468750059604645 0.6041666865348816 0.4749999940395355 0.6291666626930237 0.4781250059604645 0.6291666626930237 0.4906249940395355 0.6041666865348816 0.4906249940395355 0.5958333611488342 0.46406251192092896 0.5708333253860474
0 0.590624988079071 0.637499988079071 0.5859375 0.637499988079071 0.559374988079071 0.6604166626930237 0.5625 0.6812499761581421 0.5718749761581421 0.6937500238418579 0.578125 0.6916666626930237 0.6031249761581421 0.668749988079071 0.6015625 0.6583333611488342
0 0.526562511920929 0.49791666865348816 0.5218750238418579 0.49791666865348816 0.49531251192092896 0.5208333134651184 0.4984374940395355 0.5416666865348816 0.5078125 0.5541666746139526 0.5140625238418579 0.5520833134651184 0.5390625 0.5291666388511658 0.5375000238418579 0.518750011920929
0 0.6171875 0.6645833253860474 0.6031249761581421 0.6916666626930237 0.6031249761581421 0.6979166865348816 0.6312500238418579 0.7229166626930237 0.6343749761581421 0.7229166626930237 0.6468750238418579 0.6979166865348816 0.6468750238418579 0.6895833611488342 0.620312511920929 0.6645833253860474
0 0.557812511920929 0.606249988079071 0.551562488079071 0.606249988079071 0.5234375 0.6208333373069763 0.5234375 0.6312500238418579 0.53125 0.65625 0.535937488079071 0.65625 0.565625011920929 0.6395833492279053 0.565625011920929 0.6333333253860474
0 0.47187501192092896 0.6270833611488342 0.44843751192092896 0.6312500238418579 0.453125 0.6812499761581421 0.48124998807907104 0.675000011920929 0.4781250059604645 0.6354166865348816
0 0.48906248807907104 0.6104166507720947 0.4781250059604645 0.6312500238418579 0.47968751192092896 0.6479166746139526 0.48124998807907104 0.6520833373069763 0.5 0.668749988079071 0.503125011920929 0.668749988079071 0.515625 0.643750011920929 0.515625 0.6354166865348816
0 0.581250011920929 0.4791666567325592 0.567187488079071 0.5020833611488342 0.567187488079071 0.5083333253860474 0.5874999761581421 0.53125 0.5953124761581421 0.5354166626930237 0.609375 0.5145833492279053 0.609375 0.5062500238418579 0.5859375 0.4791666567325592
0 0.635937511920929 0.5979166626930237 0.628125011920929 0.6041666865348816 0.6234375238418579 0.6041666865348816 0.6156250238418579 0.5874999761581421 0.596875011920929 0.5958333611488342 0.596875011920929 0.606249988079071 0.604687511920929 0.6312500238418579 0.609375 0.6312500238418579 0.637499988079071 0.6166666746139526 0.6390625238418579 0.6083333492279053
0 0.503125011920929 0.550000011920929 0.4921875 0.5729166865348816 0.4921875 0.5791666507720947 0.520312488079071 0.6041666865348816 0.5234375 0.6041666865348816 0.535937488079071 0.5791666507720947 0.535937488079071 0.5708333253860474 0.515625 0.5520833134651184 0.5078125 0.5562499761581421