0 0.609375 0.5395833253860474 0.609375 0.5770833492279053 0.6468750238418579 0.5770833492279053 0.6468750238418579 0.5395833253860474
0 0.5390625 0.6625000238418579 0.5249999761581421 0.6854166388511658 0.5249999761581421 0.6916666626930237 0.5453125238418579 0.7145833373069763 0.5531250238418579 0.71875 0.567187488079071 0.6979166865348816 0.567187488079071 0.6895833611488342 0.543749988079071 0.6625000238418579
0 0.574999988079071 0.6625000238418579 0.574999988079071 0.699999988079071 0.612500011920929 0.699999988079071 0.612500011920929 0.6625000238418579
0 0.4703125059604645 0.6145833134651184 0.4546875059604645 0.6458333134651184 0.453125 0.65625 0.46875 0.6708333492279053 0.4765625 0.6729166507720947 0.4921875 0.6416666507720947 0.4937500059604645 0.6312500238418579 0.4765625 0.6145833134651184
0 0.551562488079071 0.5687500238418579 0.535937488079071 0.6000000238418579 0.534375011920929 0.6104166507720947 0.550000011920929 0.625 0.557812511920929 0.6270833611488342 0.573437511920929 0.5958333611488342 0.574999988079071 0.5854166746139526 0.557812511920929 0.5687500238418579
0 0.589062511920929 0.6166666746139526 0.582812488079071 0.6166666746139526 0.5546875 0.6312500238418579 0.5546875 0.6416666507720947 0.5625 0.6666666865348816 0.567187488079071 0.6666666865348816 0.596875011920929 0.6499999761581421 0.596875011920929 0.643750011920929
0 0.49531251192092896 0.46875 0.48906248807907104 0.46875 0.4609375 0.4833333194255829 0.4609375 0.4937500059604645 0.46875 0.518750011920929 0.47343748807907104 0.518750011920929 0.503125011920929 0.5020833611488342 0.503125011920929 0.4958333373069763
0 0.484375 0.5562499761581421 0.45625001192092896 0.5604166388511658 0.4609375 0.6104166507720947 0.48906248807907104 0.6041666865348816
0 0.4375 0.6458333134651184 0.4140625 0.6604166626930237 0.4140625 0.6666666865348816 0.4296875 0.7041666507720947 0.43437498807907104 0.7041666507720947 0.4546875059604645 0.6895833611488342 0.44999998807907104 0.6729166507720947
0 0.5625 0.518750011920929 0.5484374761581421 0.5416666865348816 0.5484374761581421 0.5479166507720947 0.5687500238418579 0.5708333253860474 0.5765625238418579 0.574999988079071 0.590624988079071 0.5541666746139526 0.590624988079071 0.5458333492279053 0.567187488079071 0.518750011920929
0 0.4437499940395355 0.6000000238418579 0.4156250059604645 0.6041666865348816 0.4203124940395355 0.6541666388511658 0.43437498807907104 0.643750011920929 0.4375 0.643750011920929 0.44062501192092896 0.6499999761581421 0.44843751192092896 0.6479166746139526