0 0.5874999761581421 0.5916666388511658 0.5874999761581421 0.6291666626930237 0.625 0.6291666626930237 0.625 0.5916666388511658
0 0.5 0.47708332538604736 0.49531251192092896 0.47708332538604736 0.46875 0.5 0.47187501192092896 0.5208333134651184 0.48124998807907104 0.5333333611488342 0.48750001192092896 0.53125 0.512499988079071 0.5083333253860474 0.510937511920929 0.49791666865348816
0 0.4781250059604645 0.4833333194255829 0.44999998807907104 0.48750001192092896 0.4546875059604645 0.5375000238418579 0.47968751192092896 0.5333333611488342 0.4703125059604645 0.5208333134651184 0.4703125059604645 0.5145833492279053 0.4671874940395355 0.5083333253860474 0.4671874940395355 0.5 0.4781250059604645 0.4895833432674408
0 0.528124988079071 0.5 0.5140625238418579 0.5229166746139526 0.5140625238418579 0.5291666388511658 0.534375011920929 0.5520833134651184 0.542187511920929 0.5562499761581421 0.5562499761581421 0.5354166626930237 0.5562499761581421 0.5270833373069763 0.5328124761581421 0.5
0 0.565625011920929 0.6083333492279053 0.550000011920929 0.6395833492279053 0.5484374761581421 0.6499999761581421 0.5640624761581421 0.6645833253860474 0.5718749761581421 0.6666666865348816 0.589062511920929 0.6312500238418579 0.5859375 0.6291666626930237 0.5859375 0.6208333373069763 0.5718749761581421 0.6083333492279053
0 0.43281251192092896 0.5625 0.40937501192092896 0.5770833492279053 0.40937501192092896 0.5833333134651184 0.42500001192092896 0.6208333373069763 0.4296875 0.6208333373069763 0.44999998807907104 0.606249988079071 0.4453125 0.5895833373069763
0 0.48750001192092896 0.5958333611488342 0.48124998807907104 0.5958333611488342 0.453125 0.6104166507720947 0.453125 0.6208333373069763 0.4609375 0.6458333134651184 0.46562498807907104 0.6458333134651184 0.49531251192092896 0.6291666626930237 0.49531251192092896 0.6229166388511658
0 0.6187499761581421 0.550000011920929 0.6078125238418579 0.550000011920929 0.606249988079071 0.5520833134651184 0.590624988079071 0.5541666746139526 0.59375 0.5895833373069763 0.621874988079071 0.5895833373069763 0.621874988079071 0.5729166865348816 0.620312511920929 0.5708333253860474
0 0.6625000238418579 0.5874999761581421 0.6343749761581421 0.5916666388511658 0.6390625238418579 0.6416666507720947 0.667187511920929 0.6354166865348816
0 0.5375000238418579 0.581250011920929 0.5140625238418579 0.5958333611488342 0.5140625238418579 0.6020833253860474 0.5296875238418579 0.6395833492279053 0.534375011920929 0.6395833492279053 0.5546875 0.625 0.550000011920929 0.6083333492279053
0 0.6343749761581421 0.5604166388511658 0.6343749761581421 0.5895833373069763 0.6625000238418579 0.5854166746139526 0.6656249761581421 0.5979166626930237 0.671875 0.5979166626930237 0.671875 0.5604166388511658
0 0.6578124761581421 0.5145833492279053 0.651562511920929 0.5145833492279053 0.6234375238418579 0.5291666388511658 0.6234375238418579 0.5395833253860474 0.6312500238418579 0.5645833611488342 0.6343749761581421 0.5583333373069763 0.6484375 0.5583333373069763 0.6656249761581421 0.5479166507720947 0.6656249761581421 0.5416666865348816
0 0.6484375 0.6645833253860474 0.6421874761581421 0.6645833253860474 0.614062488079071 0.6791666746139526 0.614062488079071 0.6895833611488342 0.621874988079071 0.7145833373069763 0.6265624761581421 0.7145833373069763 0.65625 0.6979166865348816 0.65625 0.6916666626930237
0 0.41874998807907104 0.4729166626930237 0.40312498807907104 0.5041666626930237 0.40156251192092896 0.5145833492279053 0.41718751192092896 0.5291666388511658 0.42500001192092896 0.53125 0.44062501192092896 0.5 0.44218748807907104 0.4895833432674408 0.42500001192092896 0.4729166626930237
0 0.5843750238418579 0.5375000238418579 0.581250011920929 0.5375000238418579 0.5609375238418579 0.5520833134651184 0.5609375238418579 0.5583333373069763 0.5765625238418579 0.5958333611488342 0.581250011920929 0.5958333611488342 0.5921875238418579 0.5874999761581421 0.590624988079071 0.5645833611488342 0.589062511920929 0.5625 0.590624988079071 0.550000011920929
0 0.590624988079071 0.637499988079071 0.590624988079071 0.675000011920929 0.620312511920929 0.675000011920929 0.628125011920929 0.6708333492279053 0.628125011920929 0.637499988079071