0 0.589062511920929 0.6604166626930237 0.574999988079071 0.6833333373069763 0.574999988079071 0.6895833611488342 0.5953124761581421 0.7124999761581421 0.6031249761581421 0.7166666388511658 0.6171875 0.6958333253860474 0.6171875 0.6875 0.59375 0.6604166626930237
0 0.5078125 0.47083333134651184 0.4921875 0.5020833611488342 0.4906249940395355 0.512499988079071 0.5062500238418579 0.5270833373069763 0.5140625238418579 0.5291666388511658 0.5296875238418579 0.49791666865348816 0.53125 0.48750001192092896 0.5140625238418579 0.47083333134651184
0 0.5406249761581421 0.5916666388511658 0.5406249761581421 0.6291666626930237 0.578125 0.6291666626930237 0.578125 0.5916666388511658
0 0.6000000238418579 0.5520833134651184 0.5765625238418579 0.5666666626930237 0.5765625238418579 0.5729166865348816 0.5921875238418579 0.6104166507720947 0.596875011920929 0.6104166507720947 0.6171875 0.5958333611488342 0.612500011920929 0.5791666507720947
0 0.47343748807907104 0.5145833492279053 0.45781248807907104 0.5458333492279053 0.45625001192092896 0.5562499761581421 0.47187501192092896 0.5708333253860474 0.47968751192092896 0.5729166865348816 0.49531251192092896 0.5416666865348816 0.49687498807907104 0.53125 0.47968751192092896 0.5145833492279053
0 0.526562511920929 0.5583333373069763 0.520312488079071 0.5583333373069763 0.4921875 0.5729166865348816 0.4921875 0.5833333134651184 0.5 0.6083333492279053 0.504687488079071 0.6083333492279053 0.534375011920929 0.5916666388511658 0.534375011920929 0.5854166746139526
0 0.6265624761581421 0.5770833492279053 0.6265624761581421 0.6145833134651184 0.6640625 0.6145833134651184 0.6640625 0.5770833492279053
0 0.4906249940395355 0.581250011920929 0.46562498807907104 0.6020833253860474 0.46875 0.6229166388511658 0.4781250059604645 0.6354166865348816 0.484375 0.6333333253860474 0.5093749761581421 0.6104166507720947 0.5093749761581421 0.606249988079071 0.504687488079071 0.6104166507720947 0.4984374940395355 0.6083333492279053
0 0.44218748807907104 0.6333333253860474 0.42656248807907104 0.6645833253860474 0.42500001192092896 0.675000011920929 0.44062501192092896 0.6895833611488342 0.44843751192092896 0.6916666626930237 0.46406251192092896 0.6604166626930237 0.46562498807907104 0.6499999761581421 0.44843751192092896 0.6333333253860474
0 0.44062501192092896 0.49166667461395264 0.44062501192092896 0.5291666388511658 0.46562498807907104 0.5291666388511658 0.47187501192092896 0.5145833492279053 0.4781250059604645 0.512499988079071 0.4781250059604645 0.49166667461395264
0 0.43281251192092896 0.53125 0.41718751192092896 0.5625 0.4156250059604645 0.5729166865348816 0.4312500059604645 0.5874999761581421 0.4390625059604645 0.5895833373069763 0.4546875059604645 0.5583333373069763 0.45625001192092896 0.5479166507720947 0.4390625059604645 0.53125
0 0.5390625 0.6104166507720947 0.515625 0.625 0.515625 0.6312500238418579 0.53125 0.668749988079071 0.535937488079071 0.668749988079071 0.5562499761581421 0.6541666388511658 0.5484374761581421 0.6312500238418579 0.5390625 0.6291666626930237
0 0.5453125238418579 0.6625000238418579 0.535937488079071 0.6708333492279053 0.5296875238418579 0.6708333492279053 0.5234375 0.6812499761581421 0.5234375 0.6875 0.543749988079071 0.7104166746139526 0.551562488079071 0.7145833373069763 0.565625011920929 0.6937500238418579 0.565625011920929 0.6854166388511658
0 0.43281251192092896 0.46666666865348816 0.43281251192092896 0.5041666626930237 0.4390625059604645 0.5041666626930237 0.4390625059604645 0.49166667461395264 0.44062501192092896 0.4895833432674408 0.4703125059604645 0.4895833432674408 0.4703125059604645 0.46666666865348816