0 0.6234375238418579 0.4895833432674408 0.6234375238418579 0.5270833373069763 0.660937488079071 0.5270833373069763 0.660937488079071 0.4895833432674408
0 0.609375 0.49166667461395264 0.5953124761581421 0.5145833492279053 0.5953124761581421 0.5208333134651184 0.6156250238418579 0.543749988079071 0.6234375238418579 0.5479166507720947 0.635937511920929 0.5291666388511658 0.6234375238418579 0.5291666388511658 0.621874988079071 0.5270833373069763 0.621874988079071 0.5 0.614062488079071 0.49166667461395264
0 0.46875 0.5625 0.453125 0.59375 0.4515624940395355 0.6041666865348816 0.4671874940395355 0.6187499761581421 0.4749999940395355 0.6208333373069763 0.4906249940395355 0.5895833373069763 0.4921875 0.5791666507720947 0.4749999940395355 0.5625
0 0.6390625238418579 0.6833333373069763 0.6390625238418579 0.7208333611488342 0.676562488079071 0.7208333611488342 0.676562488079071 0.6833333373069763
0 0.5218750238418579 0.5 0.5171874761581421 0.5 0.4906249940395355 0.5229166746139526 0.4937500059604645 0.543749988079071 0.503125011920929 0.5562499761581421 0.5093749761581421 0.5541666746139526 0.534375011920929 0.53125 0.5328124761581421 0.5208333134651184
0 0.43437498807907104 0.5791666507720947 0.40625 0.5833333134651184 0.41093748807907104 0.6333333253860474 0.4390625059604645 0.6270833611488342
0 0.49687498807907104 0.550000011920929 0.48750001192092896 0.5687500238418579 0.48750001192092896 0.5729166865348816 0.4937500059604645 0.5791666507720947 0.4921875 0.5874999761581421 0.512499988079071 0.606249988079071 0.515625 0.606249988079071 0.528124988079071 0.581250011920929 0.528124988079071 0.5729166865348816 0.510937511920929 0.5562499761581421 0.503125011920929 0.5583333373069763
0 0.621874988079071 0.6229166388511658 0.6171875 0.6229166388511658 0.590624988079071 0.6458333134651184 0.59375 0.6666666865348816 0.6031249761581421 0.6791666746139526 0.609375 0.6770833134651184 0.6343749761581421 0.6541666388511658 0.6328125 0.643750011920929
0 0.6156250238418579 0.5458333492279053 0.6156250238418579 0.5791666507720947 0.653124988079071 0.5791666507720947 0.653124988079071 0.5416666865348816 0.629687488079071 0.5416666865348816 0.6234375238418579 0.550000011920929
0 0.4515624940395355 0.6666666865348816 0.4453125 0.6666666865348816 0.41718751192092896 0.6812499761581421 0.41718751192092896 0.6916666626930237 0.42500001192092896 0.7166666388511658 0.4296875 0.7166666388511658 0.4593749940395355 0.699999988079071 0.4593749940395355 0.6937500238418579
0 0.45781248807907104 0.5229166746139526 0.43437498807907104 0.5375000238418579 0.43437498807907104 0.543749988079071 0.44999998807907104 0.581250011920929 0.4609375 0.5770833492279053 0.4671874940395355 0.5625 0.47343748807907104 0.5604166388511658