0 0.4921875 0.5562499761581421 0.4921875 0.59375 0.5296875238418579 0.59375 0.5296875238418579 0.5562499761581421
0 0.4859375059604645 0.6291666626930237 0.47968751192092896 0.6291666626930237 0.4515624940395355 0.643750011920929 0.4515624940395355 0.6541666388511658 0.4593749940395355 0.6791666746139526 0.46406251192092896 0.6791666746139526 0.4937500059604645 0.6625000238418579 0.4937500059604645 0.65625
0 0.653124988079071 0.6333333253860474 0.6390625238418579 0.65625 0.6390625238418579 0.6625000238418579 0.659375011920929 0.6854166388511658 0.667187511920929 0.6895833611488342 0.6812499761581421 0.668749988079071 0.6812499761581421 0.6604166626930237 0.6578124761581421 0.6333333253860474
0 0.4515624940395355 0.5791666507720947 0.4234375059604645 0.5833333134651184 0.4281249940395355 0.6333333253860474 0.45625001192092896 0.6270833611488342
0 0.49687498807907104 0.6645833253860474 0.46875 0.6770833134651184 0.46406251192092896 0.6812499761581421 0.4593749940395355 0.6812499761581421 0.4593749940395355 0.7020833492279053 0.49687498807907104 0.7020833492279053
0 0.4859375059604645 0.53125 0.4828124940395355 0.53125 0.4625000059604645 0.5458333492279053 0.4625000059604645 0.5520833134651184 0.4781250059604645 0.5895833373069763 0.4828124940395355 0.5895833373069763 0.4906249940395355 0.5833333134651184 0.4906249940395355 0.5562499761581421 0.49531251192092896 0.5541666746139526
0 0.4203124940395355 0.6000000238418579 0.3921875059604645 0.6041666865348816 0.3968749940395355 0.6541666388511658 0.42500001192092896 0.6479166746139526
0 0.5687500238418579 0.5687500238418579 0.5546875 0.5916666388511658 0.5546875 0.5979166626930237 0.574999988079071 0.6208333373069763 0.582812488079071 0.625 0.596875011920929 0.6041666865348816 0.596875011920929 0.5958333611488342 0.573437511920929 0.5687500238418579
0 0.510937511920929 0.6083333492279053 0.49687498807907104 0.6354166865348816 0.49687498807907104 0.6416666507720947 0.5249999761581421 0.6666666865348816 0.528124988079071 0.6666666865348816 0.5406249761581421 0.6416666507720947 0.5406249761581421 0.6333333253860474 0.5140625238418579 0.6083333492279053
0 0.557812511920929 0.46875 0.543749988079071 0.4958333373069763 0.543749988079071 0.5020833611488342 0.5718749761581421 0.5270833373069763 0.574999988079071 0.5270833373069763 0.5874999761581421 0.5020833611488342 0.5874999761581421 0.4937500059604645 0.5609375238418579 0.46875
0 0.551562488079071 0.6604166626930237 0.53125 0.6625000238418579 0.528124988079071 0.668749988079071 0.5234375 0.6666666865348816 0.528124988079071 0.7145833373069763 0.5562499761581421 0.7083333134651184
0 0.5625 0.5479166507720947 0.534375011920929 0.5520833134651184 0.5390625 0.6020833253860474 0.5546875 0.6000000238418579 0.5531250238418579 0.5916666388511658 0.565625011920929 0.5708333253860474
0 0.5921875238418579 0.5020833611488342 0.5859375 0.5062500238418579 0.574999988079071 0.5291666388511658 0.565625011920929 0.5229166746139526 0.5609375238418579 0.5249999761581421 0.5640624761581421 0.5458333492279053 0.573437511920929 0.5583333373069763 0.5796874761581421 0.5562499761581421 0.604687511920929 0.5333333611488342 0.6031249761581421 0.5229166746139526
0 0.44999998807907104 0.48124998807907104 0.4453125 0.48124998807907104 0.41874998807907104 0.5041666626930237 0.421875 0.5249999761581421 0.4312500059604645 0.5375000238418579 0.4375 0.5354166626930237 0.4625000059604645 0.512499988079071 0.4609375 0.5020833611488342
0 0.3968749940395355 0.5249999761581421 0.3968749940395355 0.5625 0.43437498807907104 0.5625 0.43437498807907104 0.5395833253860474 0.4312500059604645 0.5395833253860474 0.4203124940395355 0.5249999761581421
0 0.643750011920929 0.5062500238418579 0.643750011920929 0.543749988079071 0.6812499761581421 0.543749988079071 0.6812499761581421 0.5062500238418579
0 0.534375011920929 0.6187499761581421 0.534375011920929 0.625 0.542187511920929 0.6333333253860474 0.542187511920929 0.6416666507720947 0.534375011920929 0.65625 0.5718749761581421 0.65625 0.5718749761581421 0.6187499761581421
0 0.4749999940395355 0.4749999940395355 0.4749999940395355 0.512499988079071 0.512499988079071 0.512499988079071 0.512499988079071 0.4749999940395355