0 0.659375011920929 0.5020833611488342 0.6312500238418579 0.5062500238418579 0.635937511920929 0.5562499761581421 0.6640625 0.550000011920929
0 0.46875 0.5229166746139526 0.453125 0.5541666746139526 0.4515624940395355 0.5645833611488342 0.4671874940395355 0.5791666507720947 0.4749999940395355 0.581250011920929 0.4906249940395355 0.550000011920929 0.4921875 0.5395833253860474 0.4749999940395355 0.5229166746139526
0 0.484375 0.5645833611488342 0.4749999940395355 0.5833333134651184 0.4703125059604645 0.5833333134651184 0.4671874940395355 0.5895833373069763 0.4671874940395355 0.5958333611488342 0.49531251192092896 0.6208333373069763 0.4984374940395355 0.6208333373069763 0.510937511920929 0.5958333611488342 0.510937511920929 0.5874999761581421
0 0.5687500238418579 0.4833333194255829 0.5640624761581421 0.4833333194255829 0.5375000238418579 0.5062500238418579 0.5406249761581421 0.5270833373069763 0.550000011920929 0.5395833253860474 0.5562499761581421 0.5375000238418579 0.581250011920929 0.5145833492279053 0.5796874761581421 0.5041666626930237
0 0.5390625 0.6729166507720947 0.5390625 0.7104166746139526 0.5765625238418579 0.7104166746139526 0.5765625238418579 0.6729166507720947
0 0.4859375059604645 0.6229166388511658 0.4859375059604645 0.6604166626930237 0.5234375 0.6604166626930237 0.5234375 0.6229166388511658
0 0.6484375 0.668749988079071 0.643750011920929 0.668749988079071 0.6171875 0.6916666626930237 0.620312511920929 0.7124999761581421 0.629687488079071 0.7250000238418579 0.635937511920929 0.7229166626930237 0.660937488079071 0.699999988079071 0.659375011920929 0.6895833611488342
0 0.5390625 0.5416666865348816 0.5390625 0.5791666507720947 0.5765625238418579 0.5791666507720947 0.5765625238418579 0.5416666865348816
0 0.582812488079071 0.5687500238418579 0.578125 0.5687500238418579 0.5765625238418579 0.581250011920929 0.5546875 0.581250011920929 0.559374988079071 0.6229166388511658 0.5874999761581421 0.6166666746139526
0 0.4078125059604645 0.6770833134651184 0.4078125059604645 0.7145833373069763 0.4453125 0.7145833373069763 0.4453125 0.6770833134651184
0 0.4312500059604645 0.5020833611488342 0.4312500059604645 0.5395833253860474 0.4593749940395355 0.5395833253860474 0.46875 0.5208333134651184 0.46875 0.5020833611488342