0 0.6328125 0.637499988079071 0.6265624761581421 0.637499988079071 0.598437488079071 0.6520833373069763 0.598437488079071 0.6625000238418579 0.606249988079071 0.6875 0.6109374761581421 0.6875 0.640625 0.6708333492279053 0.640625 0.6645833253860474
0 0.4312500059604645 0.6083333492279053 0.4312500059604645 0.6458333134651184 0.46875 0.6458333134651184 0.46875 0.6083333492279053
0 0.578125 0.5229166746139526 0.573437511920929 0.5229166746139526 0.546875 0.5458333492279053 0.550000011920929 0.5666666626930237 0.559374988079071 0.5791666507720947 0.565625011920929 0.5770833492279053 0.590624988079071 0.5541666746139526 0.589062511920929 0.543749988079071
0 0.590624988079071 0.5458333492279053 0.5921875238418579 0.5541666746139526 0.5703125 0.574999988079071 0.598437488079071 0.6000000238418579 0.6015625 0.6000000238418579 0.614062488079071 0.574999988079071 0.614062488079071 0.5666666626930237
0 0.520312488079071 0.5395833253860474 0.504687488079071 0.5708333253860474 0.503125011920929 0.581250011920929 0.518750011920929 0.5958333611488342 0.526562511920929 0.5979166626930237 0.542187511920929 0.5666666626930237 0.543749988079071 0.5562499761581421 0.526562511920929 0.5395833253860474
0 0.4609375 0.6479166746139526 0.4546875059604645 0.6479166746139526 0.42656248807907104 0.6625000238418579 0.42656248807907104 0.6729166507720947 0.43437498807907104 0.6979166865348816 0.4390625059604645 0.6979166865348816 0.46875 0.6812499761581421 0.46875 0.675000011920929
0 0.65625 0.46666666865348816 0.628125011920929 0.47083333134651184 0.6328125 0.5208333134651184 0.660937488079071 0.5145833492279053
0 0.41718751192092896 0.6270833611488342 0.39375001192092896 0.6416666507720947 0.39375001192092896 0.6479166746139526 0.40937501192092896 0.6854166388511658 0.4140625 0.6854166388511658 0.42656248807907104 0.675000011920929 0.42500001192092896 0.6625000238418579 0.4312500059604645 0.6583333611488342
0 0.637499988079071 0.5395833253860474 0.637499988079071 0.5770833492279053 0.675000011920929 0.5770833492279053 0.675000011920929 0.5395833253860474
0 0.5609375238418579 0.4958333373069763 0.5609375238418579 0.53125 0.573437511920929 0.5208333134651184 0.578125 0.5208333134651184 0.5843750238418579 0.5333333611488342 0.598437488079071 0.5333333611488342 0.598437488079071 0.4958333373069763
0 0.44062501192092896 0.47083333134651184 0.42500001192092896 0.5020833611488342 0.4234375059604645 0.512499988079071 0.4390625059604645 0.5270833373069763 0.4468750059604645 0.5291666388511658 0.4625000059604645 0.49791666865348816 0.46406251192092896 0.48750001192092896 0.4468750059604645 0.47083333134651184
0 0.5921875238418579 0.6541666388511658 0.5640624761581421 0.6583333611488342 0.5687500238418579 0.7083333134651184 0.596875011920929 0.7020833492279053
0 0.5796874761581421 0.5854166746139526 0.551562488079071 0.5895833373069763 0.5562499761581421 0.6395833492279053 0.5843750238418579 0.6333333253860474
0 0.5796874761581421 0.47708332538604736 0.5796874761581421 0.4937500059604645 0.598437488079071 0.4937500059604645 0.6000000238418579 0.4958333373069763 0.6000000238418579 0.5145833492279053 0.6171875 0.5145833492279053 0.6171875 0.47708332538604736
0 0.637499988079071 0.5833333134651184 0.6328125 0.5833333134651184 0.606249988079071 0.606249988079071 0.609375 0.6270833611488342 0.6187499761581421 0.6395833492279053 0.625 0.637499988079071 0.6499999761581421 0.6145833134651184 0.6484375 0.6041666865348816
0 0.5218750238418579 0.6583333611488342 0.4937500059604645 0.6625000238418579 0.4984374940395355 0.7124999761581421 0.526562511920929 0.706250011920929