0 0.6031249761581421 0.518750011920929 0.598437488079071 0.518750011920929 0.5718749761581421 0.5416666865348816 0.574999988079071 0.5625 0.5843750238418579 0.574999988079071 0.590624988079071 0.5729166865348816 0.6156250238418579 0.550000011920929 0.614062488079071 0.5395833253860474
0 0.4281249940395355 0.5562499761581421 0.4281249940395355 0.59375 0.46562498807907104 0.59375 0.46562498807907104 0.5562499761581421
0 0.4234375059604645 0.5041666626930237 0.41874998807907104 0.5041666626930237 0.3921875059604645 0.5270833373069763 0.39531248807907104 0.5479166507720947 0.4046874940395355 0.5604166388511658 0.41093748807907104 0.5583333373069763 0.4359374940395355 0.5354166626930237 0.43437498807907104 0.5249999761581421
0 0.628125011920929 0.643750011920929 0.614062488079071 0.6666666865348816 0.614062488079071 0.6729166507720947 0.6343749761581421 0.6958333253860474 0.6421874761581421 0.699999988079071 0.65625 0.6791666746139526 0.65625 0.6708333492279053 0.6328125 0.643750011920929
0 0.5406249761581421 0.5395833253860474 0.512499988079071 0.543749988079071 0.5171874761581421 0.59375 0.5453125238418579 0.5874999761581421
0 0.5093749761581421 0.625 0.5093749761581421 0.6625000238418579 0.546875 0.6625000238418579 0.546875 0.625
0 0.4296875 0.6041666865348816 0.4296875 0.6104166507720947 0.45781248807907104 0.6354166865348816 0.4625000059604645 0.6333333253860474 0.47343748807907104 0.6104166507720947 0.47343748807907104 0.6020833253860474 0.4671874940395355 0.5958333611488342 0.43437498807907104 0.5958333611488342
0 0.4781250059604645 0.49166667461395264 0.47187501192092896 0.49166667461395264 0.4437499940395355 0.5062500238418579 0.4437499940395355 0.5166666507720947 0.4515624940395355 0.5416666865348816 0.45625001192092896 0.5416666865348816 0.4859375059604645 0.5249999761581421 0.4859375059604645 0.518750011920929
0 0.4375 0.6187499761581421 0.42656248807907104 0.637499988079071 0.42656248807907104 0.643750011920929 0.4468750059604645 0.6666666865348816 0.4546875059604645 0.6708333492279053 0.46875 0.6499999761581421 0.46875 0.6416666507720947 0.46406251192092896 0.6354166865348816 0.45781248807907104 0.637499988079071
0 0.551562488079071 0.6208333373069763 0.5484374761581421 0.625 0.5484374761581421 0.6625000238418579 0.565625011920929 0.6791666746139526 0.5687500238418579 0.6791666746139526 0.581250011920929 0.6541666388511658 0.581250011920929 0.6458333134651184 0.5546875 0.6208333373069763
0 0.59375 0.581250011920929 0.589062511920929 0.581250011920929 0.5625 0.6041666865348816 0.565625011920929 0.625 0.574999988079071 0.637499988079071 0.581250011920929 0.6354166865348816 0.606249988079071 0.612500011920929 0.604687511920929 0.6020833253860474
0 0.504687488079071 0.5604166388511658 0.4906249940395355 0.5833333134651184 0.4906249940395355 0.5895833373069763 0.510937511920929 0.612500011920929 0.518750011920929 0.6166666746139526 0.5328124761581421 0.59375 0.5171874761581421 0.5958333611488342 0.5140625238418579 0.5854166746139526 0.512499988079071 0.5645833611488342 0.5093749761581421 0.5604166388511658