0 0.47968751192092896 0.5104166865348816 0.4515624940395355 0.5145833492279053 0.45625001192092896 0.5645833611488342 0.484375 0.5583333373069763
0 0.567187488079071 0.53125 0.543749988079071 0.5458333492279053 0.543749988079071 0.5520833134651184 0.559374988079071 0.5895833373069763 0.5640624761581421 0.5895833373069763 0.5843750238418579 0.574999988079071 0.5796874761581421 0.5583333373069763
0 0.42500001192092896 0.5874999761581421 0.40156251192092896 0.6020833253860474 0.40156251192092896 0.6083333492279053 0.41718751192092896 0.6458333134651184 0.421875 0.6458333134651184 0.44218748807907104 0.6312500238418579 0.4375 0.6145833134651184
0 0.503125011920929 0.5854166746139526 0.4984374940395355 0.5854166746139526 0.47187501192092896 0.6083333492279053 0.4749999940395355 0.6291666626930237 0.484375 0.6416666507720947 0.4906249940395355 0.6395833492279053 0.515625 0.6166666746139526 0.5140625238418579 0.606249988079071
0 0.526562511920929 0.5249999761581421 0.526562511920929 0.53125 0.542187511920929 0.5479166507720947 0.5453125238418579 0.5416666865348816 0.5640624761581421 0.5291666388511658 0.5687500238418579 0.53125 0.5609375238418579 0.518750011920929 0.5453125238418579 0.5020833611488342 0.5406249761581421 0.5020833611488342
0 0.567187488079071 0.5958333611488342 0.5531250238418579 0.6229166388511658 0.5531250238418579 0.6291666626930237 0.581250011920929 0.6541666388511658 0.5843750238418579 0.6541666388511658 0.596875011920929 0.6291666626930237 0.596875011920929 0.6208333373069763 0.5703125 0.5958333611488342
0 0.41874998807907104 0.5145833492279053 0.41874998807907104 0.5520833134651184 0.453125 0.5520833134651184 0.44999998807907104 0.5145833492279053
0 0.47187501192092896 0.6333333253860474 0.46562498807907104 0.6333333253860474 0.4375 0.6479166746139526 0.4375 0.6583333611488342 0.4453125 0.6833333373069763 0.44999998807907104 0.6833333373069763 0.47968751192092896 0.6666666865348816 0.47968751192092896 0.6604166626930237
0 0.6656249761581421 0.6229166388511658 0.660937488079071 0.6229166388511658 0.6343749761581421 0.6458333134651184 0.637499988079071 0.6666666865348816 0.6468750238418579 0.6791666746139526 0.653124988079071 0.6770833134651184 0.6781250238418579 0.6541666388511658 0.676562488079071 0.643750011920929
0 0.484375 0.5708333253860474 0.47968751192092896 0.5708333253860474 0.453125 0.59375 0.45625001192092896 0.6145833134651184 0.46562498807907104 0.6270833611488342 0.47343748807907104 0.6229166388511658 0.4703125059604645 0.6166666746139526 0.4703125059604645 0.6083333492279053 0.4921875 0.5895833373069763 0.4921875 0.5854166746139526
0 0.6015625 0.550000011920929 0.582812488079071 0.5604166388511658 0.5859375 0.574999988079071 0.581250011920929 0.5791666507720947 0.59375 0.6083333492279053 0.598437488079071 0.6083333492279053 0.6187499761581421 0.59375 0.614062488079071 0.5770833492279053
0 0.6234375238418579 0.6208333373069763 0.609375 0.643750011920929 0.609375 0.6499999761581421 0.629687488079071 0.6729166507720947 0.637499988079071 0.6770833134651184 0.640625 0.6729166507720947 0.635937511920929 0.6666666865348816 0.6328125 0.6458333134651184 0.6421874761581421 0.637499988079071 0.628125011920929 0.6208333373069763
0 0.604687511920929 0.47083333134651184 0.5765625238418579 0.4749999940395355 0.581250011920929 0.5249999761581421 0.609375 0.518750011920929
0 0.4828124940395355 0.6666666865348816 0.46875 0.6937500238418579 0.46875 0.699999988079071 0.49687498807907104 0.7250000238418579 0.5 0.7250000238418579 0.512499988079071 0.699999988079071 0.512499988079071 0.6916666626930237 0.4859375059604645 0.6666666865348816