0 0.4468750059604645 0.6000000238418579 0.41874998807907104 0.6041666865348816 0.4234375059604645 0.6541666388511658 0.4515624940395355 0.6479166746139526
0 0.651562511920929 0.5291666388511658 0.637499988079071 0.5520833134651184 0.637499988079071 0.5583333373069763 0.6578124761581421 0.581250011920929 0.6656249761581421 0.5854166746139526 0.6796875 0.5645833611488342 0.6796875 0.5562499761581421 0.65625 0.5291666388511658
0 0.5140625238418579 0.6833333373069763 0.5140625238418579 0.7208333611488342 0.551562488079071 0.7208333611488342 0.551562488079071 0.6833333373069763
0 0.6312500238418579 0.581250011920929 0.6171875 0.6041666865348816 0.6171875 0.6104166507720947 0.637499988079071 0.6333333253860474 0.645312488079071 0.637499988079071 0.659375011920929 0.6166666746139526 0.659375011920929 0.6083333492279053 0.635937511920929 0.581250011920929
0 0.590624988079071 0.6583333611488342 0.5843750238418579 0.6583333611488342 0.5562499761581421 0.6729166507720947 0.5562499761581421 0.6833333373069763 0.5640624761581421 0.7083333134651184 0.5687500238418579 0.7083333134651184 0.598437488079071 0.6916666626930237 0.598437488079071 0.6854166388511658
0 0.6546875238418579 0.4854166805744171 0.6484375 0.4854166805744171 0.6312500238418579 0.5208333134651184 0.6312500238418579 0.5270833373069763 0.6421874761581421 0.5375000238418579 0.645312488079071 0.5375000238418579 0.651562511920929 0.5270833373069763 0.65625 0.5270833373069763 0.660937488079071 0.53125 0.671875 0.5083333253860474 0.671875 0.5020833611488342
0 0.520312488079071 0.574999988079071 0.49687498807907104 0.5895833373069763 0.49687498807907104 0.5958333611488342 0.512499988079071 0.6333333253860474 0.5171874761581421 0.6333333253860474 0.5375000238418579 0.6187499761581421 0.5328124761581421 0.6020833253860474
0 0.4671874940395355 0.46875 0.4625000059604645 0.46875 0.4359374940395355 0.49166667461395264 0.4390625059604645 0.512499988079071 0.44843751192092896 0.5249999761581421 0.4546875059604645 0.5229166746139526 0.47968751192092896 0.5 0.4781250059604645 0.4895833432674408
0 0.49687498807907104 0.637499988079071 0.4906249940395355 0.637499988079071 0.4625000059604645 0.6520833373069763 0.4625000059604645 0.6625000238418579 0.4703125059604645 0.6875 0.4749999940395355 0.6875 0.504687488079071 0.6708333492279053 0.504687488079071 0.6645833253860474
0 0.47968751192092896 0.5729166865348816 0.4749999940395355 0.5729166865348816 0.44843751192092896 0.5958333611488342 0.4515624940395355 0.6166666746139526 0.4609375 0.6291666626930237 0.4671874940395355 0.6270833611488342 0.4921875 0.6041666865348816 0.4906249940395355 0.59375
0 0.5921875238418579 0.5458333492279053 0.5874999761581421 0.5458333492279053 0.5609375238418579 0.5687500238418579 0.5640624761581421 0.5895833373069763 0.573437511920929 0.6020833253860474 0.5796874761581421 0.6000000238418579 0.604687511920929 0.5770833492279053 0.6031249761581421 0.5666666626930237
0 0.5874999761581421 0.5020833611488342 0.573437511920929 0.5249999761581421 0.573437511920929 0.53125 0.5843750238418579 0.543749988079071 0.5921875238418579 0.543749988079071 0.598437488079071 0.5562499761581421 0.6015625 0.5583333373069763 0.6156250238418579 0.5375000238418579 0.6156250238418579 0.5291666388511658 0.5921875238418579 0.5020833611488342
0 0.4828124940395355 0.4895833432674408 0.48124998807907104 0.5 0.46875 0.512499988079071 0.46875 0.518750011920929 0.48906248807907104 0.5416666865348816 0.49687498807907104 0.5458333492279053 0.510937511920929 0.5249999761581421 0.510937511920929 0.5166666507720947 0.48750001192092896 0.4895833432674408
0 0.5390625 0.512499988079071 0.5234375 0.543749988079071 0.5218750238418579 0.5541666746139526 0.5375000238418579 0.5687500238418579 0.5453125238418579 0.5708333253860474 0.5609375238418579 0.5395833253860474 0.5625 0.5291666388511658 0.5453125238418579 0.512499988079071