0 0.659375011920929 0.46875 0.6312500238418579 0.4729166626930237 0.635937511920929 0.5229166746139526 0.6640625 0.5166666507720947
0 0.653124988079071 0.5354166626930237 0.6390625238418579 0.5583333373069763 0.6390625238418579 0.5645833611488342 0.659375011920929 0.5874999761581421 0.667187511920929 0.5916666388511658 0.6812499761581421 0.5708333253860474 0.6812499761581421 0.5625 0.6578124761581421 0.5354166626930237
0 0.5562499761581421 0.612500011920929 0.5406249761581421 0.643750011920929 0.5390625 0.6541666388511658 0.5546875 0.668749988079071 0.5625 0.6708333492279053 0.578125 0.6395833492279053 0.5796874761581421 0.6291666626930237 0.5625 0.612500011920929
0 0.518750011920929 0.6666666865348816 0.5140625238418579 0.6666666865348816 0.48750001192092896 0.6895833611488342 0.4906249940395355 0.7104166746139526 0.5 0.7229166626930237 0.5062500238418579 0.7208333611488342 0.53125 0.6979166865348816 0.5296875238418579 0.6875
0 0.581250011920929 0.637499988079071 0.565625011920929 0.668749988079071 0.5640624761581421 0.6791666746139526 0.5796874761581421 0.6937500238418579 0.5874999761581421 0.6958333253860474 0.6031249761581421 0.6645833253860474 0.604687511920929 0.6541666388511658 0.5874999761581421 0.637499988079071
0 0.574999988079071 0.48750001192092896 0.5609375238418579 0.5104166865348816 0.5609375238418579 0.5166666507720947 0.581250011920929 0.5395833253860474 0.589062511920929 0.543749988079071 0.6031249761581421 0.5229166746139526 0.6031249761581421 0.5145833492279053 0.5796874761581421 0.48750001192092896
0 0.421875 0.5458333492279053 0.4078125059604645 0.5729166865348816 0.4078125059604645 0.5791666507720947 0.4359374940395355 0.6041666865348816 0.4390625059604645 0.6041666865348816 0.4515624940395355 0.5791666507720947 0.4515624940395355 0.5708333253860474 0.42500001192092896 0.5458333492279053
0 0.5078125 0.5416666865348816 0.5015624761581421 0.5416666865348816 0.47343748807907104 0.5562499761581421 0.47343748807907104 0.5666666626930237 0.48124998807907104 0.5916666388511658 0.4859375059604645 0.5916666388511658 0.515625 0.574999988079071 0.515625 0.5687500238418579
0 0.5625 0.5770833492279053 0.5484374761581421 0.6041666865348816 0.5484374761581421 0.6104166507720947 0.5531250238418579 0.6145833134651184 0.5562499761581421 0.6104166507720947 0.5625 0.6104166507720947 0.581250011920929 0.6291666626930237 0.581250011920929 0.6333333253860474 0.5921875238418579 0.6104166507720947 0.5921875238418579 0.6020833253860474 0.565625011920929 0.5770833492279053
0 0.518750011920929 0.6000000238418579 0.503125011920929 0.6312500238418579 0.5015624761581421 0.6416666507720947 0.5171874761581421 0.65625 0.5249999761581421 0.6583333611488342 0.5406249761581421 0.6270833611488342 0.542187511920929 0.6166666746139526 0.5249999761581421 0.6000000238418579
0 0.6078125238418579 0.6291666626930237 0.598437488079071 0.643750011920929 0.606249988079071 0.6541666388511658 0.606249988079071 0.6604166626930237 0.6031249761581421 0.668749988079071 0.614062488079071 0.6812499761581421 0.621874988079071 0.6854166388511658 0.635937511920929 0.6645833253860474 0.635937511920929 0.65625 0.612500011920929 0.6291666626930237
0 0.42500001192092896 0.46875 0.41093748807907104 0.4958333373069763 0.41093748807907104 0.5020833611488342 0.4390625059604645 0.5270833373069763 0.44218748807907104 0.5270833373069763 0.4546875059604645 0.5020833611488342 0.4546875059604645 0.4937500059604645 0.4281249940395355 0.46875
0 0.4437499940395355 0.6041666865348816 0.43281251192092896 0.606249988079071 0.40937501192092896 0.6187499761581421 0.40937501192092896 0.6291666626930237 0.41718751192092896 0.6541666388511658 0.421875 0.6541666388511658 0.4515624940395355 0.637499988079071 0.4515624940395355 0.6312500238418579
0 0.4828124940395355 0.6354166865348816 0.4765625 0.6354166865348816 0.44843751192092896 0.6499999761581421 0.44843751192092896 0.6604166626930237 0.45625001192092896 0.6854166388511658 0.4609375 0.6854166388511658 0.4906249940395355 0.668749988079071 0.4906249940395355 0.6625000238418579
0 0.6703125238418579 0.6083333492279053 0.6421874761581421 0.612500011920929 0.6468750238418579 0.6625000238418579 0.675000011920929 0.65625
0 0.453125 0.4854166805744171 0.4515624940395355 0.48750001192092896 0.45625001192092896 0.4937500059604645 0.45625001192092896 0.5020833611488342 0.4453125 0.5229166746139526 0.4671874940395355 0.543749988079071 0.4703125059604645 0.543749988079071 0.4828124940395355 0.518750011920929 0.4828124940395355 0.5104166865348816 0.45625001192092896 0.4854166805744171
0 0.43281251192092896 0.6499999761581421 0.40937501192092896 0.6645833253860474 0.40937501192092896 0.6708333492279053 0.42500001192092896 0.7083333134651184 0.4296875 0.7083333134651184 0.44999998807907104 0.6937500238418579 0.4453125 0.6770833134651184
0 0.4703125059604645 0.5854166746139526 0.44843751192092896 0.5874999761581421 0.4437499940395355 0.5979166626930237 0.453125 0.6312500238418579 0.4515624940395355 0.6395833492279053 0.4749999940395355 0.6333333253860474
0 0.4453125 0.5375000238418579 0.4468750059604645 0.5625 0.453125 0.5708333253860474 0.453125 0.5791666507720947 0.44999998807907104 0.5854166746139526 0.4765625 0.5833333134651184 0.47187501192092896 0.5666666626930237 0.47187501192092896 0.5562499761581421 0.4749999940395355 0.5541666746139526 0.4749999940395355 0.5416666865348816 0.47343748807907104 0.5395833253860474 0.4703125059604645 0.5458333492279053 0.4671874940395355 0.5458333492279053 0.45625001192092896 0.5354166626930237