0 0.4671874940395355 0.5562499761581421 0.4671874940395355 0.59375 0.504687488079071 0.59375 0.504687488079071 0.5562499761581421
0 0.5640624761581421 0.46875 0.550000011920929 0.49166667461395264 0.550000011920929 0.49791666865348816 0.5703125 0.5208333134651184 0.578125 0.5249999761581421 0.5921875238418579 0.5041666626930237 0.5921875238418579 0.4958333373069763 0.5687500238418579 0.46875
0 0.640625 0.49166667461395264 0.635937511920929 0.49166667461395264 0.609375 0.5145833492279053 0.612500011920929 0.5354166626930237 0.621874988079071 0.5479166507720947 0.628125011920929 0.5458333492279053 0.653124988079071 0.5229166746139526 0.651562511920929 0.512499988079071
0 0.49531251192092896 0.5958333611488342 0.47343748807907104 0.5958333611488342 0.4593749940395355 0.6083333492279053 0.4625000059604645 0.6291666626930237 0.47187501192092896 0.6416666507720947 0.4781250059604645 0.6395833492279053 0.503125011920929 0.6166666746139526 0.503125011920929 0.6104166507720947
0 0.518750011920929 0.6458333134651184 0.503125011920929 0.6770833134651184 0.5015624761581421 0.6875 0.5171874761581421 0.7020833492279053 0.5249999761581421 0.7041666507720947 0.5406249761581421 0.6729166507720947 0.542187511920929 0.6625000238418579 0.5249999761581421 0.6458333134651184
0 0.4906249940395355 0.6499999761581421 0.4625000059604645 0.6541666388511658 0.4671874940395355 0.7041666507720947 0.49531251192092896 0.6979166865348816
0 0.667187511920929 0.5416666865348816 0.660937488079071 0.5416666865348816 0.6328125 0.5562499761581421 0.6328125 0.5666666626930237 0.640625 0.5916666388511658 0.645312488079071 0.5916666388511658 0.675000011920929 0.574999988079071 0.675000011920929 0.5687500238418579
0 0.5249999761581421 0.6229166388511658 0.526562511920929 0.6458333134651184 0.543749988079071 0.6625000238418579 0.542187511920929 0.6708333492279053 0.5562499761581421 0.668749988079071 0.557812511920929 0.6604166626930237 0.5562499761581421 0.6583333611488342 0.5531250238418579 0.6187499761581421
0 0.5562499761581421 0.5958333611488342 0.543749988079071 0.6166666746139526 0.5531250238418579 0.6166666746139526 0.5562499761581421 0.6270833611488342 0.5562499761581421 0.6395833492279053 0.5625 0.6479166746139526 0.5703125 0.6520833373069763 0.5843750238418579 0.6312500238418579 0.5843750238418579 0.6229166388511658 0.5609375238418579 0.5958333611488342
0 0.4281249940395355 0.6770833134651184 0.4281249940395355 0.7145833373069763 0.46562498807907104 0.7145833373069763 0.46562498807907104 0.6979166865348816 0.4625000059604645 0.6770833134651184
0 0.46562498807907104 0.4791666567325592 0.4375 0.4833333194255829 0.44218748807907104 0.5333333611488342 0.4703125059604645 0.5270833373069763
0 0.5249999761581421 0.581250011920929 0.518750011920929 0.581250011920929 0.5062500238418579 0.5874999761581421 0.504687488079071 0.5958333611488342 0.49687498807907104 0.5958333611488342 0.504687488079071 0.6104166507720947 0.504687488079071 0.6166666746139526 0.49687498807907104 0.625 0.4984374940395355 0.6312500238418579 0.503125011920929 0.6312500238418579 0.5328124761581421 0.6145833134651184 0.5328124761581421 0.6083333492279053