0 0.4609375 0.5895833373069763 0.4468750059604645 0.612500011920929 0.4468750059604645 0.6187499761581421 0.4671874940395355 0.6416666507720947 0.4749999940395355 0.6458333134651184 0.48906248807907104 0.625 0.48906248807907104 0.6166666746139526 0.46562498807907104 0.5895833373069763
0 0.4828124940395355 0.5375000238418579 0.46875 0.5645833611488342 0.46875 0.5708333253860474 0.49687498807907104 0.5958333611488342 0.5 0.5958333611488342 0.512499988079071 0.5708333253860474 0.512499988079071 0.5625 0.4859375059604645 0.5375000238418579
0 0.48750001192092896 0.668749988079071 0.47343748807907104 0.6958333253860474 0.47343748807907104 0.7020833492279053 0.5015624761581421 0.7270833253860474 0.504687488079071 0.7270833253860474 0.5171874761581421 0.7020833492279053 0.5171874761581421 0.6937500238418579 0.4906249940395355 0.668749988079071
0 0.5765625238418579 0.5041666626930237 0.5703125 0.5041666626930237 0.542187511920929 0.518750011920929 0.542187511920929 0.5291666388511658 0.550000011920929 0.5541666746139526 0.5546875 0.5541666746139526 0.5843750238418579 0.5375000238418579 0.5843750238418579 0.53125
0 0.6031249761581421 0.581250011920929 0.5874999761581421 0.612500011920929 0.5859375 0.6229166388511658 0.6015625 0.637499988079071 0.609375 0.6395833492279053 0.625 0.6083333492279053 0.6265624761581421 0.5979166626930237 0.609375 0.581250011920929
0 0.5874999761581421 0.5729166865348816 0.581250011920929 0.5729166865348816 0.5531250238418579 0.5874999761581421 0.5531250238418579 0.5979166626930237 0.5609375238418579 0.6229166388511658 0.578125 0.6166666746139526 0.589062511920929 0.6083333492279053 0.59375 0.59375
0 0.421875 0.6416666507720947 0.39375001192092896 0.6458333134651184 0.3984375 0.6958333253860474 0.42656248807907104 0.6895833611488342
0 0.640625 0.5625 0.625 0.59375 0.628125011920929 0.5979166626930237 0.6265624761581421 0.606249988079071 0.6421874761581421 0.6208333373069763 0.6468750238418579 0.6208333373069763 0.6625000238418579 0.5895833373069763 0.6640625 0.5791666507720947 0.6468750238418579 0.5625
0 0.528124988079071 0.6416666507720947 0.5140625238418579 0.6645833253860474 0.5140625238418579 0.6708333492279053 0.534375011920929 0.6937500238418579 0.542187511920929 0.6979166865348816 0.5562499761581421 0.6770833134651184 0.5562499761581421 0.668749988079071 0.5328124761581421 0.6416666507720947
0 0.6546875238418579 0.6458333134651184 0.640625 0.668749988079071 0.640625 0.675000011920929 0.660937488079071 0.6979166865348816 0.668749988079071 0.7020833492279053 0.682812511920929 0.6812499761581421 0.682812511920929 0.6729166507720947 0.659375011920929 0.6458333134651184
0 0.5234375 0.53125 0.542187511920929 0.53125 0.5406249761581421 0.518750011920929 0.5609375238418579 0.5083333253860474 0.5609375238418579 0.4937500059604645 0.5234375 0.4937500059604645
0 0.526562511920929 0.5604166388511658 0.512499988079071 0.5833333134651184 0.512499988079071 0.5895833373069763 0.5328124761581421 0.612500011920929 0.5406249761581421 0.6166666746139526 0.551562488079071 0.6000000238418579 0.551562488079071 0.5874999761581421 0.5531250238418579 0.5854166746139526 0.53125 0.5604166388511658
0 0.645312488079071 0.5354166626930237 0.6171875 0.5395833253860474 0.621874988079071 0.5895833373069763 0.6265624761581421 0.5895833373069763 0.640625 0.5604166388511658 0.6484375 0.5625
0 0.6703125238418579 0.5895833373069763 0.6640625 0.5895833373069763 0.6499999761581421 0.6187499761581421 0.645312488079071 0.6229166388511658 0.6468750238418579 0.643750011920929 0.6640625 0.6416666507720947 0.675000011920929 0.637499988079071