0 0.59375 0.6312500238418579 0.565625011920929 0.6354166865348816 0.5703125 0.6854166388511658 0.598437488079071 0.6791666746139526
0 0.4765625 0.543749988079071 0.453125 0.5583333373069763 0.453125 0.5645833611488342 0.46875 0.6020833253860474 0.47343748807907104 0.6020833253860474 0.4937500059604645 0.5874999761581421 0.48906248807907104 0.5708333253860474
0 0.6421874761581421 0.5541666746139526 0.6187499761581421 0.5687500238418579 0.6187499761581421 0.574999988079071 0.6343749761581421 0.612500011920929 0.6390625238418579 0.612500011920929 0.659375011920929 0.5979166626930237 0.6546875238418579 0.581250011920929
0 0.604687511920929 0.6333333253860474 0.604687511920929 0.6708333492279053 0.6421874761581421 0.6708333492279053 0.6421874761581421 0.6333333253860474
0 0.6578124761581421 0.6229166388511658 0.6421874761581421 0.6312500238418579 0.643750011920929 0.6333333253860474 0.643750011920929 0.6666666865348816 0.6499999761581421 0.6812499761581421 0.6546875238418579 0.6812499761581421 0.675000011920929 0.6666666865348816 0.6703125238418579 0.6499999761581421
0 0.574999988079071 0.5958333611488342 0.5703125 0.5958333611488342 0.543749988079071 0.6187499761581421 0.546875 0.6395833492279053 0.5562499761581421 0.6520833373069763 0.565625011920929 0.6458333134651184 0.5640624761581421 0.643750011920929 0.565625011920929 0.6333333253860474 0.581250011920929 0.6312500238418579 0.5874999761581421 0.6270833611488342 0.5859375 0.6166666746139526
0 0.43281251192092896 0.4749999940395355 0.40937501192092896 0.4895833432674408 0.40937501192092896 0.4958333373069763 0.42500001192092896 0.5333333611488342 0.4296875 0.5333333611488342 0.44999998807907104 0.518750011920929 0.4453125 0.5020833611488342
0 0.5328124761581421 0.5791666507720947 0.526562511920929 0.5791666507720947 0.4984374940395355 0.59375 0.4984374940395355 0.6041666865348816 0.5062500238418579 0.6291666626930237 0.510937511920929 0.6291666626930237 0.5406249761581421 0.612500011920929 0.5406249761581421 0.606249988079071
0 0.47343748807907104 0.6187499761581421 0.4593749940395355 0.6416666507720947 0.4593749940395355 0.6479166746139526 0.47968751192092896 0.6708333492279053 0.48750001192092896 0.675000011920929 0.5015624761581421 0.6541666388511658 0.5015624761581421 0.6458333134651184 0.4781250059604645 0.6187499761581421
0 0.565625011920929 0.6479166746139526 0.5625 0.6520833373069763 0.5562499761581421 0.6541666388511658 0.5453125238418579 0.6395833492279053 0.5453125238418579 0.6354166865348816 0.542187511920929 0.6354166865348816 0.526562511920929 0.643750011920929 0.526562511920929 0.6541666388511658 0.534375011920929 0.6791666746139526 0.5390625 0.6791666746139526 0.567187488079071 0.6645833253860474
0 0.581250011920929 0.5375000238418579 0.574999988079071 0.5375000238418579 0.546875 0.5520833134651184 0.546875 0.5625 0.5546875 0.5874999761581421 0.559374988079071 0.5874999761581421 0.589062511920929 0.5708333253860474 0.589062511920929 0.5645833611488342
0 0.5953124761581421 0.5916666388511658 0.5953124761581421 0.6291666626930237 0.6328125 0.6291666626930237 0.6328125 0.612500011920929 0.625 0.5916666388511658
0 0.5015624761581421 0.46875 0.49531251192092896 0.46875 0.4671874940395355 0.4833333194255829 0.4671874940395355 0.4937500059604645 0.4749999940395355 0.518750011920929 0.47968751192092896 0.518750011920929 0.5093749761581421 0.5020833611488342 0.5093749761581421 0.4958333373069763
0 0.5765625238418579 0.5166666507720947 0.578125 0.5354166626930237 0.582812488079071 0.5375000238418579 0.590624988079071 0.5645833611488342 0.6078125238418579 0.5625 0.609375 0.5541666746139526 0.6078125238418579 0.5520833134651184 0.604687511920929 0.512499988079071