0 0.4453125 0.47083333134651184 0.4312500059604645 0.4937500059604645 0.4312500059604645 0.5 0.4515624940395355 0.5229166746139526 0.4593749940395355 0.5270833373069763 0.47343748807907104 0.5062500238418579 0.47343748807907104 0.49791666865348816 0.44999998807907104 0.47083333134651184
0 0.6312500238418579 0.6479166746139526 0.6078125238418579 0.6625000238418579 0.6078125238418579 0.668749988079071 0.6234375238418579 0.706250011920929 0.628125011920929 0.706250011920929 0.6484375 0.6916666626930237 0.643750011920929 0.675000011920929
0 0.44062501192092896 0.4749999940395355 0.4140625 0.4791666567325592 0.41874998807907104 0.5291666388511658 0.4468750059604645 0.5229166746139526 0.4468750059604645 0.518750011920929 0.4296875 0.5 0.4296875 0.4937500059604645
0 0.4468750059604645 0.5375000238418579 0.4312500059604645 0.5687500238418579 0.4296875 0.5791666507720947 0.4453125 0.59375 0.453125 0.5958333611488342 0.46875 0.5645833611488342 0.4703125059604645 0.5541666746139526 0.453125 0.5375000238418579
0 0.589062511920929 0.6583333611488342 0.574999988079071 0.6812499761581421 0.574999988079071 0.6875 0.5953124761581421 0.7104166746139526 0.6031249761581421 0.7145833373069763 0.6171875 0.6937500238418579 0.609375 0.675000011920929 0.59375 0.6583333611488342
0 0.620312511920929 0.5979166626930237 0.620312511920929 0.6354166865348816 0.6578124761581421 0.6354166865348816 0.6578124761581421 0.5979166626930237
0 0.5171874761581421 0.581250011920929 0.503125011920929 0.6041666865348816 0.503125011920929 0.6104166507720947 0.5234375 0.6333333253860474 0.53125 0.637499988079071 0.5453125238418579 0.6166666746139526 0.5453125238418579 0.6083333492279053 0.5218750238418579 0.581250011920929
0 0.5328124761581421 0.6416666507720947 0.5234375 0.6354166865348816 0.5171874761581421 0.6270833611488342 0.4937500059604645 0.6395833492279053 0.4937500059604645 0.6499999761581421 0.5015624761581421 0.675000011920929 0.5062500238418579 0.675000011920929 0.534375011920929 0.6604166626930237 0.535937488079071 0.6520833373069763
0 0.4124999940395355 0.6083333492279053 0.3984375 0.6312500238418579 0.3984375 0.637499988079071 0.41874998807907104 0.6604166626930237 0.42656248807907104 0.6645833253860474 0.44062501192092896 0.643750011920929 0.44062501192092896 0.6354166865348816 0.41718751192092896 0.6083333492279053
0 0.512499988079071 0.4791666567325592 0.5078125 0.4791666567325592 0.48124998807907104 0.5020833611488342 0.484375 0.5229166746139526 0.4937500059604645 0.5354166626930237 0.5 0.5333333611488342 0.5249999761581421 0.5104166865348816 0.5234375 0.5
0 0.4765625 0.637499988079071 0.4625000059604645 0.6645833253860474 0.4625000059604645 0.6708333492279053 0.4906249940395355 0.6958333253860474 0.4937500059604645 0.6958333253860474 0.503125011920929 0.6770833134651184 0.5 0.675000011920929 0.4937500059604645 0.6520833373069763 0.47968751192092896 0.637499988079071
0 0.573437511920929 0.4895833432674408 0.573437511920929 0.5270833373069763 0.6109374761581421 0.5270833373069763 0.6109374761581421 0.4895833432674408
0 0.620312511920929 0.4749999940395355 0.620312511920929 0.512499988079071 0.6578124761581421 0.512499988079071 0.6578124761581421 0.4749999940395355
0 0.567187488079071 0.6666666865348816 0.5390625 0.6708333492279053 0.543749988079071 0.7208333611488342 0.5718749761581421 0.7145833373069763
0 0.5093749761581421 0.5395833253860474 0.512499988079071 0.581250011920929 0.5140625238418579 0.5833333134651184 0.5171874761581421 0.5791666507720947 0.5218750238418579 0.5791666507720947 0.5296875238418579 0.5874999761581421 0.5406249761581421 0.5854166746139526 0.542187511920929 0.5770833492279053 0.5375000238418579 0.5354166626930237
0 0.5234375 0.6666666865348816 0.5140625238418579 0.6770833134651184 0.5093749761581421 0.6875 0.5093749761581421 0.6937500238418579 0.5375000238418579 0.71875 0.5406249761581421 0.71875 0.542187511920929 0.7145833373069763 0.5406249761581421 0.7124999761581421 0.5375000238418579 0.6708333492279053 0.53125 0.6645833253860474