0 0.44843751192092896 0.46875 0.43437498807907104 0.4958333373069763 0.43437498807907104 0.5020833611488342 0.4625000059604645 0.5270833373069763 0.46562498807907104 0.5270833373069763 0.4781250059604645 0.5020833611488342 0.4781250059604645 0.4937500059604645 0.4515624940395355 0.46875
0 0.4625000059604645 0.5375000238418579 0.45625001192092896 0.5375000238418579 0.4281249940395355 0.5520833134651184 0.4281249940395355 0.5625 0.4359374940395355 0.5874999761581421 0.44062501192092896 0.5874999761581421 0.4703125059604645 0.5708333253860474 0.4703125059604645 0.5645833611488342
0 0.526562511920929 0.606249988079071 0.503125011920929 0.6208333373069763 0.503125011920929 0.6270833611488342 0.518750011920929 0.6645833253860474 0.5234375 0.6645833253860474 0.543749988079071 0.6499999761581421 0.5390625 0.6333333253860474
0 0.46562498807907104 0.6729166507720947 0.4515624940395355 0.6958333253860474 0.4515624940395355 0.7020833492279053 0.47187501192092896 0.7250000238418579 0.47968751192092896 0.7291666865348816 0.4937500059604645 0.7083333134651184 0.4937500059604645 0.699999988079071 0.4703125059604645 0.6729166507720947
0 0.4359374940395355 0.5895833373069763 0.4312500059604645 0.5958333611488342 0.4312500059604645 0.6020833253860474 0.45625001192092896 0.6291666626930237 0.4593749940395355 0.6291666626930237 0.47343748807907104 0.6083333492279053 0.47343748807907104 0.6000000238418579 0.45781248807907104 0.581250011920929 0.4453125 0.5854166746139526 0.44062501192092896 0.5895833373069763
0 0.504687488079071 0.668749988079071 0.4921875 0.6937500238418579 0.49531251192092896 0.699999988079071 0.49531251192092896 0.7083333134651184 0.4921875 0.7145833373069763 0.503125011920929 0.7250000238418579 0.510937511920929 0.7270833253860474 0.526562511920929 0.6958333253860474 0.528124988079071 0.6854166388511658 0.510937511920929 0.668749988079071
0 0.5328124761581421 0.48124998807907104 0.5171874761581421 0.512499988079071 0.515625 0.5229166746139526 0.53125 0.5375000238418579 0.5390625 0.5395833253860474 0.5546875 0.5083333253860474 0.5562499761581421 0.49791666865348816 0.5390625 0.48124998807907104
0 0.4937500059604645 0.4833333194255829 0.47187501192092896 0.4854166805744171 0.47968751192092896 0.4937500059604645 0.47968751192092896 0.5020833611488342 0.46875 0.5229166746139526 0.4703125059604645 0.5375000238418579 0.4984374940395355 0.53125
0 0.612500011920929 0.6187499761581421 0.6078125238418579 0.6187499761581421 0.581250011920929 0.6416666507720947 0.5843750238418579 0.6625000238418579 0.59375 0.675000011920929 0.6000000238418579 0.6729166507720947 0.625 0.6499999761581421 0.6234375238418579 0.6395833492279053
0 0.625 0.5166666507720947 0.625 0.5541666746139526 0.6625000238418579 0.5541666746139526 0.6625000238418579 0.5166666507720947
0 0.5546875 0.5375000238418579 0.550000011920929 0.5375000238418579 0.5234375 0.5604166388511658 0.526562511920929 0.581250011920929 0.535937488079071 0.59375 0.542187511920929 0.5916666388511658 0.567187488079071 0.5687500238418579 0.565625011920929 0.5583333373069763