0 0.45625001192092896 0.49791666865348816 0.4281249940395355 0.5020833611488342 0.43281251192092896 0.5520833134651184 0.4609375 0.5458333492279053
0 0.660937488079071 0.512499988079071 0.65625 0.512499988079071 0.629687488079071 0.5354166626930237 0.6328125 0.5562499761581421 0.6421874761581421 0.5687500238418579 0.6484375 0.5666666626930237 0.6734374761581421 0.543749988079071 0.671875 0.5333333611488342
0 0.5718749761581421 0.5708333253860474 0.5718749761581421 0.6083333492279053 0.609375 0.6083333492279053 0.609375 0.5708333253860474
0 0.6656249761581421 0.6291666626930237 0.637499988079071 0.6333333253860474 0.6421874761581421 0.6833333373069763 0.6703125238418579 0.6770833134651184
0 0.4437499940395355 0.6187499761581421 0.4390625059604645 0.6187499761581421 0.4124999940395355 0.6416666507720947 0.4156250059604645 0.6625000238418579 0.42500001192092896 0.675000011920929 0.4312500059604645 0.6729166507720947 0.45625001192092896 0.6499999761581421 0.4546875059604645 0.6395833492279053
0 0.4515624940395355 0.65625 0.4281249940395355 0.6770833134651184 0.4234375059604645 0.675000011920929 0.41874998807907104 0.6770833134651184 0.421875 0.6979166865348816 0.4312500059604645 0.7104166746139526 0.4375 0.7083333134651184 0.4625000059604645 0.6854166388511658 0.4625000059604645 0.6791666746139526
0 0.45625001192092896 0.612500011920929 0.44999998807907104 0.625 0.44999998807907104 0.6291666626930237 0.45781248807907104 0.643750011920929 0.45781248807907104 0.6499999761581421 0.453125 0.6583333611488342 0.4593749940395355 0.6708333492279053 0.4625000059604645 0.6708333492279053 0.4781250059604645 0.6395833492279053 0.47968751192092896 0.6291666626930237 0.4625000059604645 0.612500011920929
0 0.5640624761581421 0.6416666507720947 0.550000011920929 0.668749988079071 0.550000011920929 0.675000011920929 0.578125 0.699999988079071 0.581250011920929 0.699999988079071 0.59375 0.675000011920929 0.59375 0.6666666865348816 0.567187488079071 0.6416666507720947
0 0.49531251192092896 0.6583333611488342 0.47187501192092896 0.6729166507720947 0.47187501192092896 0.6791666746139526 0.48750001192092896 0.7166666388511658 0.4921875 0.7166666388511658 0.512499988079071 0.7020833492279053 0.5078125 0.6854166388511658
0 0.5453125238418579 0.5020833611488342 0.5390625 0.5020833611488342 0.510937511920929 0.5166666507720947 0.510937511920929 0.5270833373069763 0.518750011920929 0.5520833134651184 0.5234375 0.5520833134651184 0.5531250238418579 0.5354166626930237 0.5531250238418579 0.5291666388511658
0 0.4124999940395355 0.550000011920929 0.3968749940395355 0.581250011920929 0.39531248807907104 0.5916666388511658 0.41093748807907104 0.606249988079071 0.41874998807907104 0.6083333492279053 0.43437498807907104 0.5770833492279053 0.4359374940395355 0.5666666626930237 0.41874998807907104 0.550000011920929
0 0.48124998807907104 0.5395833253860474 0.4625000059604645 0.5416666865348816 0.4625000059604645 0.5458333492279053 0.4593749940395355 0.550000011920929 0.453125 0.550000011920929 0.45781248807907104 0.59375 0.4859375059604645 0.5874999761581421