0 0.5562499761581421 0.6729166507720947 0.528124988079071 0.6770833134651184 0.5328124761581421 0.7270833253860474 0.5609375238418579 0.7208333611488342
0 0.4906249940395355 0.5229166746139526 0.484375 0.5229166746139526 0.45625001192092896 0.5375000238418579 0.45625001192092896 0.5479166507720947 0.46406251192092896 0.5729166865348816 0.46875 0.5729166865348816 0.4984374940395355 0.5562499761581421 0.4984374940395355 0.550000011920929
0 0.6000000238418579 0.5104166865348816 0.5859375 0.5333333611488342 0.5859375 0.5395833253860474 0.606249988079071 0.5625 0.614062488079071 0.5666666626930237 0.628125011920929 0.5458333492279053 0.628125011920929 0.5375000238418579 0.604687511920929 0.5104166865348816
0 0.5640624761581421 0.6187499761581421 0.559374988079071 0.6187499761581421 0.5328124761581421 0.6416666507720947 0.535937488079071 0.6625000238418579 0.543749988079071 0.6729166507720947 0.5562499761581421 0.668749988079071 0.5765625238418579 0.6499999761581421 0.574999988079071 0.6395833492279053
0 0.620312511920929 0.5666666626930237 0.606249988079071 0.59375 0.606249988079071 0.6000000238418579 0.6343749761581421 0.625 0.637499988079071 0.625 0.6499999761581421 0.6000000238418579 0.6499999761581421 0.5916666388511658 0.6234375238418579 0.5666666626930237
0 0.504687488079071 0.612500011920929 0.5 0.612500011920929 0.47343748807907104 0.6354166865348816 0.4765625 0.65625 0.4859375059604645 0.668749988079071 0.4921875 0.6666666865348816 0.5171874761581421 0.643750011920929 0.515625 0.6333333253860474
0 0.4156250059604645 0.6729166507720947 0.40156251192092896 0.6958333253860474 0.40156251192092896 0.7020833492279053 0.421875 0.7250000238418579 0.4296875 0.7291666865348816 0.4437499940395355 0.7083333134651184 0.4437499940395355 0.699999988079071 0.4203124940395355 0.6729166507720947
0 0.635937511920929 0.6708333492279053 0.620312511920929 0.7020833492279053 0.6187499761581421 0.7124999761581421 0.6343749761581421 0.7270833253860474 0.6421874761581421 0.7291666865348816 0.6578124761581421 0.6979166865348816 0.659375011920929 0.6875 0.6421874761581421 0.6708333492279053
0 0.5390625 0.518750011920929 0.515625 0.5333333611488342 0.515625 0.5395833253860474 0.53125 0.5770833492279053 0.535937488079071 0.5770833492279053 0.5562499761581421 0.5625 0.551562488079071 0.5458333492279053
0 0.612500011920929 0.5770833492279053 0.5843750238418579 0.581250011920929 0.589062511920929 0.6312500238418579 0.6171875 0.625 0.6156250238418579 0.6104166507720947 0.604687511920929 0.6000000238418579 0.604687511920929 0.59375
0 0.44999998807907104 0.6583333611488342 0.4359374940395355 0.6812499761581421 0.4359374940395355 0.6875 0.45625001192092896 0.7104166746139526 0.46406251192092896 0.7145833373069763 0.4781250059604645 0.6937500238418579 0.4781250059604645 0.6854166388511658 0.4546875059604645 0.6583333611488342
0 0.5531250238418579 0.5333333611488342 0.550000011920929 0.5375000238418579 0.550000011920929 0.5416666865348816 0.5531250238418579 0.5458333492279053 0.557812511920929 0.5625 0.546875 0.5708333253860474 0.559374988079071 0.5854166746139526 0.567187488079071 0.5895833373069763 0.581250011920929 0.5687500238418579 0.581250011920929 0.5604166388511658 0.557812511920929 0.5333333611488342
0 0.5078125 0.5645833611488342 0.48906248807907104 0.5770833492279053 0.48750001192092896 0.5854166746139526 0.4984374940395355 0.612500011920929 0.504687488079071 0.6104166507720947 0.510937511920929 0.6208333373069763 0.528124988079071 0.6083333492279053 0.528124988079071 0.6041666865348816 0.512499988079071 0.5666666626930237