0 0.5484374761581421 0.6499999761581421 0.5249999761581421 0.6645833253860474 0.5249999761581421 0.6708333492279053 0.5406249761581421 0.7083333134651184 0.5453125238418579 0.7083333134651184 0.565625011920929 0.6937500238418579 0.5609375238418579 0.6770833134651184
0 0.565625011920929 0.5541666746139526 0.551562488079071 0.581250011920929 0.551562488079071 0.5874999761581421 0.5796874761581421 0.612500011920929 0.582812488079071 0.612500011920929 0.5953124761581421 0.5874999761581421 0.5953124761581421 0.5791666507720947 0.5687500238418579 0.5541666746139526
0 0.4140625 0.5583333373069763 0.4000000059604645 0.581250011920929 0.4000000059604645 0.5874999761581421 0.4203124940395355 0.6104166507720947 0.4281249940395355 0.6145833134651184 0.44218748807907104 0.59375 0.44218748807907104 0.5854166746139526 0.41874998807907104 0.5583333373069763
0 0.47343748807907104 0.6645833253860474 0.4593749940395355 0.6875 0.4593749940395355 0.6937500238418579 0.47968751192092896 0.7166666388511658 0.48750001192092896 0.7208333611488342 0.5015624761581421 0.699999988079071 0.5015624761581421 0.6916666626930237 0.4781250059604645 0.6645833253860474
0 0.5218750238418579 0.5562499761581421 0.5078125 0.5791666507720947 0.5078125 0.5854166746139526 0.528124988079071 0.6083333492279053 0.535937488079071 0.612500011920929 0.550000011920929 0.5916666388511658 0.550000011920929 0.5833333134651184 0.526562511920929 0.5562499761581421
0 0.5640624761581421 0.5 0.550000011920929 0.5270833373069763 0.550000011920929 0.5333333611488342 0.578125 0.5583333373069763 0.581250011920929 0.5583333373069763 0.59375 0.5333333611488342 0.59375 0.5249999761581421 0.567187488079071 0.5
0 0.4468750059604645 0.5291666388511658 0.4312500059604645 0.5604166388511658 0.4296875 0.5687500238418579 0.4453125 0.5854166746139526 0.453125 0.5874999761581421 0.46875 0.5562499761581421 0.4703125059604645 0.5458333492279053 0.453125 0.5291666388511658
0 0.528124988079071 0.6229166388511658 0.528124988079071 0.6604166626930237 0.5453125238418579 0.6479166746139526 0.5484374761581421 0.6479166746139526 0.5546875 0.6604166626930237 0.565625011920929 0.6604166626930237 0.565625011920929 0.6229166388511658
0 0.4984374940395355 0.5041666626930237 0.4703125059604645 0.5083333253860474 0.4749999940395355 0.5583333373069763 0.503125011920929 0.5520833134651184
0 0.635937511920929 0.6770833134651184 0.629687488079071 0.6770833134651184 0.6015625 0.6916666626930237 0.6015625 0.7020833492279053 0.609375 0.7270833253860474 0.614062488079071 0.7270833253860474 0.643750011920929 0.7104166746139526 0.643750011920929 0.7041666507720947
0 0.659375011920929 0.5874999761581421 0.643750011920929 0.6187499761581421 0.6421874761581421 0.6291666626930237 0.6578124761581421 0.643750011920929 0.6656249761581421 0.6458333134651184 0.6812499761581421 0.6145833134651184 0.682812511920929 0.6041666865348816 0.6656249761581421 0.5874999761581421
0 0.6656249761581421 0.543749988079071 0.637499988079071 0.5479166507720947 0.6421874761581421 0.5979166626930237 0.6546875238418579 0.5958333611488342 0.659375011920929 0.5854166746139526 0.6656249761581421 0.5854166746139526 0.6703125238418579 0.5895833373069763
0 0.614062488079071 0.574999988079071 0.6000000238418579 0.5979166626930237 0.6000000238418579 0.6041666865348816 0.620312511920929 0.6270833611488342 0.628125011920929 0.6312500238418579 0.6421874761581421 0.6104166507720947 0.6421874761581421 0.6020833253860474 0.6187499761581421 0.574999988079071