0 0.5953124761581421 0.606249988079071 0.589062511920929 0.606249988079071 0.5609375238418579 0.6208333373069763 0.5609375238418579 0.6312500238418579 0.5687500238418579 0.65625 0.573437511920929 0.65625 0.6031249761581421 0.6395833492279053 0.6031249761581421 0.6333333253860474
0 0.606249988079071 0.47708332538604736 0.590624988079071 0.5083333253860474 0.589062511920929 0.518750011920929 0.604687511920929 0.5333333611488342 0.612500011920929 0.5354166626930237 0.628125011920929 0.5041666626930237 0.629687488079071 0.4937500059604645 0.612500011920929 0.47708332538604736
0 0.42656248807907104 0.512499988079071 0.4124999940395355 0.5395833253860474 0.4124999940395355 0.5458333492279053 0.44062501192092896 0.5708333253860474 0.4437499940395355 0.5708333253860474 0.45625001192092896 0.5458333492279053 0.45625001192092896 0.5375000238418579 0.4296875 0.512499988079071
0 0.543749988079071 0.6020833253860474 0.515625 0.606249988079071 0.520312488079071 0.65625 0.5484374761581421 0.6499999761581421
0 0.589062511920929 0.5208333134651184 0.5765625238418579 0.5291666388511658 0.574999988079071 0.5375000238418579 0.589062511920929 0.5729166865348816 0.5953124761581421 0.574999988079071 0.6156250238418579 0.5604166388511658 0.6156250238418579 0.5562499761581421 0.6078125238418579 0.5375000238418579
0 0.46562498807907104 0.4958333373069763 0.46562498807907104 0.5333333611488342 0.503125011920929 0.5333333611488342 0.503125011920929 0.4958333373069763
0 0.6312500238418579 0.6270833611488342 0.6156250238418579 0.6583333611488342 0.614062488079071 0.668749988079071 0.629687488079071 0.6833333373069763 0.637499988079071 0.6854166388511658 0.653124988079071 0.6541666388511658 0.6546875238418579 0.643750011920929 0.637499988079071 0.6270833611488342
0 0.4359374940395355 0.5916666388511658 0.4312500059604645 0.5916666388511658 0.4046874940395355 0.6145833134651184 0.4078125059604645 0.6354166865348816 0.41718751192092896 0.6479166746139526 0.4234375059604645 0.6458333134651184 0.44843751192092896 0.6229166388511658 0.4468750059604645 0.612500011920929
0 0.4703125059604645 0.5395833253860474 0.4593749940395355 0.5416666865348816 0.4437499940395355 0.5729166865348816 0.44062501192092896 0.5729166865348816 0.4375 0.5687500238418579 0.4437499940395355 0.5895833373069763 0.44843751192092896 0.5895833373069763 0.4781250059604645 0.5729166865348816 0.4781250059604645 0.5666666626930237
0 0.4921875 0.637499988079071 0.4859375059604645 0.637499988079071 0.45781248807907104 0.6520833373069763 0.45781248807907104 0.6625000238418579 0.46562498807907104 0.6875 0.4703125059604645 0.6875 0.5 0.6708333492279053 0.5 0.6645833253860474
0 0.5062500238418579 0.5270833373069763 0.5062500238418579 0.5645833611488342 0.543749988079071 0.5645833611488342 0.543749988079071 0.5270833373069763
0 0.6312500238418579 0.5354166626930237 0.6171875 0.5625 0.6171875 0.5687500238418579 0.645312488079071 0.59375 0.6484375 0.59375 0.660937488079071 0.5687500238418579 0.660937488079071 0.5604166388511658 0.6343749761581421 0.5354166626930237
0 0.543749988079071 0.6604166626930237 0.515625 0.6645833253860474 0.520312488079071 0.7145833373069763 0.5484374761581421 0.7083333134651184
0 0.4140625 0.5479166507720947 0.4000000059604645 0.574999988079071 0.3984375 0.5854166746139526 0.41718751192092896 0.6020833253860474 0.42656248807907104 0.59375 0.4375 0.5708333253860474
0 0.5078125 0.47708332538604736 0.5078125 0.5145833492279053 0.5453125238418579 0.5145833492279053 0.5453125238418579 0.47708332538604736
0 0.44843751192092896 0.4791666567325592 0.43437498807907104 0.5020833611488342 0.43437498807907104 0.5083333253860474 0.4546875059604645 0.53125 0.4625000059604645 0.5354166626930237 0.46406251192092896 0.5333333611488342 0.46406251192092896 0.4958333373069763 0.46562498807907104 0.4937500059604645 0.453125 0.4791666567325592