0 0.6265624761581421 0.5375000238418579 0.612500011920929 0.5645833611488342 0.612500011920929 0.5708333253860474 0.640625 0.5958333611488342 0.643750011920929 0.5958333611488342 0.65625 0.5708333253860474 0.65625 0.5625 0.629687488079071 0.5375000238418579
0 0.5296875238418579 0.512499988079071 0.515625 0.5395833253860474 0.515625 0.5458333492279053 0.543749988079071 0.5708333253860474 0.546875 0.5708333253860474 0.559374988079071 0.5458333492279053 0.559374988079071 0.5375000238418579 0.5328124761581421 0.512499988079071
0 0.4781250059604645 0.5687500238418579 0.46406251192092896 0.5958333611488342 0.46406251192092896 0.6020833253860474 0.4921875 0.6270833611488342 0.49531251192092896 0.6270833611488342 0.5078125 0.6020833253860474 0.5078125 0.59375 0.48124998807907104 0.5687500238418579
0 0.453125 0.6479166746139526 0.4390625059604645 0.675000011920929 0.4390625059604645 0.6812499761581421 0.4671874940395355 0.706250011920929 0.4703125059604645 0.706250011920929 0.4828124940395355 0.6812499761581421 0.4828124940395355 0.6729166507720947 0.45625001192092896 0.6479166746139526
0 0.4375 0.5520833134651184 0.4312500059604645 0.5520833134651184 0.40312498807907104 0.5666666626930237 0.40312498807907104 0.5770833492279053 0.41093748807907104 0.6020833253860474 0.4156250059604645 0.6020833253860474 0.4453125 0.5854166746139526 0.4453125 0.5791666507720947
0 0.44062501192092896 0.5166666507720947 0.421875 0.5291666388511658 0.4203124940395355 0.5375000238418579 0.42656248807907104 0.5520833134651184 0.4375 0.550000011920929 0.4437499940395355 0.5708333253860474 0.4468750059604645 0.5708333253860474 0.4609375 0.5604166388511658 0.4609375 0.5562499761581421 0.4453125 0.518750011920929
0 0.41718751192092896 0.6708333492279053 0.40156251192092896 0.7020833492279053 0.4000000059604645 0.7124999761581421 0.4156250059604645 0.7270833253860474 0.4234375059604645 0.7291666865348816 0.4390625059604645 0.6979166865348816 0.44062501192092896 0.6875 0.4234375059604645 0.6708333492279053
0 0.6421874761581421 0.6000000238418579 0.620312511920929 0.5791666507720947 0.6156250238418579 0.5791666507720947 0.6000000238418579 0.5874999761581421 0.6000000238418579 0.5979166626930237 0.6078125238418579 0.6229166388511658 0.612500011920929 0.6229166388511658 0.6171875 0.6187499761581421 0.637499988079071 0.6104166507720947 0.6421874761581421 0.606249988079071
0 0.675000011920929 0.46875 0.668749988079071 0.46875 0.640625 0.4833333194255829 0.640625 0.4937500059604645 0.6484375 0.518750011920929 0.653124988079071 0.518750011920929 0.682812511920929 0.5020833611488342 0.682812511920929 0.4958333373069763
0 0.6343749761581421 0.6729166507720947 0.606249988079071 0.6770833134651184 0.6109374761581421 0.7270833253860474 0.6390625238418579 0.7208333611488342
0 0.4749999940395355 0.4833333194255829 0.4749999940395355 0.5208333134651184 0.512499988079071 0.5208333134651184 0.512499988079071 0.4833333194255829
0 0.48124998807907104 0.5229166746139526 0.4749999940395355 0.5229166746139526 0.47343748807907104 0.5166666507720947 0.4515624940395355 0.5291666388511658 0.4625000059604645 0.5562499761581421 0.4609375 0.5625 0.453125 0.5666666626930237 0.45781248807907104 0.5666666626930237 0.48750001192092896 0.550000011920929