0 0.43437498807907104 0.6729166507720947 0.4296875 0.6729166507720947 0.40312498807907104 0.6958333253860474 0.40625 0.7166666388511658 0.4156250059604645 0.7291666865348816 0.421875 0.7270833253860474 0.4468750059604645 0.7041666507720947 0.4453125 0.6937500238418579
0 0.5921875238418579 0.53125 0.5921875238418579 0.5687500238418579 0.629687488079071 0.5687500238418579 0.629687488079071 0.53125
0 0.573437511920929 0.47708332538604736 0.5453125238418579 0.48124998807907104 0.550000011920929 0.53125 0.578125 0.5249999761581421
0 0.5874999761581421 0.6229166388511658 0.573437511920929 0.6499999761581421 0.573437511920929 0.65625 0.6015625 0.6812499761581421 0.604687511920929 0.6812499761581421 0.6171875 0.65625 0.6171875 0.6479166746139526 0.590624988079071 0.6229166388511658
0 0.590624988079071 0.5229166746139526 0.5796874761581421 0.5229166746139526 0.5765625238418579 0.5291666388511658 0.5531250238418579 0.5333333611488342 0.5531250238418579 0.5604166388511658 0.590624988079071 0.5604166388511658
0 0.528124988079071 0.5958333611488342 0.5140625238418579 0.6187499761581421 0.5140625238418579 0.625 0.534375011920929 0.6479166746139526 0.542187511920929 0.6520833373069763 0.5562499761581421 0.6312500238418579 0.5562499761581421 0.6229166388511658 0.5328124761581421 0.5958333611488342
0 0.5218750238418579 0.5020833611488342 0.5171874761581421 0.5020833611488342 0.4906249940395355 0.5249999761581421 0.4937500059604645 0.5458333492279053 0.503125011920929 0.5583333373069763 0.5093749761581421 0.5562499761581421 0.534375011920929 0.5333333611488342 0.5328124761581421 0.5229166746139526
0 0.48906248807907104 0.5874999761581421 0.4828124940395355 0.5874999761581421 0.4546875059604645 0.6020833253860474 0.4546875059604645 0.612500011920929 0.4625000059604645 0.637499988079071 0.4671874940395355 0.637499988079071 0.49687498807907104 0.6208333373069763 0.49687498807907104 0.6145833134651184
0 0.453125 0.5208333134651184 0.44843751192092896 0.5208333134651184 0.421875 0.543749988079071 0.42500001192092896 0.5645833611488342 0.43437498807907104 0.5770833492279053 0.44062501192092896 0.574999988079071 0.46562498807907104 0.5520833134651184 0.46406251192092896 0.5416666865348816
0 0.45781248807907104 0.6541666388511658 0.4437499940395355 0.6812499761581421 0.4437499940395355 0.6875 0.47187501192092896 0.7124999761581421 0.4749999940395355 0.7124999761581421 0.48750001192092896 0.6875 0.48750001192092896 0.6791666746139526 0.4609375 0.6541666388511658
0 0.44218748807907104 0.6020833253860474 0.42656248807907104 0.6333333253860474 0.42500001192092896 0.643750011920929 0.44062501192092896 0.6583333611488342 0.44843751192092896 0.6604166626930237 0.4609375 0.6354166865348816 0.453125 0.612500011920929 0.453125 0.606249988079071 0.44843751192092896 0.6020833253860474
0 0.6343749761581421 0.5166666507720947 0.6265624761581421 0.5291666388511658 0.6312500238418579 0.53125 0.6312500238418579 0.5583333373069763 0.645312488079071 0.5729166865348816 0.6484375 0.5729166865348816 0.6625000238418579 0.5520833134651184 0.6625000238418579 0.543749988079071 0.6390625238418579 0.5166666507720947