0 0.5078125 0.5625 0.484375 0.5770833492279053 0.484375 0.5833333134651184 0.5 0.6208333373069763 0.504687488079071 0.6208333373069763 0.5249999761581421 0.606249988079071 0.520312488079071 0.5895833373069763
0 0.6078125238418579 0.6145833134651184 0.6078125238418579 0.6520833373069763 0.645312488079071 0.6520833373069763 0.645312488079071 0.6145833134651184
0 0.5 0.6229166388511658 0.5 0.6541666388511658 0.5375000238418579 0.6541666388511658 0.5375000238418579 0.6166666746139526 0.512499988079071 0.6166666746139526 0.504687488079071 0.6229166388511658
0 0.557812511920929 0.48750001192092896 0.551562488079071 0.48750001192092896 0.5234375 0.5020833611488342 0.5234375 0.512499988079071 0.53125 0.5375000238418579 0.535937488079071 0.5375000238418579 0.565625011920929 0.5208333134651184 0.565625011920929 0.5145833492279053
0 0.4234375059604645 0.6270833611488342 0.41874998807907104 0.6270833611488342 0.3921875059604645 0.6499999761581421 0.39531248807907104 0.6708333492279053 0.4046874940395355 0.6833333373069763 0.41093748807907104 0.6812499761581421 0.4359374940395355 0.6583333611488342 0.43437498807907104 0.6479166746139526
0 0.6000000238418579 0.59375 0.6000000238418579 0.6000000238418579 0.6109374761581421 0.612500011920929 0.637499988079071 0.612500011920929 0.6421874761581421 0.606249988079071 0.6421874761581421 0.5979166626930237 0.6187499761581421 0.5708333253860474 0.614062488079071 0.5708333253860474
0 0.4234375059604645 0.5729166865348816 0.41718751192092896 0.5729166865348816 0.4000000059604645 0.6083333492279053 0.4000000059604645 0.6145833134651184 0.4156250059604645 0.6291666626930237 0.41874998807907104 0.625 0.42500001192092896 0.6270833611488342 0.44062501192092896 0.5958333611488342 0.44062501192092896 0.5895833373069763
0 0.635937511920929 0.550000011920929 0.6265624761581421 0.5666666626930237 0.625 0.574999988079071 0.643750011920929 0.5979166626930237 0.645312488079071 0.6041666865348816 0.653124988079071 0.6083333492279053 0.6656249761581421 0.5833333134651184 0.6656249761581421 0.574999988079071 0.6390625238418579 0.550000011920929
0 0.567187488079071 0.6729166507720947 0.567187488079071 0.7104166746139526 0.604687511920929 0.7104166746139526 0.604687511920929 0.6729166507720947
0 0.6468750238418579 0.46666666865348816 0.6328125 0.4895833432674408 0.6328125 0.4958333373069763 0.653124988079071 0.518750011920929 0.660937488079071 0.5229166746139526 0.675000011920929 0.5020833611488342 0.675000011920929 0.4937500059604645 0.651562511920929 0.46666666865348816
0 0.567187488079071 0.6208333373069763 0.5625 0.6208333373069763 0.5390625 0.6416666507720947 0.5375000238418579 0.65625 0.5390625 0.6645833253860474 0.5484374761581421 0.6770833134651184 0.5546875 0.675000011920929 0.5796874761581421 0.6520833373069763 0.578125 0.6416666507720947