0 0.643750011920929 0.5041666626930237 0.643750011920929 0.5416666865348816 0.6812499761581421 0.5416666865348816 0.6812499761581421 0.5041666626930237
0 0.565625011920929 0.48750001192092896 0.550000011920929 0.518750011920929 0.5484374761581421 0.5291666388511658 0.5640624761581421 0.543749988079071 0.5718749761581421 0.5458333492279053 0.5874999761581421 0.5145833492279053 0.589062511920929 0.5041666626930237 0.5718749761581421 0.48750001192092896
0 0.47187501192092896 0.625 0.45781248807907104 0.6520833373069763 0.45781248807907104 0.6583333611488342 0.4859375059604645 0.6833333373069763 0.48906248807907104 0.6833333373069763 0.5015624761581421 0.6583333611488342 0.5015624761581421 0.6499999761581421 0.4749999940395355 0.625
0 0.4468750059604645 0.6770833134651184 0.44062501192092896 0.6770833134651184 0.4124999940395355 0.6916666626930237 0.4124999940395355 0.7020833492279053 0.4203124940395355 0.7270833253860474 0.42500001192092896 0.7270833253860474 0.4546875059604645 0.7104166746139526 0.4546875059604645 0.7041666507720947
0 0.47343748807907104 0.5166666507720947 0.4453125 0.5208333134651184 0.44999998807907104 0.5708333253860474 0.4781250059604645 0.5645833611488342
0 0.5531250238418579 0.550000011920929 0.5296875238418579 0.5645833611488342 0.5296875238418579 0.5708333253860474 0.5453125238418579 0.6083333492279053 0.550000011920929 0.6083333492279053 0.5703125 0.59375 0.565625011920929 0.5770833492279053
0 0.520312488079071 0.6458333134651184 0.504687488079071 0.6770833134651184 0.503125011920929 0.6875 0.518750011920929 0.7020833492279053 0.526562511920929 0.7041666507720947 0.542187511920929 0.6729166507720947 0.543749988079071 0.6625000238418579 0.526562511920929 0.6458333134651184
0 0.5953124761581421 0.5916666388511658 0.581250011920929 0.6187499761581421 0.581250011920929 0.625 0.609375 0.6499999761581421 0.612500011920929 0.6499999761581421 0.625 0.625 0.625 0.6166666746139526 0.598437488079071 0.5916666388511658
0 0.6328125 0.550000011920929 0.609375 0.5645833611488342 0.609375 0.5708333253860474 0.625 0.6083333492279053 0.629687488079071 0.6083333492279053 0.6499999761581421 0.59375 0.645312488079071 0.5770833492279053
0 0.4937500059604645 0.46875 0.4781250059604645 0.5 0.4765625 0.5104166865348816 0.4921875 0.5249999761581421 0.5 0.5270833373069763 0.515625 0.4958333373069763 0.5171874761581421 0.4854166805744171 0.5 0.46875
0 0.596875011920929 0.47708332538604736 0.574999988079071 0.4895833432674408 0.590624988079071 0.5041666626930237 0.590624988079071 0.5104166865348816 0.5843750238418579 0.5229166746139526 0.589062511920929 0.5354166626930237 0.59375 0.5354166626930237 0.614062488079071 0.5208333134651184 0.609375 0.5041666626930237
0 0.4515624940395355 0.6895833611488342 0.45625001192092896 0.7041666507720947 0.45625001192092896 0.7104166746139526 0.44999998807907104 0.7166666388511658 0.44218748807907104 0.71875 0.44218748807907104 0.7270833253860474 0.47968751192092896 0.7270833253860474 0.47968751192092896 0.6895833611488342
0 0.582812488079071 0.6270833611488342 0.578125 0.6270833611488342 0.550000011920929 0.6416666507720947 0.550000011920929 0.6520833373069763 0.557812511920929 0.6770833134651184 0.5625 0.6770833134651184 0.5921875238418579 0.6604166626930237 0.590624988079071 0.6479166746139526 0.5859375 0.6312500238418579
0 0.6499999761581421 0.6041666865348816 0.6265624761581421 0.6187499761581421 0.6265624761581421 0.625 0.6421874761581421 0.6625000238418579 0.6468750238418579 0.6625000238418579 0.667187511920929 0.6479166746139526 0.6625000238418579 0.6312500238418579