0 0.567187488079071 0.518750011920929 0.567187488079071 0.5562499761581421 0.604687511920929 0.5562499761581421 0.604687511920929 0.518750011920929
0 0.6000000238418579 0.5958333611488342 0.5859375 0.6187499761581421 0.5859375 0.625 0.606249988079071 0.6479166746139526 0.614062488079071 0.6520833373069763 0.628125011920929 0.6312500238418579 0.628125011920929 0.6229166388511658 0.604687511920929 0.5958333611488342
0 0.5078125 0.5708333253860474 0.484375 0.5854166746139526 0.484375 0.5916666388511658 0.5 0.6291666626930237 0.504687488079071 0.6291666626930237 0.5249999761581421 0.6145833134651184 0.520312488079071 0.5979166626930237
0 0.6484375 0.5708333253860474 0.6421874761581421 0.5708333253860474 0.614062488079071 0.5854166746139526 0.614062488079071 0.5958333611488342 0.6171875 0.606249988079071 0.6265624761581421 0.6187499761581421 0.6390625238418579 0.6145833134651184 0.65625 0.6041666865348816 0.65625 0.5979166626930237
0 0.4921875 0.4958333373069763 0.4765625 0.5270833373069763 0.4749999940395355 0.5375000238418579 0.4906249940395355 0.5520833134651184 0.4984374940395355 0.5541666746139526 0.5140625238418579 0.5229166746139526 0.515625 0.512499988079071 0.4984374940395355 0.4958333373069763
0 0.42500001192092896 0.574999988079071 0.42500001192092896 0.612500011920929 0.4625000059604645 0.612500011920929 0.4625000059604645 0.574999988079071
0 0.42500001192092896 0.518750011920929 0.42500001192092896 0.5562499761581421 0.4625000059604645 0.5562499761581421 0.4625000059604645 0.518750011920929
0 0.5562499761581421 0.6416666507720947 0.550000011920929 0.6416666507720947 0.5218750238418579 0.65625 0.5218750238418579 0.6666666865348816 0.5296875238418579 0.6916666626930237 0.534375011920929 0.6916666626930237 0.5640624761581421 0.675000011920929 0.5640624761581421 0.668749988079071
0 0.518750011920929 0.59375 0.5218750238418579 0.5979166626930237 0.526562511920929 0.6145833134651184 0.5171874761581421 0.6208333373069763 0.5171874761581421 0.6312500238418579 0.5546875 0.6312500238418579 0.5546875 0.59375
0 0.5562499761581421 0.606249988079071 0.5562499761581421 0.6312500238418579 0.5531250238418579 0.6333333253860474 0.5531250238418579 0.6395833492279053 0.5562499761581421 0.6395833492279053 0.557812511920929 0.643750011920929 0.590624988079071 0.643750011920929 0.590624988079071 0.6312500238418579 0.5843750238418579 0.625 0.5843750238418579 0.6187499761581421 0.590624988079071 0.606249988079071
0 0.47187501192092896 0.6458333134651184 0.47187501192092896 0.6833333373069763 0.5093749761581421 0.6833333373069763 0.5093749761581421 0.6458333134651184
0 0.4281249940395355 0.625 0.4000000059604645 0.6291666626930237 0.4046874940395355 0.6791666746139526 0.43281251192092896 0.6729166507720947