0 0.43437498807907104 0.5791666507720947 0.4203124940395355 0.6020833253860474 0.4203124940395355 0.6083333492279053 0.44062501192092896 0.6312500238418579 0.44843751192092896 0.6354166865348816 0.4625000059604645 0.6145833134651184 0.4625000059604645 0.606249988079071 0.4390625059604645 0.5791666507720947
0 0.6640625 0.46666666865348816 0.6578124761581421 0.46666666865348816 0.629687488079071 0.48124998807907104 0.629687488079071 0.49166667461395264 0.637499988079071 0.5166666507720947 0.6421874761581421 0.5166666507720947 0.671875 0.5 0.671875 0.4937500059604645
0 0.5843750238418579 0.5562499761581421 0.5703125 0.5791666507720947 0.5703125 0.5854166746139526 0.590624988079071 0.6083333492279053 0.598437488079071 0.612500011920929 0.612500011920929 0.5916666388511658 0.612500011920929 0.5833333134651184 0.589062511920929 0.5562499761581421
0 0.6468750238418579 0.6041666865348816 0.6328125 0.6270833611488342 0.6328125 0.6333333253860474 0.653124988079071 0.65625 0.660937488079071 0.6604166626930237 0.675000011920929 0.6395833492279053 0.675000011920929 0.6312500238418579 0.651562511920929 0.6041666865348816
0 0.671875 0.574999988079071 0.6656249761581421 0.574999988079071 0.637499988079071 0.5895833373069763 0.637499988079071 0.6000000238418579 0.640625 0.6104166507720947 0.6468750238418579 0.6020833253860474 0.651562511920929 0.6020833253860474 0.6640625 0.6166666746139526 0.6781250238418579 0.6104166507720947 0.6796875 0.6020833253860474
0 0.671875 0.5208333134651184 0.659375011920929 0.5083333253860474 0.6421874761581421 0.518750011920929 0.637499988079071 0.518750011920929 0.6343749761581421 0.5104166865348816 0.628125011920929 0.5229166746139526 0.628125011920929 0.5291666388511658 0.65625 0.5541666746139526 0.659375011920929 0.5541666746139526 0.671875 0.5291666388511658
0 0.5796874761581421 0.6625000238418579 0.565625011920929 0.6895833611488342 0.565625011920929 0.6958333253860474 0.59375 0.7208333611488342 0.596875011920929 0.7208333611488342 0.609375 0.6958333253860474 0.609375 0.6875 0.582812488079071 0.6625000238418579
0 0.421875 0.6333333253860474 0.4078125059604645 0.6604166626930237 0.4078125059604645 0.6666666865348816 0.4359374940395355 0.6916666626930237 0.4390625059604645 0.6916666626930237 0.4515624940395355 0.6666666865348816 0.4515624940395355 0.6583333611488342 0.42500001192092896 0.6333333253860474
0 0.612500011920929 0.6520833373069763 0.589062511920929 0.6666666865348816 0.6109374761581421 0.6875 0.6109374761581421 0.6958333253860474 0.604687511920929 0.7104166746139526 0.609375 0.7104166746139526 0.629687488079071 0.6958333253860474 0.625 0.6791666746139526
0 0.6656249761581421 0.5458333492279053 0.659375011920929 0.5562499761581421 0.65625 0.5562499761581421 0.637499988079071 0.5395833253860474 0.6265624761581421 0.5604166388511658 0.625 0.5708333253860474 0.640625 0.5854166746139526 0.6484375 0.5833333134651184 0.653124988079071 0.5791666507720947 0.6656249761581421 0.5520833134651184
0 0.578125 0.4937500059604645 0.5546875 0.5083333253860474 0.5546875 0.5145833492279053 0.5703125 0.5520833134651184 0.574999988079071 0.5520833134651184 0.5953124761581421 0.5375000238418579 0.590624988079071 0.5208333134651184
0 0.6656249761581421 0.6645833253860474 0.660937488079071 0.6645833253860474 0.6343749761581421 0.6875 0.637499988079071 0.7083333134651184 0.6468750238418579 0.7208333611488342 0.653124988079071 0.71875 0.6781250238418579 0.6958333253860474 0.676562488079071 0.6854166388511658
0 0.5921875238418579 0.5229166746139526 0.596875011920929 0.5333333611488342 0.596875011920929 0.5375000238418579 0.589062511920929 0.543749988079071 0.589062511920929 0.5541666746139526 0.5953124761581421 0.5604166388511658 0.625 0.5604166388511658 0.6265624761581421 0.5583333373069763 0.6265624761581421 0.5229166746139526
0 0.4593749940395355 0.5604166388511658 0.4468750059604645 0.5854166746139526 0.46406251192092896 0.606249988079071 0.46406251192092896 0.6145833134651184 0.4609375 0.6187499761581421 0.46562498807907104 0.6187499761581421 0.48124998807907104 0.5874999761581421 0.4828124940395355 0.5770833492279053 0.46562498807907104 0.5604166388511658
0 0.53125 0.518750011920929 0.53125 0.5562499761581421 0.5687500238418579 0.5562499761581421 0.5687500238418579 0.5520833134651184 0.5546875 0.518750011920929