0 0.643750011920929 0.6187499761581421 0.637499988079071 0.6187499761581421 0.609375 0.6333333253860474 0.609375 0.643750011920929 0.6171875 0.668749988079071 0.621874988079071 0.668749988079071 0.651562511920929 0.6520833373069763 0.651562511920929 0.6458333134651184
0 0.518750011920929 0.518750011920929 0.518750011920929 0.5562499761581421 0.5562499761581421 0.5562499761581421 0.5562499761581421 0.518750011920929
0 0.4984374940395355 0.5291666388511658 0.4921875 0.5291666388511658 0.46406251192092896 0.543749988079071 0.46406251192092896 0.5541666746139526 0.47187501192092896 0.5791666507720947 0.4765625 0.5791666507720947 0.5062500238418579 0.5625 0.5062500238418579 0.5562499761581421
0 0.4765625 0.46666666865348816 0.44843751192092896 0.47083333134651184 0.453125 0.5208333134651184 0.48124998807907104 0.5145833492279053
0 0.635937511920929 0.6625000238418579 0.621874988079071 0.6708333492279053 0.6171875 0.6708333492279053 0.612500011920929 0.6604166626930237 0.598437488079071 0.6729166507720947 0.6015625 0.6937500238418579 0.6109374761581421 0.706250011920929 0.614062488079071 0.706250011920929 0.6421874761581421 0.6812499761581421 0.6421874761581421 0.675000011920929
0 0.5921875238418579 0.4833333194255829 0.5640624761581421 0.48750001192092896 0.5687500238418579 0.5375000238418579 0.596875011920929 0.53125
0 0.6499999761581421 0.5708333253860474 0.645312488079071 0.5708333253860474 0.6187499761581421 0.59375 0.621874988079071 0.6145833134651184 0.6265624761581421 0.6208333373069763 0.637499988079071 0.6166666746139526 0.6468750238418579 0.6166666746139526 0.6625000238418579 0.6020833253860474 0.660937488079071 0.5916666388511658
0 0.5375000238418579 0.47708332538604736 0.5093749761581421 0.48124998807907104 0.5140625238418579 0.53125 0.5171874761581421 0.53125 0.518750011920929 0.5166666507720947 0.5406249761581421 0.5166666507720947
0 0.4515624940395355 0.6729166507720947 0.4515624940395355 0.7104166746139526 0.48906248807907104 0.7104166746139526 0.48906248807907104 0.6729166507720947
0 0.6312500238418579 0.5458333492279053 0.625 0.5458333492279053 0.596875011920929 0.5604166388511658 0.596875011920929 0.5708333253860474 0.604687511920929 0.5958333611488342 0.621874988079071 0.5895833373069763 0.6390625238418579 0.574999988079071
0 0.581250011920929 0.668749988079071 0.574999988079071 0.668749988079071 0.546875 0.6833333373069763 0.546875 0.6937500238418579 0.5546875 0.71875 0.559374988079071 0.71875 0.589062511920929 0.7020833492279053 0.589062511920929 0.6958333253860474
0 0.4375 0.4833333194255829 0.4140625 0.49791666865348816 0.4140625 0.5041666626930237 0.4296875 0.5416666865348816 0.43437498807907104 0.5416666865348816 0.4546875059604645 0.5270833373069763 0.44999998807907104 0.5104166865348816
0 0.5765625238418579 0.6354166865348816 0.5625 0.6583333611488342 0.5625 0.6645833253860474 0.5687500238418579 0.6708333492279053 0.574999988079071 0.6666666865348816 0.581250011920929 0.6666666865348816 0.5859375 0.6833333373069763 0.590624988079071 0.6916666626930237 0.596875011920929 0.6833333373069763 0.596875011920929 0.6729166507720947 0.604687511920929 0.6666666865348816 0.604687511920929 0.6625000238418579 0.581250011920929 0.6354166865348816