0 0.4625000059604645 0.5645833611488342 0.45781248807907104 0.5645833611488342 0.4312500059604645 0.5874999761581421 0.43437498807907104 0.6083333492279053 0.4437499940395355 0.6208333373069763 0.44999998807907104 0.6187499761581421 0.4749999940395355 0.5958333611488342 0.47343748807907104 0.5854166746139526
0 0.589062511920929 0.5375000238418579 0.589062511920929 0.574999988079071 0.6265624761581421 0.574999988079071 0.6265624761581421 0.5375000238418579
0 0.573437511920929 0.5604166388511658 0.550000011920929 0.574999988079071 0.550000011920929 0.581250011920929 0.565625011920929 0.6187499761581421 0.5703125 0.6187499761581421 0.590624988079071 0.6041666865348816 0.5859375 0.5874999761581421
0 0.6468750238418579 0.6583333611488342 0.6312500238418579 0.6895833611488342 0.629687488079071 0.699999988079071 0.645312488079071 0.7145833373069763 0.653124988079071 0.7166666388511658 0.668749988079071 0.6854166388511658 0.6703125238418579 0.675000011920929 0.653124988079071 0.6583333611488342
0 0.5453125238418579 0.5270833373069763 0.5453125238418579 0.5645833611488342 0.5625 0.5645833611488342 0.5703125 0.5583333373069763 0.573437511920929 0.5583333373069763 0.5765625238418579 0.5645833611488342 0.582812488079071 0.5645833611488342 0.582812488079071 0.5270833373069763
0 0.4593749940395355 0.5104166865348816 0.453125 0.5104166865348816 0.42500001192092896 0.5249999761581421 0.42500001192092896 0.5354166626930237 0.43281251192092896 0.5604166388511658 0.4375 0.5604166388511658 0.4671874940395355 0.543749988079071 0.4671874940395355 0.5375000238418579
0 0.5921875238418579 0.4895833432674408 0.5921875238418579 0.5270833373069763 0.629687488079071 0.5270833373069763 0.629687488079071 0.4895833432674408
0 0.535937488079071 0.5979166626930237 0.512499988079071 0.612500011920929 0.512499988079071 0.6187499761581421 0.528124988079071 0.65625 0.5328124761581421 0.65625 0.5531250238418579 0.6416666507720947 0.5484374761581421 0.625
0 0.4609375 0.6645833253860474 0.4609375 0.7020833492279053 0.4984374940395355 0.7020833492279053 0.4984374940395355 0.6645833253860474
0 0.4765625 0.5687500238418579 0.47187501192092896 0.5770833492279053 0.47187501192092896 0.581250011920929 0.4765625 0.5895833373069763 0.4765625 0.5958333611488342 0.46875 0.6041666865348816 0.4828124940395355 0.6208333373069763 0.4906249940395355 0.625 0.504687488079071 0.6041666865348816 0.504687488079071 0.5958333611488342 0.48124998807907104 0.5687500238418579
0 0.6343749761581421 0.6000000238418579 0.6343749761581421 0.637499988079071 0.671875 0.637499988079071 0.671875 0.6000000238418579
0 0.44843751192092896 0.6875 0.44843751192092896 0.7250000238418579 0.4859375059604645 0.7250000238418579 0.4859375059604645 0.7041666507720947 0.4609375 0.7041666507720947 0.4593749940395355 0.7020833492279053 0.4593749940395355 0.6875