0 0.5687500238418579 0.550000011920929 0.5531250238418579 0.581250011920929 0.551562488079071 0.5916666388511658 0.567187488079071 0.606249988079071 0.574999988079071 0.6083333492279053 0.590624988079071 0.5770833492279053 0.5921875238418579 0.5666666626930237 0.574999988079071 0.550000011920929
0 0.5484374761581421 0.637499988079071 0.542187511920929 0.637499988079071 0.5140625238418579 0.6520833373069763 0.5140625238418579 0.6625000238418579 0.5218750238418579 0.6875 0.526562511920929 0.6875 0.5562499761581421 0.6708333492279053 0.5562499761581421 0.6645833253860474
0 0.484375 0.6458333134651184 0.47968751192092896 0.6458333134651184 0.453125 0.668749988079071 0.45625001192092896 0.6895833611488342 0.46562498807907104 0.7020833492279053 0.47187501192092896 0.699999988079071 0.49687498807907104 0.6770833134651184 0.49531251192092896 0.6666666865348816
0 0.4281249940395355 0.65625 0.421875 0.65625 0.39375001192092896 0.6708333492279053 0.39375001192092896 0.6812499761581421 0.40156251192092896 0.706250011920929 0.40625 0.706250011920929 0.4359374940395355 0.6895833611488342 0.4359374940395355 0.6833333373069763
0 0.41718751192092896 0.5666666626930237 0.41718751192092896 0.6041666865348816 0.4546875059604645 0.6041666865348816 0.4546875059604645 0.5666666626930237
0 0.40937501192092896 0.5041666626930237 0.40937501192092896 0.5416666865348816 0.4468750059604645 0.5416666865348816 0.4468750059604645 0.5041666626930237
0 0.557812511920929 0.46875 0.543749988079071 0.4958333373069763 0.543749988079071 0.5020833611488342 0.5718749761581421 0.5270833373069763 0.574999988079071 0.5270833373069763 0.5874999761581421 0.5020833611488342 0.5874999761581421 0.4937500059604645 0.5609375238418579 0.46875
0 0.659375011920929 0.5291666388511658 0.643750011920929 0.5604166388511658 0.6421874761581421 0.5708333253860474 0.6578124761581421 0.5854166746139526 0.6656249761581421 0.5874999761581421 0.6812499761581421 0.5562499761581421 0.682812511920929 0.5458333492279053 0.6656249761581421 0.5291666388511658
0 0.4468750059604645 0.6416666507720947 0.4468750059604645 0.6479166746139526 0.4609375 0.6604166626930237 0.47968751192092896 0.643750011920929 0.484375 0.643750011920929 0.48750001192092896 0.6499999761581421 0.4906249940395355 0.6479166746139526 0.4906249940395355 0.6395833492279053 0.46406251192092896 0.6145833134651184 0.4609375 0.6145833134651184
0 0.596875011920929 0.46666666865348816 0.596875011920929 0.5041666626930237 0.6343749761581421 0.5041666626930237 0.6343749761581421 0.46666666865348816
0 0.5843750238418579 0.6770833134651184 0.5843750238418579 0.7145833373069763 0.621874988079071 0.7145833373069763 0.621874988079071 0.6770833134651184
0 0.503125011920929 0.5333333611488342 0.4984374940395355 0.5333333611488342 0.47187501192092896 0.5562499761581421 0.4749999940395355 0.5770833492279053 0.484375 0.5895833373069763 0.4906249940395355 0.5874999761581421 0.515625 0.5645833611488342 0.5140625238418579 0.5541666746139526
0 0.5390625 0.6833333373069763 0.5390625 0.7124999761581421 0.5765625238418579 0.7124999761581421 0.5765625238418579 0.675000011920929 0.5531250238418579 0.675000011920929