0 0.578125 0.637499988079071 0.578125 0.675000011920929 0.6156250238418579 0.675000011920929 0.6156250238418579 0.637499988079071
0 0.5718749761581421 0.5479166507720947 0.5484374761581421 0.5625 0.5484374761581421 0.5687500238418579 0.5640624761581421 0.606249988079071 0.5687500238418579 0.606249988079071 0.589062511920929 0.5916666388511658 0.5843750238418579 0.574999988079071
0 0.4234375059604645 0.5 0.39531248807907104 0.5041666626930237 0.4000000059604645 0.5541666746139526 0.4281249940395355 0.5479166507720947
0 0.4437499940395355 0.543749988079071 0.4296875 0.5708333253860474 0.4296875 0.5770833492279053 0.45781248807907104 0.6020833253860474 0.4609375 0.6020833253860474 0.47343748807907104 0.5770833492279053 0.47343748807907104 0.5687500238418579 0.4468750059604645 0.543749988079071
0 0.53125 0.5958333611488342 0.5078125 0.6104166507720947 0.5078125 0.6166666746139526 0.5234375 0.6541666388511658 0.528124988079071 0.6541666388511658 0.5484374761581421 0.6395833492279053 0.543749988079071 0.6229166388511658
0 0.44843751192092896 0.6291666626930237 0.42500001192092896 0.643750011920929 0.42500001192092896 0.6499999761581421 0.44062501192092896 0.6875 0.4453125 0.6875 0.46562498807907104 0.6729166507720947 0.4609375 0.65625
0 0.645312488079071 0.6499999761581421 0.629687488079071 0.6812499761581421 0.628125011920929 0.6916666626930237 0.643750011920929 0.706250011920929 0.651562511920929 0.7083333134651184 0.667187511920929 0.6770833134651184 0.668749988079071 0.6666666865348816 0.651562511920929 0.6499999761581421
0 0.47968751192092896 0.6104166507720947 0.46406251192092896 0.6416666507720947 0.4625000059604645 0.6520833373069763 0.4781250059604645 0.6666666865348816 0.4859375059604645 0.668749988079071 0.5015624761581421 0.637499988079071 0.503125011920929 0.6270833611488342 0.4859375059604645 0.6104166507720947
0 0.612500011920929 0.5354166626930237 0.596875011920929 0.5666666626930237 0.5953124761581421 0.5770833492279053 0.6109374761581421 0.5916666388511658 0.6187499761581421 0.59375 0.6343749761581421 0.5625 0.635937511920929 0.5520833134651184 0.6187499761581421 0.5354166626930237
0 0.651562511920929 0.5416666865348816 0.635937511920929 0.550000011920929 0.637499988079071 0.5583333373069763 0.6312500238418579 0.5708333253860474 0.643750011920929 0.6000000238418579 0.6484375 0.6000000238418579 0.668749988079071 0.5854166746139526 0.6640625 0.5687500238418579
0 0.5484374761581421 0.47083333134651184 0.5484374761581421 0.5083333253860474 0.5859375 0.5083333253860474 0.5859375 0.47083333134651184
0 0.643750011920929 0.4729166626930237 0.637499988079071 0.4729166626930237 0.609375 0.48750001192092896 0.609375 0.49791666865348816 0.6171875 0.5229166746139526 0.621874988079071 0.5229166746139526 0.651562511920929 0.5062500238418579 0.651562511920929 0.5
0 0.4625000059604645 0.5104166865348816 0.4437499940395355 0.5229166746139526 0.44218748807907104 0.53125 0.44999998807907104 0.5458333492279053 0.4703125059604645 0.5625 0.4828124940395355 0.5541666746139526 0.4828124940395355 0.550000011920929 0.4671874940395355 0.512499988079071