0 0.609375 0.4937500059604645 0.59375 0.5249999761581421 0.5921875238418579 0.5354166626930237 0.6078125238418579 0.550000011920929 0.6156250238418579 0.5520833134651184 0.6312500238418579 0.5208333134651184 0.6328125 0.5104166865348816 0.6156250238418579 0.4937500059604645
0 0.5546875 0.5145833492279053 0.5484374761581421 0.5145833492279053 0.520312488079071 0.5291666388511658 0.520312488079071 0.5395833253860474 0.528124988079071 0.5645833611488342 0.5328124761581421 0.5645833611488342 0.5625 0.5479166507720947 0.5625 0.5416666865348816
0 0.47187501192092896 0.6083333492279053 0.46562498807907104 0.6083333492279053 0.4375 0.6229166388511658 0.4375 0.6333333253860474 0.4453125 0.6583333611488342 0.44999998807907104 0.6583333611488342 0.47968751192092896 0.6416666507720947 0.47968751192092896 0.6354166865348816
0 0.503125011920929 0.48750001192092896 0.48750001192092896 0.518750011920929 0.4859375059604645 0.5291666388511658 0.5015624761581421 0.543749988079071 0.5093749761581421 0.5458333492279053 0.5249999761581421 0.5145833492279053 0.526562511920929 0.5041666626930237 0.5093749761581421 0.48750001192092896
0 0.625 0.543749988079071 0.621874988079071 0.543749988079071 0.6156250238418579 0.5541666746139526 0.609375 0.5520833134651184 0.6015625 0.5583333373069763 0.6015625 0.5645833611488342 0.6171875 0.6020833253860474 0.621874988079071 0.6020833253860474 0.6421874761581421 0.5874999761581421 0.637499988079071 0.5708333253860474
0 0.526562511920929 0.625 0.5218750238418579 0.625 0.49531251192092896 0.6479166746139526 0.4984374940395355 0.668749988079071 0.5078125 0.6812499761581421 0.5140625238418579 0.6791666746139526 0.5390625 0.65625 0.5375000238418579 0.6458333134651184
0 0.47187501192092896 0.6479166746139526 0.44999998807907104 0.6604166626930237 0.4375 0.6625000238418579 0.4375 0.6729166507720947 0.4453125 0.6979166865348816 0.44999998807907104 0.6979166865348816 0.47968751192092896 0.6812499761581421 0.47968751192092896 0.675000011920929
0 0.5406249761581421 0.5895833373069763 0.5406249761581421 0.6270833611488342 0.578125 0.6270833611488342 0.578125 0.5895833373069763
0 0.46875 0.5270833373069763 0.4546875059604645 0.5541666746139526 0.4546875059604645 0.5604166388511658 0.4828124940395355 0.5854166746139526 0.4859375059604645 0.5854166746139526 0.4984374940395355 0.5604166388511658 0.4984374940395355 0.5520833134651184 0.47187501192092896 0.5270833373069763
0 0.4281249940395355 0.5416666865348816 0.4046874940395355 0.5562499761581421 0.4046874940395355 0.5625 0.4203124940395355 0.6000000238418579 0.42500001192092896 0.6000000238418579 0.4453125 0.5854166746139526 0.44062501192092896 0.5687500238418579
0 0.4375 0.5916666388511658 0.42500001192092896 0.6020833253860474 0.4203124940395355 0.6020833253860474 0.41718751192092896 0.5958333611488342 0.41093748807907104 0.6000000238418579 0.41093748807907104 0.606249988079071 0.42656248807907104 0.643750011920929 0.4375 0.6395833492279053 0.4359374940395355 0.6229166388511658 0.44843751192092896 0.6166666746139526
0 0.573437511920929 0.6312500238418579 0.567187488079071 0.6312500238418579 0.5390625 0.6458333134651184 0.5406249761581421 0.6604166626930237 0.546875 0.6812499761581421 0.551562488079071 0.6812499761581421 0.581250011920929 0.6645833253860474 0.581250011920929 0.6583333611488342
0 0.606249988079071 0.5895833373069763 0.590624988079071 0.6208333373069763 0.589062511920929 0.6312500238418579 0.604687511920929 0.6458333134651184 0.612500011920929 0.6479166746139526 0.628125011920929 0.6166666746139526 0.629687488079071 0.606249988079071 0.6265624761581421 0.6020833253860474 0.6171875 0.6041666865348816 0.6109374761581421 0.5895833373069763