0 0.528124988079071 0.574999988079071 0.504687488079071 0.5895833373069763 0.504687488079071 0.5958333611488342 0.520312488079071 0.6333333253860474 0.5249999761581421 0.6333333253860474 0.5453125238418579 0.6187499761581421 0.5406249761581421 0.6020833253860474
0 0.4671874940395355 0.6145833134651184 0.4390625059604645 0.6187499761581421 0.4437499940395355 0.668749988079071 0.47187501192092896 0.6625000238418579
0 0.6390625238418579 0.6354166865348816 0.6390625238418579 0.6729166507720947 0.676562488079071 0.6729166507720947 0.676562488079071 0.6354166865348816
0 0.46875 0.550000011920929 0.4546875059604645 0.5729166865348816 0.4546875059604645 0.5791666507720947 0.4749999940395355 0.6020833253860474 0.4828124940395355 0.606249988079071 0.49687498807907104 0.5854166746139526 0.49687498807907104 0.5770833492279053 0.47343748807907104 0.550000011920929
0 0.48906248807907104 0.6229166388511658 0.4749999940395355 0.6458333134651184 0.4749999940395355 0.6520833373069763 0.49531251192092896 0.675000011920929 0.503125011920929 0.6791666746139526 0.5171874761581421 0.6583333611488342 0.5171874761581421 0.6499999761581421 0.4937500059604645 0.6229166388511658
0 0.4296875 0.6520833373069763 0.4296875 0.6895833611488342 0.4671874940395355 0.6895833611488342 0.4671874940395355 0.6666666865348816 0.4437499940395355 0.6708333492279053 0.44062501192092896 0.6604166626930237 0.44062501192092896 0.6520833373069763
0 0.4312500059604645 0.550000011920929 0.4156250059604645 0.581250011920929 0.4140625 0.5916666388511658 0.4296875 0.606249988079071 0.4375 0.6083333492279053 0.453125 0.5770833492279053 0.4546875059604645 0.5666666626930237 0.4375 0.550000011920929
0 0.5640624761581421 0.5479166507720947 0.559374988079071 0.5479166507720947 0.5328124761581421 0.5708333253860474 0.535937488079071 0.5895833373069763 0.5453125238418579 0.6041666865348816 0.551562488079071 0.6020833253860474 0.5765625238418579 0.5791666507720947 0.574999988079071 0.5687500238418579
0 0.6625000238418579 0.5375000238418579 0.65625 0.5375000238418579 0.628125011920929 0.5520833134651184 0.628125011920929 0.5625 0.635937511920929 0.5874999761581421 0.640625 0.5874999761581421 0.6703125238418579 0.5708333253860474 0.6703125238418579 0.5645833611488342
0 0.614062488079071 0.5729166865348816 0.590624988079071 0.5874999761581421 0.590624988079071 0.59375 0.606249988079071 0.6312500238418579 0.6109374761581421 0.6312500238418579 0.6312500238418579 0.6166666746139526 0.6265624761581421 0.6000000238418579
0 0.5703125 0.668749988079071 0.542187511920929 0.6729166507720947 0.546875 0.7229166626930237 0.574999988079071 0.7166666388511658