0 0.567187488079071 0.5916666388511658 0.5531250238418579 0.6187499761581421 0.5531250238418579 0.625 0.581250011920929 0.6499999761581421 0.5843750238418579 0.6499999761581421 0.596875011920929 0.625 0.596875011920929 0.6166666746139526 0.5703125 0.5916666388511658
0 0.4312500059604645 0.46875 0.41718751192092896 0.4958333373069763 0.41718751192092896 0.5020833611488342 0.4453125 0.5270833373069763 0.44843751192092896 0.5270833373069763 0.4609375 0.5020833611488342 0.4609375 0.4937500059604645 0.43437498807907104 0.46875
0 0.629687488079071 0.5229166746139526 0.6156250238418579 0.550000011920929 0.6156250238418579 0.5562499761581421 0.643750011920929 0.581250011920929 0.6468750238418579 0.581250011920929 0.659375011920929 0.5562499761581421 0.659375011920929 0.5479166507720947 0.6328125 0.5229166746139526
0 0.510937511920929 0.6708333492279053 0.48750001192092896 0.6854166388511658 0.48750001192092896 0.6916666626930237 0.503125011920929 0.7291666865348816 0.5078125 0.7291666865348816 0.528124988079071 0.7145833373069763 0.5234375 0.6979166865348816
0 0.4359374940395355 0.6708333492279053 0.4078125059604645 0.675000011920929 0.4124999940395355 0.7250000238418579 0.44062501192092896 0.71875
0 0.4984374940395355 0.5895833373069763 0.484375 0.612500011920929 0.484375 0.6187499761581421 0.504687488079071 0.6416666507720947 0.512499988079071 0.6458333134651184 0.526562511920929 0.625 0.526562511920929 0.6166666746139526 0.503125011920929 0.5895833373069763
0 0.5609375238418579 0.6395833492279053 0.5453125238418579 0.6708333492279053 0.543749988079071 0.6812499761581421 0.559374988079071 0.6958333253860474 0.567187488079071 0.6979166865348816 0.582812488079071 0.6666666865348816 0.5843750238418579 0.65625 0.567187488079071 0.6395833492279053
0 0.629687488079071 0.5895833373069763 0.614062488079071 0.6208333373069763 0.612500011920929 0.6312500238418579 0.628125011920929 0.6458333134651184 0.635937511920929 0.6479166746139526 0.651562511920929 0.6166666746139526 0.653124988079071 0.606249988079071 0.635937511920929 0.5895833373069763
0 0.5390625 0.543749988079071 0.5249999761581421 0.5708333253860474 0.5249999761581421 0.5770833492279053 0.5531250238418579 0.6020833253860474 0.5562499761581421 0.6020833253860474 0.5687500238418579 0.5770833492279053 0.5687500238418579 0.5687500238418579 0.542187511920929 0.543749988079071
0 0.606249988079071 0.6395833492279053 0.5921875238418579 0.6625000238418579 0.5921875238418579 0.668749988079071 0.612500011920929 0.6916666626930237 0.620312511920929 0.6958333253860474 0.6343749761581421 0.675000011920929 0.6343749761581421 0.6666666865348816 0.6109374761581421 0.6395833492279053
0 0.421875 0.5145833492279053 0.39375001192092896 0.518750011920929 0.3984375 0.5687500238418579 0.42656248807907104 0.5625
0 0.5874999761581421 0.4729166626930237 0.573437511920929 0.5 0.573437511920929 0.5062500238418579 0.6015625 0.53125 0.604687511920929 0.53125 0.6171875 0.5062500238418579 0.6171875 0.49791666865348816 0.590624988079071 0.4729166626930237
0 0.6390625238418579 0.4833333194255829 0.625 0.5104166865348816 0.625 0.5166666507720947 0.65625 0.5416666865348816 0.668749988079071 0.5166666507720947 0.668749988079071 0.5083333253860474 0.6421874761581421 0.4833333194255829
0 0.4828124940395355 0.6041666865348816 0.4593749940395355 0.6187499761581421 0.4593749940395355 0.625 0.4749999940395355 0.6625000238418579 0.47968751192092896 0.6625000238418579 0.5 0.6479166746139526 0.49687498807907104 0.6354166865348816 0.4828124940395355 0.6187499761581421 0.484375 0.6104166507720947
0 0.5718749761581421 0.5041666626930237 0.551562488079071 0.5208333134651184 0.5546875 0.5416666865348816 0.5640624761581421 0.5541666746139526 0.5703125 0.5520833134651184 0.5953124761581421 0.5291666388511658 0.59375 0.5249999761581421 0.573437511920929 0.5083333253860474