0 0.5687500238418579 0.47708332538604736 0.5546875 0.5041666626930237 0.5546875 0.5104166865348816 0.582812488079071 0.5354166626930237 0.5859375 0.5354166626930237 0.598437488079071 0.5104166865348816 0.598437488079071 0.5020833611488342 0.5718749761581421 0.47708332538604736
0 0.526562511920929 0.518750011920929 0.520312488079071 0.518750011920929 0.4921875 0.5333333611488342 0.4921875 0.543749988079071 0.5 0.5687500238418579 0.504687488079071 0.5687500238418579 0.534375011920929 0.5520833134651184 0.534375011920929 0.5458333492279053
0 0.47187501192092896 0.6354166865348816 0.46562498807907104 0.6354166865348816 0.4375 0.6499999761581421 0.4375 0.6604166626930237 0.4453125 0.6854166388511658 0.44999998807907104 0.6854166388511658 0.47968751192092896 0.668749988079071 0.47968751192092896 0.6625000238418579
0 0.6499999761581421 0.518750011920929 0.645312488079071 0.518750011920929 0.6187499761581421 0.5416666865348816 0.621874988079071 0.5625 0.6312500238418579 0.574999988079071 0.637499988079071 0.5729166865348816 0.6625000238418579 0.550000011920929 0.660937488079071 0.5395833253860474
0 0.6546875238418579 0.5604166388511658 0.637499988079071 0.574999988079071 0.6312500238418579 0.5770833492279053 0.6312500238418579 0.581250011920929 0.6468750238418579 0.6187499761581421 0.651562511920929 0.6187499761581421 0.671875 0.6041666865348816 0.667187511920929 0.5874999761581421
0 0.598437488079071 0.5416666865348816 0.6171875 0.5416666865348816 0.635937511920929 0.5249999761581421 0.635937511920929 0.5041666626930237 0.6000000238418579 0.5041666626930237
0 0.4937500059604645 0.5562499761581421 0.4828124940395355 0.5770833492279053 0.48124998807907104 0.5874999761581421 0.49687498807907104 0.6020833253860474 0.504687488079071 0.6041666865348816 0.520312488079071 0.5729166865348816 0.5218750238418579 0.5625 0.5 0.5708333253860474 0.49531251192092896 0.5562499761581421
0 0.5953124761581421 0.625 0.5796874761581421 0.65625 0.578125 0.6666666865348816 0.59375 0.6812499761581421 0.6015625 0.6833333373069763 0.6171875 0.6520833373069763 0.6187499761581421 0.6416666507720947 0.6015625 0.625
0 0.43437498807907104 0.6833333373069763 0.43437498807907104 0.6895833611488342 0.44999998807907104 0.7270833253860474 0.4546875059604645 0.7270833253860474 0.4749999940395355 0.7124999761581421 0.46406251192092896 0.6812499761581421 0.4593749940395355 0.6812499761581421 0.44999998807907104 0.6875 0.4453125 0.6875 0.44218748807907104 0.6791666746139526
0 0.42656248807907104 0.5708333253860474 0.3984375 0.574999988079071 0.40312498807907104 0.625 0.4312500059604645 0.6187499761581421
0 0.5562499761581421 0.5604166388511658 0.542187511920929 0.5833333134651184 0.542187511920929 0.5895833373069763 0.5625 0.612500011920929 0.5703125 0.6166666746139526 0.5843750238418579 0.5958333611488342 0.5843750238418579 0.5874999761581421 0.5609375238418579 0.5604166388511658
0 0.5375000238418579 0.65625 0.5375000238418579 0.6937500238418579 0.574999988079071 0.6937500238418579 0.574999988079071 0.65625
0 0.40937501192092896 0.6604166626930237 0.39375001192092896 0.6916666626930237 0.3921875059604645 0.7020833492279053 0.4078125059604645 0.7166666388511658 0.4156250059604645 0.71875 0.4312500059604645 0.6875 0.43281251192092896 0.6770833134651184 0.4156250059604645 0.6604166626930237
0 0.550000011920929 0.6187499761581421 0.543749988079071 0.6187499761581421 0.526562511920929 0.6541666388511658 0.526562511920929 0.6604166626930237 0.535937488079071 0.668749988079071 0.535937488079071 0.65625 0.5375000238418579 0.6541666388511658 0.5609375238418579 0.6541666388511658 0.567187488079071 0.6416666507720947 0.567187488079071 0.6354166865348816
0 0.520312488079071 0.6104166507720947 0.504687488079071 0.6416666507720947 0.503125011920929 0.6520833373069763 0.518750011920929 0.6666666865348816 0.526562511920929 0.668749988079071 0.528124988079071 0.6645833253860474 0.5249999761581421 0.6604166626930237 0.5249999761581421 0.6541666388511658 0.5406249761581421 0.6229166388511658 0.526562511920929 0.6104166507720947
0 0.6000000238418579 0.543749988079071 0.589062511920929 0.5604166388511658 0.589062511920929 0.5666666626930237 0.609375 0.5895833373069763 0.6171875 0.59375 0.629687488079071 0.574999988079071 0.620312511920929 0.5625 0.620312511920929 0.5562499761581421 0.614062488079071 0.543749988079071
0 0.3984375 0.6208333373069763 0.3984375 0.6270833611488342 0.41093748807907104 0.6583333611488342 0.421875 0.6625000238418579 0.4390625059604645 0.6479166746139526 0.4296875 0.6229166388511658 0.40312498807907104 0.6270833611488342 0.40156251192092896 0.6187499761581421
0 0.5953124761581421 0.6833333373069763 0.5953124761581421 0.7104166746139526 0.6328125 0.7104166746139526 0.6328125 0.6729166507720947 0.6078125238418579 0.6729166507720947 0.6015625 0.6854166388511658
0 0.4984374940395355 0.612500011920929 0.4828124940395355 0.643750011920929 0.48124998807907104 0.6541666388511658 0.49687498807907104 0.668749988079071 0.504687488079071 0.6708333492279053 0.5093749761581421 0.6604166626930237 0.5015624761581421 0.6520833373069763 0.5015624761581421 0.6458333134651184 0.5140625238418579 0.6208333373069763 0.504687488079071 0.612500011920929