0 0.5171874761581421 0.5833333134651184 0.4937500059604645 0.5979166626930237 0.4937500059604645 0.6041666865348816 0.5093749761581421 0.6416666507720947 0.5140625238418579 0.6416666507720947 0.534375011920929 0.6270833611488342 0.5296875238418579 0.6104166507720947
0 0.4625000059604645 0.550000011920929 0.45625001192092896 0.550000011920929 0.4281249940395355 0.5645833611488342 0.4281249940395355 0.574999988079071 0.4359374940395355 0.6000000238418579 0.44062501192092896 0.6000000238418579 0.4703125059604645 0.5833333134651184 0.4703125059604645 0.5770833492279053
0 0.4359374940395355 0.5166666507720947 0.4359374940395355 0.5541666746139526 0.4468750059604645 0.5541666746139526 0.45625001192092896 0.5479166507720947 0.4625000059604645 0.5479166507720947 0.46562498807907104 0.5541666746139526 0.47343748807907104 0.5541666746139526 0.47343748807907104 0.5166666507720947
0 0.551562488079071 0.5083333253860474 0.535937488079071 0.5395833253860474 0.534375011920929 0.550000011920929 0.550000011920929 0.5645833611488342 0.557812511920929 0.5666666626930237 0.573437511920929 0.5354166626930237 0.574999988079071 0.5249999761581421 0.557812511920929 0.5083333253860474
0 0.6078125238418579 0.5416666865348816 0.59375 0.5687500238418579 0.59375 0.574999988079071 0.621874988079071 0.6000000238418579 0.625 0.6000000238418579 0.637499988079071 0.574999988079071 0.637499988079071 0.5666666626930237 0.6109374761581421 0.5416666865348816
0 0.65625 0.5041666626930237 0.651562511920929 0.5041666626930237 0.625 0.5270833373069763 0.628125011920929 0.5479166507720947 0.637499988079071 0.5604166388511658 0.643750011920929 0.5583333373069763 0.668749988079071 0.5354166626930237 0.667187511920929 0.5249999761581421
0 0.46875 0.6604166626930237 0.44062501192092896 0.6645833253860474 0.4453125 0.7145833373069763 0.47343748807907104 0.7083333134651184
0 0.546875 0.606249988079071 0.53125 0.637499988079071 0.5296875238418579 0.6479166746139526 0.5453125238418579 0.6625000238418579 0.5531250238418579 0.6645833253860474 0.5687500238418579 0.6333333253860474 0.5703125 0.6229166388511658 0.5531250238418579 0.606249988079071
0 0.5390625 0.5687500238418579 0.5390625 0.606249988079071 0.546875 0.6041666865348816 0.5765625238418579 0.606249988079071 0.5765625238418579 0.5687500238418579
0 0.6000000238418579 0.6187499761581421 0.59375 0.6187499761581421 0.5703125 0.6312500238418579 0.565625011920929 0.643750011920929 0.573437511920929 0.668749988079071 0.578125 0.668749988079071 0.6078125238418579 0.6520833373069763 0.6078125238418579 0.6458333134651184
0 0.5296875238418579 0.6854166388511658 0.5296875238418579 0.7229166626930237 0.567187488079071 0.7229166626930237 0.567187488079071 0.6854166388511658
0 0.4203124940395355 0.625 0.4203124940395355 0.6625000238418579 0.4437499940395355 0.6625000238418579 0.45781248807907104 0.6583333611488342 0.45781248807907104 0.625
0 0.5078125 0.512499988079071 0.4937500059604645 0.5395833253860474 0.4937500059604645 0.5458333492279053 0.5218750238418579 0.5708333253860474 0.5249999761581421 0.5708333253860474 0.534375011920929 0.5520833134651184 0.5328124761581421 0.543749988079071 0.535937488079071 0.5354166626930237 0.510937511920929 0.512499988079071