0 0.44843751192092896 0.5874999761581421 0.43437498807907104 0.6104166507720947 0.43437498807907104 0.6166666746139526 0.4546875059604645 0.6395833492279053 0.4625000059604645 0.643750011920929 0.4765625 0.6229166388511658 0.4765625 0.6145833134651184 0.453125 0.5874999761581421
0 0.6015625 0.606249988079071 0.6015625 0.643750011920929 0.6390625238418579 0.643750011920929 0.6390625238418579 0.606249988079071
0 0.5562499761581421 0.668749988079071 0.542187511920929 0.6958333253860474 0.542187511920929 0.7020833492279053 0.5703125 0.7270833253860474 0.573437511920929 0.7270833253860474 0.5859375 0.7020833492279053 0.5859375 0.6937500238418579 0.559374988079071 0.668749988079071
0 0.515625 0.65625 0.510937511920929 0.65625 0.484375 0.6791666746139526 0.48750001192092896 0.699999988079071 0.49687498807907104 0.7124999761581421 0.503125011920929 0.7104166746139526 0.528124988079071 0.6875 0.526562511920929 0.6770833134651184
0 0.6499999761581421 0.6645833253860474 0.6265624761581421 0.6791666746139526 0.6265624761581421 0.6854166388511658 0.6421874761581421 0.7229166626930237 0.6468750238418579 0.7229166626930237 0.667187511920929 0.7083333134651184 0.6625000238418579 0.6916666626930237
0 0.5328124761581421 0.5916666388511658 0.518750011920929 0.6145833134651184 0.518750011920929 0.6208333373069763 0.5390625 0.643750011920929 0.546875 0.6479166746139526 0.5609375238418579 0.6270833611488342 0.5609375238418579 0.6187499761581421 0.5375000238418579 0.5916666388511658
0 0.4765625 0.612500011920929 0.4781250059604645 0.6145833134651184 0.4781250059604645 0.6229166388511658 0.4625000059604645 0.6458333134651184 0.4781250059604645 0.6645833253860474 0.4859375059604645 0.668749988079071 0.5 0.6479166746139526 0.5 0.6395833492279053
0 0.606249988079071 0.5520833134651184 0.6015625 0.5520833134651184 0.574999988079071 0.574999988079071 0.578125 0.5958333611488342 0.5874999761581421 0.6083333492279053 0.59375 0.606249988079071 0.6187499761581421 0.5833333134651184 0.6171875 0.5729166865348816
0 0.5796874761581421 0.606249988079071 0.574999988079071 0.606249988079071 0.5625 0.6166666746139526 0.5625 0.6270833611488342 0.551562488079071 0.643750011920929 0.551562488079071 0.6499999761581421 0.5609375238418579 0.6625000238418579 0.567187488079071 0.6604166626930237 0.5921875238418579 0.637499988079071 0.590624988079071 0.6270833611488342
0 0.629687488079071 0.4958333373069763 0.625 0.4958333373069763 0.598437488079071 0.518750011920929 0.6015625 0.5395833253860474 0.6109374761581421 0.5520833134651184 0.6171875 0.550000011920929 0.6421874761581421 0.5270833373069763 0.640625 0.5166666507720947
0 0.5078125 0.4833333194255829 0.47968751192092896 0.48750001192092896 0.484375 0.5375000238418579 0.512499988079071 0.53125
0 0.42656248807907104 0.643750011920929 0.421875 0.643750011920929 0.39531248807907104 0.6666666865348816 0.3984375 0.6875 0.4078125059604645 0.699999988079071 0.4140625 0.6979166865348816 0.4390625059604645 0.675000011920929 0.4375 0.6645833253860474
0 0.5296875238418579 0.5333333611488342 0.515625 0.5562499761581421 0.515625 0.5625 0.535937488079071 0.5854166746139526 0.543749988079071 0.5895833373069763 0.557812511920929 0.5687500238418579 0.557812511920929 0.5604166388511658 0.534375011920929 0.5333333611488342
0 0.41874998807907104 0.581250011920929 0.4046874940395355 0.6083333492279053 0.4046874940395355 0.6145833134651184 0.43281251192092896 0.6395833492279053 0.4359374940395355 0.6395833492279053 0.44218748807907104 0.6270833611488342 0.43281251192092896 0.6166666746139526 0.43281251192092896 0.6104166507720947 0.44062501192092896 0.5979166626930237 0.421875 0.581250011920929
0 0.4375 0.6812499761581421 0.43437498807907104 0.6812499761581421 0.41093748807907104 0.7020833492279053 0.4078125059604645 0.7020833492279053 0.4046874940395355 0.6958333253860474 0.40156251192092896 0.6958333253860474 0.4046874940395355 0.7166666388511658 0.4140625 0.7291666865348816 0.4203124940395355 0.7270833253860474 0.4453125 0.7041666507720947 0.4453125 0.6979166865348816
0 0.5718749761581421 0.46666666865348816 0.557812511920929 0.4937500059604645 0.557812511920929 0.5 0.5859375 0.5249999761581421 0.589062511920929 0.5249999761581421 0.6015625 0.5 0.6015625 0.49166667461395264 0.574999988079071 0.46666666865348816
0 0.4625000059604645 0.5145833492279053 0.4609375 0.5229166746139526 0.4749999940395355 0.5583333373069763 0.48124998807907104 0.5604166388511658 0.5015624761581421 0.5458333492279053 0.5 0.5375000238418579 0.48906248807907104 0.5395833253860474 0.4828124940395355 0.5375000238418579 0.47968751192092896 0.5041666626930237
0 0.46875 0.550000011920929 0.46875 0.5874999761581421 0.5062500238418579 0.5874999761581421 0.5062500238418579 0.550000011920929 0.49687498807907104 0.550000011920929 0.48124998807907104 0.5625 0.4765625 0.5625