0 0.614062488079071 0.668749988079071 0.609375 0.668749988079071 0.582812488079071 0.6916666626930237 0.5859375 0.7124999761581421 0.5953124761581421 0.7250000238418579 0.6015625 0.7229166626930237 0.6265624761581421 0.699999988079071 0.625 0.6895833611488342
0 0.4765625 0.5249999761581421 0.44843751192092896 0.5291666388511658 0.453125 0.5791666507720947 0.48124998807907104 0.5729166865348816
0 0.528124988079071 0.6645833253860474 0.5234375 0.6645833253860474 0.49687498807907104 0.6875 0.5 0.7083333134651184 0.5093749761581421 0.7208333611488342 0.515625 0.71875 0.5406249761581421 0.6958333253860474 0.5390625 0.6854166388511658
0 0.4124999940395355 0.6187499761581421 0.4124999940395355 0.65625 0.44999998807907104 0.65625 0.44999998807907104 0.6187499761581421
0 0.4515624940395355 0.581250011920929 0.44218748807907104 0.6000000238418579 0.44218748807907104 0.606249988079071 0.4703125059604645 0.6312500238418579 0.47343748807907104 0.6312500238418579 0.4859375059604645 0.606249988079071 0.4859375059604645 0.5979166626930237 0.46562498807907104 0.5791666507720947
0 0.598437488079071 0.4791666567325592 0.5703125 0.4833333194255829 0.574999988079071 0.5333333611488342 0.6031249761581421 0.5270833373069763
0 0.48124998807907104 0.550000011920929 0.4828124940395355 0.5729166865348816 0.47968751192092896 0.5770833492279053 0.4671874940395355 0.5791666507720947 0.4828124940395355 0.5916666388511658 0.48750001192092896 0.5979166626930237 0.48750001192092896 0.6020833253860474 0.49531251192092896 0.606249988079071 0.5093749761581421 0.5854166746139526 0.5093749761581421 0.5770833492279053 0.4859375059604645 0.550000011920929
0 0.6656249761581421 0.5062500238418579 0.660937488079071 0.5062500238418579 0.6343749761581421 0.5291666388511658 0.637499988079071 0.550000011920929 0.6468750238418579 0.5625 0.653124988079071 0.5604166388511658 0.6781250238418579 0.5375000238418579 0.676562488079071 0.5270833373069763
0 0.6000000238418579 0.6208333373069763 0.6000000238418579 0.6583333611488342 0.637499988079071 0.6583333611488342 0.637499988079071 0.6208333373069763
0 0.45781248807907104 0.643750011920929 0.4437499940395355 0.6708333492279053 0.4437499940395355 0.6770833134651184 0.47187501192092896 0.7020833492279053 0.4749999940395355 0.7020833492279053 0.48750001192092896 0.6770833134651184 0.48750001192092896 0.668749988079071 0.4609375 0.643750011920929
0 0.6328125 0.5770833492279053 0.6328125 0.6145833134651184 0.6703125238418579 0.6145833134651184 0.6703125238418579 0.5770833492279053
0 0.518750011920929 0.5874999761581421 0.504687488079071 0.6104166507720947 0.504687488079071 0.6166666746139526 0.5249999761581421 0.6395833492279053 0.5328124761581421 0.643750011920929 0.546875 0.6229166388511658 0.546875 0.6145833134651184 0.5234375 0.5874999761581421
0 0.535937488079071 0.4958333373069763 0.520312488079071 0.5270833373069763 0.518750011920929 0.5375000238418579 0.534375011920929 0.5520833134651184 0.542187511920929 0.5541666746139526 0.557812511920929 0.5229166746139526 0.559374988079071 0.512499988079071 0.542187511920929 0.4958333373069763