0 0.4984374940395355 0.5458333492279053 0.4703125059604645 0.550000011920929 0.4749999940395355 0.6000000238418579 0.503125011920929 0.59375
0 0.46875 0.612500011920929 0.46875 0.6499999761581421 0.5062500238418579 0.6499999761581421 0.5062500238418579 0.612500011920929
0 0.45781248807907104 0.637499988079071 0.453125 0.637499988079071 0.42656248807907104 0.6604166626930237 0.4296875 0.6812499761581421 0.4390625059604645 0.6937500238418579 0.4453125 0.6916666626930237 0.4703125059604645 0.668749988079071 0.46875 0.6583333611488342
0 0.4390625059604645 0.4833333194255829 0.41093748807907104 0.48750001192092896 0.4156250059604645 0.5375000238418579 0.4437499940395355 0.53125
0 0.6312500238418579 0.5145833492279053 0.6265624761581421 0.5145833492279053 0.6000000238418579 0.5375000238418579 0.6031249761581421 0.5583333373069763 0.612500011920929 0.5708333253860474 0.6187499761581421 0.5687500238418579 0.643750011920929 0.5458333492279053 0.6421874761581421 0.5354166626930237
0 0.565625011920929 0.6583333611488342 0.565625011920929 0.6958333253860474 0.6031249761581421 0.6958333253860474 0.6031249761581421 0.6583333611488342
0 0.5546875 0.5375000238418579 0.5546875 0.574999988079071 0.5921875238418579 0.574999988079071 0.5921875238418579 0.5375000238418579
0 0.637499988079071 0.6604166626930237 0.6234375238418579 0.6875 0.6234375238418579 0.6937500238418579 0.651562511920929 0.71875 0.6546875238418579 0.71875 0.667187511920929 0.6937500238418579 0.667187511920929 0.6854166388511658 0.640625 0.6604166626930237
0 0.520312488079071 0.47083333134651184 0.504687488079071 0.5020833611488342 0.503125011920929 0.512499988079071 0.518750011920929 0.5270833373069763 0.526562511920929 0.5291666388511658 0.542187511920929 0.49791666865348816 0.543749988079071 0.48750001192092896 0.526562511920929 0.47083333134651184
0 0.5718749761581421 0.5916666388511658 0.567187488079071 0.5916666388511658 0.5406249761581421 0.6145833134651184 0.543749988079071 0.6354166865348816 0.5531250238418579 0.6479166746139526 0.559374988079071 0.6458333134651184 0.5843750238418579 0.6229166388511658 0.582812488079071 0.612500011920929
0 0.48124998807907104 0.4854166805744171 0.4749999940395355 0.4854166805744171 0.4468750059604645 0.5 0.4468750059604645 0.5104166865348816 0.4546875059604645 0.5354166626930237 0.4593749940395355 0.5354166626930237 0.48906248807907104 0.518750011920929 0.48906248807907104 0.512499988079071
0 0.6000000238418579 0.5145833492279053 0.582812488079071 0.49791666865348816 0.5765625238418579 0.49791666865348816 0.559374988079071 0.5354166626930237 0.59375 0.5354166626930237 0.6000000238418579 0.5208333134651184
0 0.6484375 0.5625 0.6343749761581421 0.5895833373069763 0.6343749761581421 0.5958333611488342 0.6625000238418579 0.6208333373069763 0.6656249761581421 0.6208333373069763 0.6781250238418579 0.5958333611488342 0.6781250238418579 0.5874999761581421 0.651562511920929 0.5625
0 0.582812488079071 0.5958333611488342 0.582812488079071 0.6104166507720947 0.5859375 0.6166666746139526 0.582812488079071 0.6333333253860474 0.620312511920929 0.6333333253860474 0.620312511920929 0.5958333611488342
0 0.542187511920929 0.6291666626930237 0.5218750238418579 0.6333333253860474 0.526562511920929 0.6833333373069763 0.5546875 0.6770833134651184 0.5531250238418579 0.6520833373069763 0.550000011920929 0.643750011920929 0.542187511920929 0.6354166865348816
0 0.4671874940395355 0.6770833134651184 0.4671874940395355 0.7145833373069763 0.504687488079071 0.7145833373069763 0.504687488079071 0.6770833134651184
0 0.4281249940395355 0.5770833492279053 0.4046874940395355 0.5916666388511658 0.4046874940395355 0.5979166626930237 0.4203124940395355 0.6354166865348816 0.42500001192092896 0.6354166865348816 0.4453125 0.6208333373069763 0.44062501192092896 0.6041666865348816