0 0.59375 0.637499988079071 0.5796874761581421 0.6604166626930237 0.5796874761581421 0.6666666865348816 0.6000000238418579 0.6895833611488342 0.6078125238418579 0.6937500238418579 0.621874988079071 0.6729166507720947 0.621874988079071 0.6645833253860474 0.598437488079071 0.637499988079071
0 0.5546875 0.5958333611488342 0.5406249761581421 0.6229166388511658 0.5406249761581421 0.6291666626930237 0.5687500238418579 0.6541666388511658 0.5718749761581421 0.6541666388511658 0.5843750238418579 0.6291666626930237 0.5843750238418579 0.6208333373069763 0.557812511920929 0.5958333611488342
0 0.6187499761581421 0.6145833134651184 0.606249988079071 0.6395833492279053 0.606249988079071 0.643750011920929 0.6234375238418579 0.6645833253860474 0.6234375238418579 0.6729166507720947 0.625 0.6729166507720947 0.640625 0.6416666507720947 0.6421874761581421 0.6312500238418579 0.625 0.6145833134651184
0 0.5390625 0.5166666507720947 0.515625 0.53125 0.515625 0.5375000238418579 0.53125 0.574999988079071 0.535937488079071 0.574999988079071 0.5562499761581421 0.5604166388511658 0.551562488079071 0.543749988079071
0 0.5687500238418579 0.5479166507720947 0.5687500238418579 0.5854166746139526 0.606249988079071 0.5854166746139526 0.606249988079071 0.5479166507720947
0 0.6421874761581421 0.4854166805744171 0.628125011920929 0.512499988079071 0.628125011920929 0.518750011920929 0.65625 0.543749988079071 0.659375011920929 0.543749988079071 0.671875 0.518750011920929 0.671875 0.5104166865348816 0.645312488079071 0.4854166805744171
0 0.5406249761581421 0.47708332538604736 0.535937488079071 0.47708332538604736 0.5093749761581421 0.5 0.512499988079071 0.5208333134651184 0.5171874761581421 0.5270833373069763 0.535937488079071 0.5145833492279053 0.5390625 0.5145833492279053 0.542187511920929 0.518750011920929 0.5531250238418579 0.5083333253860474 0.551562488079071 0.49791666865348816
0 0.4234375059604645 0.6479166746139526 0.40937501192092896 0.675000011920929 0.40937501192092896 0.6812499761581421 0.4375 0.706250011920929 0.44062501192092896 0.706250011920929 0.453125 0.6812499761581421 0.453125 0.6729166507720947 0.42656248807907104 0.6479166746139526
0 0.48124998807907104 0.4958333373069763 0.4765625 0.4958333373069763 0.44999998807907104 0.518750011920929 0.453125 0.5395833253860474 0.4625000059604645 0.5520833134651184 0.46875 0.550000011920929 0.4937500059604645 0.5270833373069763 0.4921875 0.5166666507720947
0 0.44062501192092896 0.7083333134651184 0.44062501192092896 0.71875 0.4781250059604645 0.71875 0.4781250059604645 0.6812499761581421 0.4546875059604645 0.6812499761581421
0 0.6328125 0.4854166805744171 0.628125011920929 0.4854166805744171 0.6015625 0.5083333253860474 0.604687511920929 0.5291666388511658 0.614062488079071 0.5416666865348816 0.620312511920929 0.5395833253860474 0.6343749761581421 0.5270833373069763 0.6265624761581421 0.518750011920929 0.6265624761581421 0.512499988079071 0.635937511920929 0.4958333373069763
0 0.637499988079071 0.5666666626930237 0.637499988079071 0.6041666865348816 0.675000011920929 0.6041666865348816 0.675000011920929 0.5666666626930237