0 0.5484374761581421 0.5833333134651184 0.534375011920929 0.606249988079071 0.534375011920929 0.612500011920929 0.5546875 0.6354166865348816 0.5625 0.6395833492279053 0.5765625238418579 0.6187499761581421 0.5765625238418579 0.6104166507720947 0.5531250238418579 0.5833333134651184
0 0.5234375 0.48750001192092896 0.49531251192092896 0.49166667461395264 0.5 0.5416666865348816 0.528124988079071 0.5354166626930237
0 0.614062488079071 0.6708333492279053 0.614062488079071 0.7083333134651184 0.651562511920929 0.7083333134651184 0.651562511920929 0.6708333492279053
0 0.510937511920929 0.5645833611488342 0.48750001192092896 0.5791666507720947 0.48750001192092896 0.5854166746139526 0.503125011920929 0.6229166388511658 0.5078125 0.6229166388511658 0.528124988079071 0.6083333492279053 0.5234375 0.5916666388511658
0 0.4859375059604645 0.6541666388511658 0.47968751192092896 0.6541666388511658 0.4515624940395355 0.668749988079071 0.4515624940395355 0.6791666746139526 0.4593749940395355 0.7041666507720947 0.46406251192092896 0.7041666507720947 0.4937500059604645 0.6875 0.4937500059604645 0.6812499761581421
0 0.4765625 0.5479166507720947 0.4765625 0.5541666746139526 0.4937500059604645 0.5729166865348816 0.5078125 0.5625 0.510937511920929 0.5625 0.5140625238418579 0.5666666626930237 0.518750011920929 0.5604166388511658 0.518750011920929 0.5520833134651184 0.510937511920929 0.5416666865348816 0.504687488079071 0.543749988079071 0.4984374940395355 0.5416666865348816 0.49531251192092896 0.5249999761581421 0.4906249940395355 0.5249999761581421
0 0.542187511920929 0.6708333492279053 0.528124988079071 0.6937500238418579 0.528124988079071 0.699999988079071 0.5484374761581421 0.7229166626930237 0.5562499761581421 0.7270833253860474 0.5703125 0.706250011920929 0.5703125 0.6979166865348816 0.546875 0.6708333492279053
0 0.41093748807907104 0.612500011920929 0.3968749940395355 0.6354166865348816 0.3968749940395355 0.6416666507720947 0.41718751192092896 0.6645833253860474 0.42500001192092896 0.668749988079071 0.4390625059604645 0.6479166746139526 0.4390625059604645 0.6395833492279053 0.4156250059604645 0.612500011920929
0 0.43437498807907104 0.4937500059604645 0.4281249940395355 0.4937500059604645 0.4000000059604645 0.5083333253860474 0.4000000059604645 0.518750011920929 0.4078125059604645 0.543749988079071 0.4124999940395355 0.543749988079071 0.44218748807907104 0.5270833373069763 0.44218748807907104 0.5208333134651184
0 0.645312488079071 0.4895833432674408 0.640625 0.4895833432674408 0.614062488079071 0.512499988079071 0.6171875 0.5333333611488342 0.6265624761581421 0.5458333492279053 0.6328125 0.543749988079071 0.6578124761581421 0.5208333134651184 0.65625 0.5104166865348816
0 0.4312500059604645 0.6729166507720947 0.42500001192092896 0.6729166507720947 0.3968749940395355 0.6875 0.3968749940395355 0.6979166865348816 0.4046874940395355 0.7229166626930237 0.40937501192092896 0.7229166626930237 0.4390625059604645 0.706250011920929 0.4390625059604645 0.699999988079071
0 0.48124998807907104 0.5 0.4781250059604645 0.5 0.45781248807907104 0.5145833492279053 0.45781248807907104 0.5208333134651184 0.47343748807907104 0.5583333373069763 0.4781250059604645 0.5583333373069763 0.4749999940395355 0.5541666746139526 0.4749999940395355 0.5479166507720947 0.4906249940395355 0.5229166746139526
0 0.48750001192092896 0.5874999761581421 0.4593749940395355 0.6020833253860474 0.4593749940395355 0.612500011920929 0.4671874940395355 0.637499988079071 0.47187501192092896 0.637499988079071 0.5 0.6229166388511658 0.5 0.6187499761581421