0 0.6656249761581421 0.5416666865348816 0.6421874761581421 0.5562499761581421 0.6421874761581421 0.5625 0.6578124761581421 0.6000000238418579 0.6625000238418579 0.6000000238418579 0.682812511920929 0.5854166746139526 0.6781250238418579 0.5687500238418579
0 0.421875 0.5375000238418579 0.421875 0.574999988079071 0.4593749940395355 0.574999988079071 0.4593749940395355 0.5375000238418579
0 0.5609375238418579 0.543749988079071 0.5328124761581421 0.5479166507720947 0.5375000238418579 0.5979166626930237 0.565625011920929 0.5916666388511658
0 0.5062500238418579 0.53125 0.5015624761581421 0.53125 0.4749999940395355 0.5541666746139526 0.4781250059604645 0.574999988079071 0.48750001192092896 0.5874999761581421 0.4937500059604645 0.5854166746139526 0.518750011920929 0.5625 0.5171874761581421 0.5520833134651184
0 0.48750001192092896 0.6041666865348816 0.4593749940395355 0.6083333492279053 0.46406251192092896 0.6583333611488342 0.4921875 0.6520833373069763
0 0.4984374940395355 0.6625000238418579 0.4984374940395355 0.699999988079071 0.535937488079071 0.699999988079071 0.535937488079071 0.6625000238418579
0 0.5609375238418579 0.637499988079071 0.546875 0.6645833253860474 0.546875 0.6708333492279053 0.574999988079071 0.6958333253860474 0.578125 0.6958333253860474 0.590624988079071 0.6708333492279053 0.590624988079071 0.6625000238418579 0.5640624761581421 0.637499988079071
0 0.6000000238418579 0.4833333194255829 0.6000000238418579 0.5208333134651184 0.637499988079071 0.5208333134651184 0.637499988079071 0.4833333194255829
0 0.4593749940395355 0.4729166626930237 0.4546875059604645 0.4729166626930237 0.4281249940395355 0.4958333373069763 0.4312500059604645 0.5166666507720947 0.44062501192092896 0.5291666388511658 0.4468750059604645 0.5270833373069763 0.47187501192092896 0.5041666626930237 0.4703125059604645 0.4937500059604645
0 0.5328124761581421 0.6354166865348816 0.515625 0.6187499761581421 0.5093749761581421 0.6187499761581421 0.4937500059604645 0.6499999761581421 0.4921875 0.6604166626930237 0.49687498807907104 0.6645833253860474 0.4984374940395355 0.6604166626930237 0.5234375 0.6604166626930237 0.53125 0.6458333134651184
0 0.4515624940395355 0.6499999761581421 0.4453125 0.6499999761581421 0.41718751192092896 0.6645833253860474 0.41718751192092896 0.675000011920929 0.42500001192092896 0.699999988079071 0.4296875 0.699999988079071 0.4593749940395355 0.6833333373069763 0.4593749940395355 0.6770833134651184
0 0.6468750238418579 0.6187499761581421 0.6328125 0.6416666507720947 0.6328125 0.6479166746139526 0.653124988079071 0.6708333492279053 0.660937488079071 0.675000011920929 0.675000011920929 0.6541666388511658 0.675000011920929 0.6458333134651184 0.651562511920929 0.6187499761581421
0 0.640625 0.47083333134651184 0.635937511920929 0.4791666567325592 0.6390625238418579 0.4833333194255829 0.6390625238418579 0.5145833492279053 0.6546875238418579 0.5291666388511658 0.6578124761581421 0.5291666388511658 0.6703125238418579 0.5041666626930237 0.6703125238418579 0.4958333373069763 0.643750011920929 0.47083333134651184
0 0.643750011920929 0.668749988079071 0.629687488079071 0.6916666626930237 0.629687488079071 0.6979166865348816 0.6499999761581421 0.7208333611488342 0.6578124761581421 0.7250000238418579 0.671875 0.7041666507720947 0.671875 0.6958333253860474 0.6484375 0.668749988079071