0 0.4390625059604645 0.612500011920929 0.4156250059604645 0.6270833611488342 0.4156250059604645 0.6333333253860474 0.4312500059604645 0.6708333492279053 0.4359374940395355 0.6708333492279053 0.45625001192092896 0.65625 0.4515624940395355 0.6395833492279053
0 0.629687488079071 0.6354166865348816 0.629687488079071 0.6729166507720947 0.667187511920929 0.6729166507720947 0.667187511920929 0.6354166865348816
0 0.4046874940395355 0.5166666507720947 0.4046874940395355 0.5541666746139526 0.44218748807907104 0.5541666746139526 0.44218748807907104 0.5166666507720947
0 0.4234375059604645 0.5562499761581421 0.4234375059604645 0.59375 0.4609375 0.59375 0.4609375 0.5562499761581421
0 0.606249988079071 0.5166666507720947 0.578125 0.5208333134651184 0.582812488079071 0.5708333253860474 0.6109374761581421 0.5645833611488342
0 0.59375 0.59375 0.59375 0.6312500238418579 0.6312500238418579 0.6312500238418579 0.6312500238418579 0.59375
0 0.643750011920929 0.5291666388511658 0.629687488079071 0.5520833134651184 0.629687488079071 0.5583333373069763 0.6499999761581421 0.581250011920929 0.6578124761581421 0.5854166746139526 0.671875 0.5645833611488342 0.671875 0.5562499761581421 0.6484375 0.5291666388511658
0 0.520312488079071 0.4729166626930237 0.49687498807907104 0.48750001192092896 0.49687498807907104 0.4937500059604645 0.512499988079071 0.53125 0.5171874761581421 0.53125 0.5375000238418579 0.5166666507720947 0.5328124761581421 0.5
0 0.543749988079071 0.6625000238418579 0.5296875238418579 0.6854166388511658 0.5296875238418579 0.6916666626930237 0.550000011920929 0.7145833373069763 0.557812511920929 0.71875 0.5718749761581421 0.6979166865348816 0.5718749761581421 0.6895833611488342 0.5484374761581421 0.6625000238418579
0 0.49531251192092896 0.5625 0.48124998807907104 0.5854166746139526 0.48124998807907104 0.5916666388511658 0.5015624761581421 0.6145833134651184 0.5093749761581421 0.6187499761581421 0.5234375 0.5979166626930237 0.5234375 0.5895833373069763 0.5 0.5625
0 0.515625 0.6395833492279053 0.5015624761581421 0.6666666865348816 0.5015624761581421 0.6729166507720947 0.5296875238418579 0.6979166865348816 0.5328124761581421 0.6979166865348816 0.528124988079071 0.6916666626930237 0.528124988079071 0.6854166388511658 0.542187511920929 0.6604166626930237 0.518750011920929 0.6395833492279053
0 0.6156250238418579 0.4854166805744171 0.6015625 0.5145833492279053 0.6078125238418579 0.5166666507720947 0.609375 0.5375000238418579 0.6171875 0.543749988079071 0.621874988079071 0.543749988079071 0.637499988079071 0.512499988079071 0.6390625238418579 0.5020833611488342 0.621874988079071 0.4854166805744171
0 0.4625000059604645 0.574999988079071 0.4625000059604645 0.59375 0.4609375 0.5958333611488342 0.4390625059604645 0.5958333611488342 0.453125 0.6312500238418579 0.45781248807907104 0.6312500238418579 0.4781250059604645 0.6166666746139526 0.4781250059604645 0.612500011920929