0 0.4781250059604645 0.5729166865348816 0.4625000059604645 0.6041666865348816 0.4609375 0.6145833134651184 0.4765625 0.6291666626930237 0.484375 0.6312500238418579 0.5 0.6000000238418579 0.5015624761581421 0.5895833373069763 0.484375 0.5729166865348816
0 0.42500001192092896 0.5062500238418579 0.40156251192092896 0.5208333134651184 0.40156251192092896 0.5270833373069763 0.41718751192092896 0.5645833611488342 0.421875 0.5645833611488342 0.44218748807907104 0.550000011920929 0.4375 0.5333333611488342
0 0.546875 0.5687500238418579 0.5406249761581421 0.5687500238418579 0.512499988079071 0.5833333134651184 0.512499988079071 0.59375 0.520312488079071 0.6187499761581421 0.5249999761581421 0.6187499761581421 0.5546875 0.6020833253860474 0.5546875 0.5958333611488342
0 0.551562488079071 0.5083333253860474 0.535937488079071 0.5395833253860474 0.534375011920929 0.550000011920929 0.550000011920929 0.5645833611488342 0.557812511920929 0.5666666626930237 0.573437511920929 0.5354166626930237 0.574999988079071 0.5249999761581421 0.557812511920929 0.5083333253860474
0 0.4312500059604645 0.47708332538604736 0.4124999940395355 0.4895833432674408 0.41093748807907104 0.49791666865348816 0.4156250059604645 0.5083333253860474 0.42500001192092896 0.5041666626930237 0.4375 0.53125 0.4515624940395355 0.5208333134651184 0.4515624940395355 0.5166666507720947 0.4359374940395355 0.4791666567325592
0 0.604687511920929 0.6583333611488342 0.589062511920929 0.6895833611488342 0.5874999761581421 0.699999988079071 0.6031249761581421 0.7145833373069763 0.6109374761581421 0.7166666388511658 0.6265624761581421 0.6854166388511658 0.628125011920929 0.675000011920929 0.6109374761581421 0.6583333611488342
0 0.6546875238418579 0.4937500059604645 0.6499999761581421 0.4937500059604645 0.6234375238418579 0.5166666507720947 0.6265624761581421 0.5375000238418579 0.635937511920929 0.550000011920929 0.6421874761581421 0.5479166507720947 0.667187511920929 0.5249999761581421 0.6656249761581421 0.5145833492279053
0 0.567187488079071 0.550000011920929 0.567187488079071 0.5729166865348816 0.604687511920929 0.5729166865348816 0.604687511920929 0.5354166626930237 0.574999988079071 0.5354166626930237
0 0.4937500059604645 0.5145833492279053 0.4937500059604645 0.5520833134651184 0.53125 0.5520833134651184 0.53125 0.5145833492279053
0 0.534375011920929 0.5020833611488342 0.5234375 0.4791666567325592 0.5171874761581421 0.47708332538604736 0.4906249940395355 0.5 0.4906249940395355 0.5083333253860474 0.4921875 0.512499988079071 0.53125 0.512499988079071 0.534375011920929 0.5083333253860474
0 0.44843751192092896 0.5249999761581421 0.44843751192092896 0.5562499761581421 0.4859375059604645 0.5562499761581421 0.4859375059604645 0.518750011920929 0.453125 0.518750011920929
0 0.5640624761581421 0.6395833492279053 0.557812511920929 0.6395833492279053 0.5296875238418579 0.6541666388511658 0.5296875238418579 0.6645833253860474 0.5375000238418579 0.6895833611488342 0.542187511920929 0.6895833611488342 0.5718749761581421 0.6729166507720947 0.5718749761581421 0.6666666865348816
0 0.6171875 0.5354166626930237 0.6171875 0.5291666388511658 0.609375 0.5020833611488342 0.6031249761581421 0.5020833611488342 0.574999988079071 0.5166666507720947 0.578125 0.5333333611488342 0.604687511920929 0.5333333611488342 0.606249988079071 0.5416666865348816
0 0.5296875238418579 0.6479166746139526 0.5015624761581421 0.6520833373069763 0.5062500238418579 0.7020833492279053 0.534375011920929 0.6958333253860474 0.5328124761581421 0.6770833134651184 0.528124988079071 0.6645833253860474