0 0.4375 0.6499999761581421 0.40937501192092896 0.6541666388511658 0.4140625 0.7041666507720947 0.44218748807907104 0.6979166865348816
0 0.5484374761581421 0.6604166626930237 0.543749988079071 0.6604166626930237 0.5171874761581421 0.6833333373069763 0.520312488079071 0.7041666507720947 0.5296875238418579 0.7166666388511658 0.535937488079071 0.7145833373069763 0.5609375238418579 0.6916666626930237 0.559374988079071 0.6812499761581421
0 0.5 0.5270833373069763 0.4765625 0.5416666865348816 0.4765625 0.5479166507720947 0.4921875 0.5854166746139526 0.49687498807907104 0.5854166746139526 0.5171874761581421 0.5708333253860474 0.512499988079071 0.5541666746139526
0 0.59375 0.6416666507720947 0.59375 0.6791666746139526 0.6312500238418579 0.6791666746139526 0.6312500238418579 0.6416666507720947
0 0.4781250059604645 0.6166666746139526 0.44999998807907104 0.6208333373069763 0.4546875059604645 0.6708333492279053 0.4828124940395355 0.6645833253860474
0 0.42500001192092896 0.5625 0.41093748807907104 0.5854166746139526 0.41093748807907104 0.5916666388511658 0.4312500059604645 0.6145833134651184 0.4390625059604645 0.6187499761581421 0.453125 0.5979166626930237 0.453125 0.5895833373069763 0.4296875 0.5625
0 0.5171874761581421 0.59375 0.5015624761581421 0.625 0.5 0.6354166865348816 0.515625 0.6499999761581421 0.5234375 0.6520833373069763 0.5390625 0.6208333373069763 0.5406249761581421 0.6104166507720947 0.5234375 0.59375
0 0.5406249761581421 0.5166666507720947 0.5249999761581421 0.5479166507720947 0.5234375 0.5583333373069763 0.5390625 0.5729166865348816 0.546875 0.574999988079071 0.5625 0.543749988079071 0.5640624761581421 0.5333333611488342 0.546875 0.5166666507720947
0 0.5921875238418579 0.4749999940395355 0.578125 0.49791666865348816 0.578125 0.5041666626930237 0.598437488079071 0.5270833373069763 0.606249988079071 0.53125 0.620312511920929 0.5104166865348816 0.620312511920929 0.5020833611488342 0.596875011920929 0.4749999940395355
0 0.635937511920929 0.5583333373069763 0.612500011920929 0.5729166865348816 0.612500011920929 0.5791666507720947 0.628125011920929 0.6166666746139526 0.6328125 0.6166666746139526 0.653124988079071 0.6020833253860474 0.6484375 0.5854166746139526
0 0.46406251192092896 0.5 0.45781248807907104 0.5 0.4296875 0.5145833492279053 0.4296875 0.5249999761581421 0.4375 0.550000011920929 0.44218748807907104 0.550000011920929 0.47187501192092896 0.5333333611488342 0.47187501192092896 0.5270833373069763
0 0.503125011920929 0.46875 0.48906248807907104 0.49166667461395264 0.48906248807907104 0.49791666865348816 0.5093749761581421 0.5208333134651184 0.5171874761581421 0.5249999761581421 0.53125 0.5041666626930237 0.53125 0.4958333373069763 0.5078125 0.46875
0 0.5765625238418579 0.637499988079071 0.5531250238418579 0.6520833373069763 0.5531250238418579 0.6583333611488342 0.5687500238418579 0.6958333253860474 0.573437511920929 0.6958333253860474 0.59375 0.6812499761581421 0.589062511920929 0.6645833253860474