0 0.5249999761581421 0.5729166865348816 0.5249999761581421 0.6104166507720947 0.5625 0.6104166507720947 0.5625 0.5729166865348816
0 0.581250011920929 0.5041666626930237 0.5765625238418579 0.5041666626930237 0.550000011920929 0.5270833373069763 0.5531250238418579 0.5479166507720947 0.5625 0.5604166388511658 0.5687500238418579 0.5583333373069763 0.59375 0.5354166626930237 0.5921875238418579 0.5249999761581421
0 0.651562511920929 0.518750011920929 0.637499988079071 0.5458333492279053 0.637499988079071 0.5520833134651184 0.6656249761581421 0.5770833492279053 0.668749988079071 0.5770833492279053 0.6812499761581421 0.5520833134651184 0.6812499761581421 0.543749988079071 0.6546875238418579 0.518750011920929
0 0.46562498807907104 0.6666666865348816 0.4375 0.6708333492279053 0.44218748807907104 0.7208333611488342 0.4703125059604645 0.7145833373069763
0 0.6015625 0.643750011920929 0.596875011920929 0.643750011920929 0.5703125 0.6666666865348816 0.573437511920929 0.6875 0.582812488079071 0.699999988079071 0.589062511920929 0.6979166865348816 0.614062488079071 0.675000011920929 0.612500011920929 0.6645833253860474
0 0.47343748807907104 0.5520833134651184 0.46875 0.5520833134651184 0.44218748807907104 0.574999988079071 0.4453125 0.5958333611488342 0.4546875059604645 0.6083333492279053 0.4609375 0.606249988079071 0.4859375059604645 0.5833333134651184 0.484375 0.5729166865348816
0 0.53125 0.5104166865348816 0.5171874761581421 0.5375000238418579 0.5171874761581421 0.543749988079071 0.5453125238418579 0.5687500238418579 0.5484374761581421 0.5687500238418579 0.5562499761581421 0.5541666746139526 0.551562488079071 0.5479166507720947 0.551562488079071 0.5416666865348816 0.5484374761581421 0.5354166626930237 0.550000011920929 0.5249999761581421 0.534375011920929 0.5104166865348816
0 0.504687488079071 0.46666666865348816 0.48906248807907104 0.49791666865348816 0.48750001192092896 0.5083333253860474 0.503125011920929 0.5229166746139526 0.510937511920929 0.5249999761581421 0.526562511920929 0.4937500059604645 0.528124988079071 0.4833333194255829 0.510937511920929 0.46666666865348816
0 0.565625011920929 0.6625000238418579 0.542187511920929 0.6770833134651184 0.542187511920929 0.6833333373069763 0.557812511920929 0.7208333611488342 0.5625 0.7208333611488342 0.582812488079071 0.706250011920929 0.5796874761581421 0.6958333253860474 0.5718749761581421 0.6875 0.5718749761581421 0.6812499761581421
0 0.48750001192092896 0.49166667461395264 0.4593749940395355 0.4958333373069763 0.46406251192092896 0.5458333492279053 0.4921875 0.5395833253860474 0.4906249940395355 0.5145833492279053 0.4859375059604645 0.5083333253860474
0 0.44218748807907104 0.5874999761581421 0.4296875 0.6083333492279053 0.4296875 0.6145833134651184 0.44999998807907104 0.637499988079071 0.45781248807907104 0.6416666507720947 0.47187501192092896 0.6208333373069763 0.47187501192092896 0.612500011920929 0.46562498807907104 0.6041666865348816 0.4546875059604645 0.6104166507720947 0.4437499940395355 0.5958333611488342
0 0.4468750059604645 0.5166666507720947 0.4234375059604645 0.53125 0.4234375059604645 0.5375000238418579 0.4390625059604645 0.574999988079071 0.4625000059604645 0.5562499761581421 0.4593749940395355 0.543749988079071
0 0.612500011920929 0.5333333611488342 0.606249988079071 0.5333333611488342 0.59375 0.5395833253860474 0.578125 0.5520833134651184 0.578125 0.5583333373069763 0.5859375 0.5833333134651184 0.590624988079071 0.5833333134651184 0.620312511920929 0.5666666626930237 0.620312511920929 0.5604166388511658
0 0.6015625 0.46666666865348816 0.578125 0.48124998807907104 0.578125 0.48750001192092896 0.59375 0.5249999761581421 0.598437488079071 0.5249999761581421 0.6187499761581421 0.5104166865348816 0.614062488079071 0.4937500059604645