0 0.5546875 0.6041666865348816 0.5390625 0.6354166865348816 0.5375000238418579 0.6458333134651184 0.5531250238418579 0.6604166626930237 0.5609375238418579 0.6625000238418579 0.5765625238418579 0.6312500238418579 0.578125 0.6208333373069763 0.5609375238418579 0.6041666865348816
0 0.5687500238418579 0.5354166626930237 0.5687500238418579 0.5729166865348816 0.606249988079071 0.5729166865348816 0.606249988079071 0.5354166626930237
0 0.6156250238418579 0.643750011920929 0.5874999761581421 0.6479166746139526 0.5921875238418579 0.6979166865348816 0.620312511920929 0.6916666626930237
0 0.5531250238418579 0.5687500238418579 0.5562499761581421 0.6020833253860474 0.5609375238418579 0.6020833253860474 0.573437511920929 0.6145833134651184 0.5843750238418579 0.6145833134651184 0.5859375 0.606249988079071 0.5843750238418579 0.6041666865348816 0.582812488079071 0.574999988079071 0.5687500238418579 0.574999988079071 0.567187488079071 0.5666666626930237
0 0.6421874761581421 0.5291666388511658 0.6265624761581421 0.5604166388511658 0.625 0.5708333253860474 0.640625 0.5854166746139526 0.6484375 0.5874999761581421 0.6640625 0.5562499761581421 0.6656249761581421 0.5458333492279053 0.6484375 0.5291666388511658
0 0.4390625059604645 0.612500011920929 0.42500001192092896 0.6395833492279053 0.42500001192092896 0.6458333134651184 0.453125 0.6708333492279053 0.45625001192092896 0.6708333492279053 0.46875 0.6458333134651184 0.46875 0.637499988079071 0.44218748807907104 0.612500011920929
0 0.4453125 0.4937500059604645 0.41718751192092896 0.49791666865348816 0.421875 0.5479166507720947 0.44999998807907104 0.5416666865348816
0 0.504687488079071 0.6625000238418579 0.5 0.6625000238418579 0.47343748807907104 0.6854166388511658 0.4765625 0.706250011920929 0.4859375059604645 0.71875 0.4921875 0.7166666388511658 0.5171874761581421 0.6937500238418579 0.515625 0.6833333373069763
0 0.546875 0.46875 0.542187511920929 0.46875 0.515625 0.49166667461395264 0.518750011920929 0.512499988079071 0.528124988079071 0.5249999761581421 0.534375011920929 0.5229166746139526 0.559374988079071 0.5 0.557812511920929 0.4895833432674408
0 0.635937511920929 0.49791666865348816 0.629687488079071 0.49791666865348816 0.6015625 0.512499988079071 0.6015625 0.5229166746139526 0.604687511920929 0.5333333611488342 0.6078125238418579 0.5354166626930237 0.609375 0.5479166507720947 0.614062488079071 0.5479166507720947 0.6343749761581421 0.5375000238418579 0.643750011920929 0.5270833373069763
0 0.46406251192092896 0.6604166626930237 0.45625001192092896 0.6729166507720947 0.4453125 0.6666666865348816 0.4296875 0.675000011920929 0.4296875 0.6854166388511658 0.4375 0.7104166746139526 0.44218748807907104 0.7104166746139526 0.47187501192092896 0.6937500238418579
0 0.4281249940395355 0.6270833611488342 0.4234375059604645 0.6270833611488342 0.3968749940395355 0.6499999761581421 0.4000000059604645 0.6708333492279053 0.40937501192092896 0.6833333373069763 0.4156250059604645 0.6812499761581421 0.4390625059604645 0.6604166626930237 0.4234375059604645 0.6458333134651184 0.4234375059604645 0.6395833492279053
0 0.550000011920929 0.6583333611488342 0.5453125238418579 0.6541666388511658 0.5390625 0.6541666388511658 0.515625 0.6666666865348816 0.515625 0.6770833134651184 0.5234375 0.7020833492279053 0.528124988079071 0.7020833492279053 0.557812511920929 0.6854166388511658 0.5562499761581421 0.6729166507720947
0 0.49531251192092896 0.5958333611488342 0.47187501192092896 0.6104166507720947 0.47187501192092896 0.6166666746139526 0.48750001192092896 0.6541666388511658 0.4921875 0.6541666388511658 0.512499988079071 0.6395833492279053 0.5078125 0.6229166388511658
0 0.5562499761581421 0.5333333611488342 0.550000011920929 0.5333333611488342 0.5218750238418579 0.5479166507720947 0.5218750238418579 0.5583333373069763 0.5296875238418579 0.5833333134651184 0.534375011920929 0.5833333134651184 0.550000011920929 0.574999988079071 0.5531250238418579 0.5666666626930237 0.5640624761581421 0.5645833611488342