0 0.565625011920929 0.6187499761581421 0.5609375238418579 0.6187499761581421 0.534375011920929 0.6416666507720947 0.5375000238418579 0.6625000238418579 0.546875 0.675000011920929 0.5531250238418579 0.6729166507720947 0.578125 0.6499999761581421 0.5765625238418579 0.6395833492279053
0 0.574999988079071 0.5458333492279053 0.559374988079071 0.5770833492279053 0.557812511920929 0.5874999761581421 0.573437511920929 0.6020833253860474 0.581250011920929 0.6041666865348816 0.596875011920929 0.5729166865348816 0.598437488079071 0.5625 0.581250011920929 0.5458333492279053
0 0.581250011920929 0.4958333373069763 0.574999988079071 0.4958333373069763 0.546875 0.5104166865348816 0.546875 0.5208333134651184 0.5546875 0.5458333492279053 0.559374988079071 0.5458333492279053 0.589062511920929 0.5291666388511658 0.589062511920929 0.5229166746139526
0 0.59375 0.5062500238418579 0.59375 0.543749988079071 0.6312500238418579 0.543749988079071 0.6312500238418579 0.5062500238418579
0 0.5234375 0.5249999761581421 0.546875 0.5249999761581421 0.5453125238418579 0.5104166865348816 0.5609375238418579 0.5020833611488342 0.5609375238418579 0.48750001192092896 0.5234375 0.48750001192092896
0 0.520312488079071 0.5583333373069763 0.5140625238418579 0.5583333373069763 0.4859375059604645 0.5729166865348816 0.4859375059604645 0.5833333134651184 0.4937500059604645 0.6083333492279053 0.4984374940395355 0.6083333492279053 0.528124988079071 0.5916666388511658 0.528124988079071 0.5854166746139526
0 0.6421874761581421 0.6458333134651184 0.6265624761581421 0.6770833134651184 0.625 0.6875 0.640625 0.7020833492279053 0.6484375 0.7041666507720947 0.6640625 0.6729166507720947 0.6656249761581421 0.6625000238418579 0.6484375 0.6458333134651184
0 0.47343748807907104 0.6083333492279053 0.46875 0.6083333492279053 0.44218748807907104 0.6312500238418579 0.4453125 0.6520833373069763 0.4546875059604645 0.6645833253860474 0.4609375 0.6625000238418579 0.4859375059604645 0.6395833492279053 0.484375 0.6291666626930237
0 0.4078125059604645 0.5249999761581421 0.4078125059604645 0.5625 0.4453125 0.5625 0.4453125 0.5249999761581421
0 0.5375000238418579 0.5562499761581421 0.5234375 0.5645833611488342 0.5296875238418579 0.5854166746139526 0.5296875238418579 0.5916666388511658 0.5234375 0.6000000238418579 0.5296875238418579 0.6145833134651184 0.534375011920929 0.6145833134651184 0.5546875 0.6000000238418579 0.550000011920929 0.5833333134651184
0 0.45781248807907104 0.543749988079071 0.4468750059604645 0.5458333492279053 0.4453125 0.5645833611488342 0.4234375059604645 0.5645833611488342 0.4312500059604645 0.59375 0.4359374940395355 0.59375 0.46562498807907104 0.5770833492279053
0 0.40625 0.5562499761581421 0.39375001192092896 0.5770833492279053 0.39375001192092896 0.5833333134651184 0.4140625 0.606249988079071 0.421875 0.6104166507720947 0.4312500059604645 0.5958333611488342 0.42656248807907104 0.5854166746139526 0.421875 0.5645833611488342 0.4078125059604645 0.5645833611488342
0 0.46875 0.5708333253860474 0.4671874940395355 0.5770833492279053 0.4546875059604645 0.59375 0.4546875059604645 0.6000000238418579 0.46406251192092896 0.6104166507720947 0.46875 0.606249988079071 0.47343748807907104 0.606249988079071 0.484375 0.625 0.4937500059604645 0.6104166507720947 0.48906248807907104 0.6000000238418579 0.4859375059604645 0.5854166746139526 0.47343748807907104 0.5708333253860474
0 0.46406251192092896 0.4729166626930237 0.45781248807907104 0.4729166626930237 0.4296875 0.48750001192092896 0.4296875 0.49791666865348816 0.4375 0.5229166746139526 0.44218748807907104 0.5229166746139526 0.47187501192092896 0.5062500238418579 0.47187501192092896 0.5