0 0.5 0.5520833134651184 0.5 0.5895833373069763 0.5375000238418579 0.5895833373069763 0.5375000238418579 0.5520833134651184
0 0.660937488079071 0.6479166746139526 0.637499988079071 0.6625000238418579 0.637499988079071 0.668749988079071 0.653124988079071 0.706250011920929 0.6578124761581421 0.706250011920929 0.6781250238418579 0.6916666626930237 0.6734374761581421 0.675000011920929
0 0.596875011920929 0.5604166388511658 0.5687500238418579 0.5645833611488342 0.573437511920929 0.6145833134651184 0.6015625 0.6083333492279053
0 0.5015624761581421 0.5041666626930237 0.48750001192092896 0.53125 0.48750001192092896 0.5375000238418579 0.5015624761581421 0.550000011920929 0.5249999761581421 0.550000011920929 0.53125 0.5375000238418579 0.53125 0.5291666388511658 0.504687488079071 0.5041666626930237
0 0.6015625 0.5562499761581421 0.598437488079071 0.5604166388511658 0.6000000238418579 0.581250011920929 0.6015625 0.5833333134651184 0.6015625 0.6000000238418579 0.6156250238418579 0.6145833134651184 0.6187499761581421 0.6145833134651184 0.6312500238418579 0.5895833373069763 0.6312500238418579 0.581250011920929 0.604687511920929 0.5562499761581421
0 0.47343748807907104 0.59375 0.47343748807907104 0.6312500238418579 0.510937511920929 0.6312500238418579 0.510937511920929 0.59375
0 0.484375 0.6395833492279053 0.47968751192092896 0.6395833492279053 0.453125 0.6625000238418579 0.45625001192092896 0.6833333373069763 0.46562498807907104 0.6958333253860474 0.47187501192092896 0.6937500238418579 0.49687498807907104 0.6708333492279053 0.49531251192092896 0.6604166626930237
0 0.48750001192092896 0.5604166388511658 0.4593749940395355 0.5645833611488342 0.46406251192092896 0.6145833134651184 0.47187501192092896 0.612500011920929 0.47187501192092896 0.59375 0.47343748807907104 0.5916666388511658 0.4906249940395355 0.5916666388511658
0 0.45781248807907104 0.5020833611488342 0.4515624940395355 0.5020833611488342 0.4234375059604645 0.5166666507720947 0.4234375059604645 0.5270833373069763 0.4312500059604645 0.5520833134651184 0.4359374940395355 0.5520833134651184 0.46562498807907104 0.5354166626930237 0.46562498807907104 0.5291666388511658
0 0.651562511920929 0.48124998807907104 0.628125011920929 0.4958333373069763 0.628125011920929 0.5020833611488342 0.643750011920929 0.5395833253860474 0.6484375 0.5395833253860474 0.668749988079071 0.5249999761581421 0.6640625 0.5083333253860474
0 0.5546875 0.5854166746139526 0.5406249761581421 0.6083333492279053 0.5406249761581421 0.6145833134651184 0.5609375238418579 0.637499988079071 0.5687500238418579 0.6416666507720947 0.582812488079071 0.6208333373069763 0.582812488079071 0.6145833134651184 0.573437511920929 0.6166666746139526 0.5703125 0.606249988079071 0.5703125 0.5979166626930237 0.559374988079071 0.5854166746139526
0 0.6484375 0.5687500238418579 0.6343749761581421 0.5958333611488342 0.6343749761581421 0.6020833253860474 0.6625000238418579 0.6270833611488342 0.6656249761581421 0.6270833611488342 0.6781250238418579 0.6020833253860474 0.6781250238418579 0.59375 0.651562511920929 0.5687500238418579
0 0.504687488079071 0.6770833134651184 0.504687488079071 0.7145833373069763 0.542187511920929 0.7145833373069763 0.542187511920929 0.6770833134651184
0 0.5453125238418579 0.49166667461395264 0.5218750238418579 0.5062500238418579 0.5249999761581421 0.5208333134651184 0.5328124761581421 0.5291666388511658 0.5328124761581421 0.5395833253860474 0.5375000238418579 0.550000011920929 0.542187511920929 0.550000011920929 0.5625 0.5354166626930237 0.557812511920929 0.518750011920929
0 0.40625 0.6499999761581421 0.3921875059604645 0.6770833134651184 0.3921875059604645 0.6833333373069763 0.4203124940395355 0.7083333134651184 0.4234375059604645 0.7083333134651184 0.4359374940395355 0.6833333373069763 0.4359374940395355 0.675000011920929 0.40937501192092896 0.6499999761581421