0 0.5093749761581421 0.6666666865348816 0.504687488079071 0.6666666865348816 0.4781250059604645 0.6895833611488342 0.48124998807907104 0.7104166746139526 0.4906249940395355 0.7229166626930237 0.49687498807907104 0.7208333611488342 0.5218750238418579 0.6979166865348816 0.520312488079071 0.6875
0 0.635937511920929 0.574999988079071 0.629687488079071 0.574999988079071 0.6015625 0.5895833373069763 0.6015625 0.6000000238418579 0.609375 0.625 0.614062488079071 0.625 0.643750011920929 0.6083333492279053 0.643750011920929 0.6020833253860474
0 0.6171875 0.625 0.645312488079071 0.6520833373069763 0.6484375 0.6520833373069763 0.660937488079071 0.6270833611488342 0.660937488079071 0.6187499761581421 0.645312488079071 0.6041666865348816 0.645312488079071 0.6083333492279053 0.6421874761581421 0.612500011920929
0 0.5546875 0.5104166865348816 0.5406249761581421 0.5375000238418579 0.5406249761581421 0.543749988079071 0.5687500238418579 0.5687500238418579 0.5718749761581421 0.5687500238418579 0.5843750238418579 0.543749988079071 0.5843750238418579 0.5354166626930237 0.557812511920929 0.5104166865348816
0 0.4453125 0.5729166865348816 0.4453125 0.6104166507720947 0.4828124940395355 0.6104166507720947 0.4828124940395355 0.5729166865348816
0 0.512499988079071 0.5687500238418579 0.484375 0.5729166865348816 0.48906248807907104 0.6229166388511658 0.5171874761581421 0.6166666746139526
0 0.4312500059604645 0.5666666626930237 0.41718751192092896 0.59375 0.41718751192092896 0.6000000238418579 0.4453125 0.625 0.44843751192092896 0.625 0.4546875059604645 0.612500011920929 0.4437499940395355 0.6104166507720947 0.4437499940395355 0.574999988079071 0.43437498807907104 0.5666666626930237
0 0.45781248807907104 0.699999988079071 0.4781250059604645 0.699999988079071 0.4765625 0.6895833611488342 0.49531251192092896 0.6729166507720947 0.49531251192092896 0.6625000238418579 0.45781248807907104 0.6625000238418579
0 0.589062511920929 0.6416666507720947 0.5609375238418579 0.6458333134651184 0.565625011920929 0.6958333253860474 0.59375 0.6895833611488342
0 0.5859375 0.5770833492279053 0.5718749761581421 0.6000000238418579 0.5718749761581421 0.606249988079071 0.5921875238418579 0.6291666626930237 0.6000000238418579 0.6333333253860474 0.606249988079071 0.625 0.606249988079071 0.6187499761581421 0.6000000238418579 0.6000000238418579 0.6000000238418579 0.5874999761581421 0.590624988079071 0.5770833492279053
0 0.41718751192092896 0.5874999761581421 0.40312498807907104 0.6145833134651184 0.40312498807907104 0.6208333373069763 0.4312500059604645 0.6458333134651184 0.43437498807907104 0.6458333134651184 0.4437499940395355 0.625 0.4156250059604645 0.6000000238418579 0.4156250059604645 0.59375 0.41874998807907104 0.5895833373069763
0 0.4828124940395355 0.5104166865348816 0.46875 0.5333333611488342 0.46875 0.5395833253860474 0.48906248807907104 0.5625 0.49687498807907104 0.5666666626930237 0.510937511920929 0.5458333492279053 0.510937511920929 0.5375000238418579 0.48750001192092896 0.5104166865348816
0 0.5171874761581421 0.5666666626930237 0.5140625238418579 0.5708333253860474 0.5171874761581421 0.5916666388511658 0.5171874761581421 0.6083333492279053 0.5218750238418579 0.6166666746139526 0.53125 0.625 0.534375011920929 0.625 0.546875 0.6000000238418579 0.546875 0.5916666388511658 0.520312488079071 0.5666666626930237