0 0.589062511920929 0.4854166805744171 0.565625011920929 0.5 0.565625011920929 0.5062500238418579 0.581250011920929 0.543749988079071 0.5859375 0.543749988079071 0.606249988079071 0.5291666388511658 0.6015625 0.512499988079071
0 0.528124988079071 0.574999988079071 0.5 0.5791666507720947 0.504687488079071 0.6291666626930237 0.5328124761581421 0.6229166388511658
0 0.534375011920929 0.518750011920929 0.520312488079071 0.5416666865348816 0.520312488079071 0.5479166507720947 0.5406249761581421 0.5708333253860474 0.5484374761581421 0.574999988079071 0.5625 0.5541666746139526 0.5625 0.5458333492279053 0.5390625 0.518750011920929
0 0.604687511920929 0.5375000238418579 0.5953124761581421 0.5375000238418579 0.5859375 0.5458333492279053 0.581250011920929 0.5458333492279053 0.5765625238418579 0.5416666865348816 0.581250011920929 0.5916666388511658 0.609375 0.5854166746139526
0 0.45781248807907104 0.5958333611488342 0.44218748807907104 0.6270833611488342 0.44062501192092896 0.637499988079071 0.45625001192092896 0.6520833373069763 0.46406251192092896 0.6541666388511658 0.47968751192092896 0.6229166388511658 0.48124998807907104 0.612500011920929 0.46406251192092896 0.5958333611488342
0 0.612500011920929 0.574999988079071 0.612500011920929 0.612500011920929 0.6499999761581421 0.612500011920929 0.6499999761581421 0.574999988079071
0 0.5234375 0.6583333611488342 0.5 0.6729166507720947 0.5 0.6791666746139526 0.515625 0.7166666388511658 0.520312488079071 0.7166666388511658 0.5406249761581421 0.7020833492279053 0.535937488079071 0.6854166388511658
0 0.4359374940395355 0.6312500238418579 0.4203124940395355 0.6625000238418579 0.41874998807907104 0.6729166507720947 0.43437498807907104 0.6875 0.44218748807907104 0.6895833611488342 0.45781248807907104 0.6583333611488342 0.45781248807907104 0.6541666388511658 0.4390625059604645 0.637499988079071 0.4390625059604645 0.6312500238418579
0 0.5078125 0.46875 0.4937500059604645 0.4958333373069763 0.4937500059604645 0.5020833611488342 0.5218750238418579 0.5270833373069763 0.5249999761581421 0.5270833373069763 0.5375000238418579 0.5020833611488342 0.5375000238418579 0.4937500059604645 0.510937511920929 0.46875
0 0.4375 0.6000000238418579 0.4312500059604645 0.6000000238418579 0.40312498807907104 0.6145833134651184 0.40312498807907104 0.625 0.41093748807907104 0.6499999761581421 0.4281249940395355 0.643750011920929 0.4359374940395355 0.6291666626930237 0.44062501192092896 0.6291666626930237 0.4437499940395355 0.6208333373069763
0 0.5703125 0.5958333611488342 0.5562499761581421 0.6187499761581421 0.5562499761581421 0.625 0.5765625238418579 0.6479166746139526 0.5843750238418579 0.6520833373069763 0.598437488079071 0.6312500238418579 0.598437488079071 0.6229166388511658 0.574999988079071 0.5958333611488342
0 0.667187511920929 0.6187499761581421 0.6390625238418579 0.6229166388511658 0.643750011920929 0.6729166507720947 0.671875 0.6666666865348816
0 0.4390625059604645 0.5541666746139526 0.43437498807907104 0.5541666746139526 0.4078125059604645 0.5770833492279053 0.41093748807907104 0.5979166626930237 0.4156250059604645 0.6041666865348816 0.4375 0.5979166626930237 0.4515624940395355 0.5854166746139526 0.44999998807907104 0.574999988079071
0 0.484375 0.512499988079071 0.4609375 0.5270833373069763 0.4609375 0.5333333611488342 0.4765625 0.5708333253860474 0.48124998807907104 0.5708333253860474 0.5015624761581421 0.5562499761581421 0.49687498807907104 0.5395833253860474
0 0.4703125059604645 0.5583333373069763 0.4671874940395355 0.5583333373069763 0.44999998807907104 0.5729166865348816 0.453125 0.5791666507720947 0.453125 0.5854166746139526 0.4437499940395355 0.5958333611488342 0.4437499940395355 0.6020833253860474 0.44843751192092896 0.6083333492279053 0.453125 0.6041666865348816 0.45781248807907104 0.59375 0.46406251192092896 0.59375 0.4671874940395355 0.5979166626930237 0.47343748807907104 0.6000000238418579 0.484375 0.5895833373069763 0.4828124940395355 0.5791666507720947 0.47968751192092896 0.5729166865348816 0.4765625 0.5729166865348816 0.47343748807907104 0.5687500238418579