0 0.4453125 0.5833333134651184 0.4312500059604645 0.606249988079071 0.4312500059604645 0.612500011920929 0.4515624940395355 0.6354166865348816 0.4593749940395355 0.6395833492279053 0.47343748807907104 0.6187499761581421 0.47343748807907104 0.6104166507720947 0.44999998807907104 0.5833333134651184
0 0.612500011920929 0.512499988079071 0.589062511920929 0.5270833373069763 0.589062511920929 0.5333333611488342 0.604687511920929 0.5708333253860474 0.609375 0.5708333253860474 0.629687488079071 0.5562499761581421 0.625 0.5395833253860474
0 0.453125 0.518750011920929 0.42500001192092896 0.5229166746139526 0.4296875 0.5729166865348816 0.45781248807907104 0.5666666626930237
0 0.5859375 0.668749988079071 0.581250011920929 0.668749988079071 0.5546875 0.6916666626930237 0.557812511920929 0.7124999761581421 0.567187488079071 0.7250000238418579 0.573437511920929 0.7229166626930237 0.598437488079071 0.699999988079071 0.596875011920929 0.6895833611488342
0 0.5609375238418579 0.6104166507720947 0.5609375238418579 0.6479166746139526 0.598437488079071 0.6479166746139526 0.598437488079071 0.6104166507720947
0 0.44843751192092896 0.668749988079071 0.44218748807907104 0.668749988079071 0.4140625 0.6833333373069763 0.4140625 0.6937500238418579 0.421875 0.71875 0.42656248807907104 0.71875 0.45625001192092896 0.7020833492279053 0.45625001192092896 0.6958333253860474
0 0.510937511920929 0.5958333611488342 0.510937511920929 0.6333333253860474 0.5484374761581421 0.6333333253860474 0.5484374761581421 0.5958333611488342
0 0.515625 0.47708332538604736 0.510937511920929 0.47708332538604736 0.484375 0.5 0.48750001192092896 0.5208333134651184 0.49687498807907104 0.5333333611488342 0.503125011920929 0.53125 0.528124988079071 0.5083333253860474 0.526562511920929 0.49791666865348816
0 0.6734374761581421 0.606249988079071 0.645312488079071 0.6104166507720947 0.6499999761581421 0.6604166626930237 0.6781250238418579 0.6541666388511658
0 0.4749999940395355 0.6208333373069763 0.4593749940395355 0.6416666507720947 0.45625001192092896 0.6416666507720947 0.4468750059604645 0.6312500238418579 0.4390625059604645 0.6354166865348816 0.44218748807907104 0.65625 0.4515624940395355 0.668749988079071 0.45781248807907104 0.6666666865348816 0.4828124940395355 0.643750011920929 0.4828124940395355 0.637499988079071
0 0.421875 0.49791666865348816 0.39375001192092896 0.5020833611488342 0.3984375 0.5520833134651184 0.42500001192092896 0.5479166507720947 0.4234375059604645 0.53125 0.42500001192092896 0.5208333134651184
0 0.534375011920929 0.6416666507720947 0.534375011920929 0.6791666746139526 0.567187488079071 0.6791666746139526 0.5718749761581421 0.675000011920929 0.5718749761581421 0.6499999761581421 0.5609375238418579 0.6499999761581421 0.559374988079071 0.6416666507720947
0 0.4781250059604645 0.518750011920929 0.4625000059604645 0.550000011920929 0.4609375 0.5604166388511658 0.4765625 0.574999988079071 0.484375 0.5770833492279053 0.5 0.5458333492279053 0.5015624761581421 0.5354166626930237 0.49687498807907104 0.5354166626930237 0.484375 0.518750011920929
0 0.578125 0.46666666865348816 0.5718749761581421 0.46666666865348816 0.543749988079071 0.48124998807907104 0.543749988079071 0.49166667461395264 0.551562488079071 0.5166666507720947 0.5562499761581421 0.5166666507720947 0.5859375 0.5 0.5859375 0.4937500059604645
0 0.6468750238418579 0.643750011920929 0.6187499761581421 0.6583333611488342 0.6187499761581421 0.668749988079071 0.6265624761581421 0.6937500238418579 0.6312500238418579 0.6937500238418579 0.660937488079071 0.6770833134651184 0.6578124761581421 0.6604166626930237 0.6546875238418579 0.6625000238418579 0.6484375 0.6604166626930237
0 0.48906248807907104 0.65625 0.4749999940395355 0.6833333373069763 0.4749999940395355 0.6895833611488342 0.503125011920929 0.7145833373069763 0.5062500238418579 0.7145833373069763 0.518750011920929 0.6895833611488342 0.518750011920929 0.6812499761581421 0.4921875 0.65625