0 0.4765625 0.5895833373069763 0.47187501192092896 0.5895833373069763 0.4453125 0.612500011920929 0.44843751192092896 0.6333333253860474 0.45781248807907104 0.6458333134651184 0.46406251192092896 0.643750011920929 0.48906248807907104 0.6208333373069763 0.48750001192092896 0.6104166507720947
0 0.4296875 0.6000000238418579 0.40625 0.6145833134651184 0.40625 0.6208333373069763 0.421875 0.6583333611488342 0.42656248807907104 0.6583333611488342 0.4468750059604645 0.643750011920929 0.44218748807907104 0.6270833611488342
0 0.5234375 0.5770833492279053 0.5 0.5916666388511658 0.5 0.5979166626930237 0.515625 0.6354166865348816 0.520312488079071 0.6354166865348816 0.5406249761581421 0.6208333373069763 0.535937488079071 0.6041666865348816
0 0.651562511920929 0.5979166626930237 0.637499988079071 0.625 0.637499988079071 0.6312500238418579 0.6656249761581421 0.65625 0.668749988079071 0.65625 0.6812499761581421 0.6312500238418579 0.6812499761581421 0.6229166388511658 0.6546875238418579 0.5979166626930237
0 0.4781250059604645 0.5208333134651184 0.4546875059604645 0.5354166626930237 0.4546875059604645 0.5416666865348816 0.4703125059604645 0.5791666507720947 0.4749999940395355 0.5791666507720947 0.49531251192092896 0.5645833611488342 0.4906249940395355 0.5479166507720947
0 0.546875 0.5520833134651184 0.5328124761581421 0.574999988079071 0.5328124761581421 0.581250011920929 0.5531250238418579 0.6041666865348816 0.5609375238418579 0.6083333492279053 0.574999988079071 0.5874999761581421 0.574999988079071 0.5791666507720947 0.551562488079071 0.5520833134651184
0 0.5406249761581421 0.6145833134651184 0.542187511920929 0.6208333373069763 0.5296875238418579 0.6291666626930237 0.5249999761581421 0.637499988079071 0.5249999761581421 0.643750011920929 0.5453125238418579 0.6666666865348816 0.5531250238418579 0.6708333492279053 0.567187488079071 0.6499999761581421 0.567187488079071 0.6416666507720947 0.5484374761581421 0.6187499761581421
0 0.4468750059604645 0.5354166626930237 0.4234375059604645 0.550000011920929 0.4234375059604645 0.5562499761581421 0.4390625059604645 0.59375 0.4437499940395355 0.59375 0.46406251192092896 0.5791666507720947 0.4593749940395355 0.5625
0 0.6421874761581421 0.5479166507720947 0.637499988079071 0.5479166507720947 0.6109374761581421 0.5708333253860474 0.614062488079071 0.5916666388511658 0.6234375238418579 0.6041666865348816 0.629687488079071 0.6020833253860474 0.6546875238418579 0.5791666507720947 0.653124988079071 0.5687500238418579
0 0.5718749761581421 0.6645833253860474 0.567187488079071 0.6645833253860474 0.5406249761581421 0.6875 0.543749988079071 0.7083333134651184 0.5531250238418579 0.7208333611488342 0.559374988079071 0.71875 0.5843750238418579 0.6958333253860474 0.582812488079071 0.6854166388511658
0 0.629687488079071 0.6354166865348816 0.614062488079071 0.6666666865348816 0.612500011920929 0.6770833134651184 0.628125011920929 0.6916666626930237 0.635937511920929 0.6937500238418579 0.651562511920929 0.6625000238418579 0.653124988079071 0.6520833373069763 0.635937511920929 0.6354166865348816
0 0.4593749940395355 0.6666666865348816 0.4546875059604645 0.6666666865348816 0.4281249940395355 0.6895833611488342 0.4312500059604645 0.7104166746139526 0.44062501192092896 0.7229166626930237 0.4468750059604645 0.7208333611488342 0.47187501192092896 0.6979166865348816 0.4703125059604645 0.6875
0 0.43437498807907104 0.4958333373069763 0.4296875 0.4958333373069763 0.40312498807907104 0.518750011920929 0.40625 0.5395833253860474 0.4156250059604645 0.5520833134651184 0.421875 0.550000011920929 0.4468750059604645 0.5270833373069763 0.4453125 0.5166666507720947
0 0.6578124761581421 0.5041666626930237 0.653124988079071 0.5041666626930237 0.6265624761581421 0.5270833373069763 0.6265624761581421 0.5354166626930237 0.6312500238418579 0.550000011920929 0.6421874761581421 0.5458333492279053 0.6468750238418579 0.5541666746139526 0.6499999761581421 0.5541666746139526 0.6703125238418579 0.5354166626930237 0.668749988079071 0.5249999761581421
0 0.504687488079071 0.518750011920929 0.504687488079071 0.5562499761581421 0.542187511920929 0.5562499761581421 0.542187511920929 0.518750011920929
0 0.606249988079071 0.6000000238418579 0.5921875238418579 0.6270833611488342 0.5921875238418579 0.6333333253860474 0.6187499761581421 0.65625 0.628125011920929 0.6354166865348816 0.635937511920929 0.6333333253860474 0.635937511920929 0.625 0.609375 0.6000000238418579
0 0.5796874761581421 0.6604166626930237 0.574999988079071 0.668749988079071 0.5843750238418579 0.6854166388511658 0.5859375 0.6958333253860474 0.578125 0.7041666507720947 0.59375 0.71875 0.596875011920929 0.71875 0.609375 0.6937500238418579 0.609375 0.6854166388511658 0.582812488079071 0.6604166626930237
0 0.5953124761581421 0.5416666865348816 0.5718749761581421 0.5562499761581421 0.5718749761581421 0.5625 0.5874999761581421 0.6000000238418579 0.5921875238418579 0.6000000238418579 0.612500011920929 0.5854166746139526 0.6078125238418579 0.5687500238418579