0 0.526562511920929 0.5791666507720947 0.5234375 0.574999988079071 0.4906249940395355 0.5791666507720947 0.48906248807907104 0.59375 0.484375 0.5979166626930237 0.484375 0.6020833253860474 0.4906249940395355 0.606249988079071 0.4906249940395355 0.6166666746139526 0.4937500059604645 0.6187499761581421 0.5249999761581421 0.6166666746139526 0.528124988079071 0.612500011920929
0 0.4703125059604645 0.49791666865348816 0.4671874940395355 0.5041666626930237 0.4593749940395355 0.5062500238418579 0.4593749940395355 0.5166666507720947 0.45625001192092896 0.5208333134651184 0.45625001192092896 0.5291666388511658 0.4781250059604645 0.5541666746139526 0.484375 0.5541666746139526 0.5 0.53125 0.5 0.5270833373069763 0.4781250059604645 0.49791666865348816
0 0.6796875 0.6229166388511658 0.676562488079071 0.6187499761581421 0.643750011920929 0.6229166388511658 0.6421874761581421 0.637499988079071 0.637499988079071 0.6416666507720947 0.637499988079071 0.6458333134651184 0.643750011920929 0.6499999761581421 0.643750011920929 0.6604166626930237 0.6468750238418579 0.6625000238418579 0.6781250238418579 0.6604166626930237 0.6812499761581421 0.65625
0 0.590624988079071 0.6312500238418579 0.5874999761581421 0.668749988079071 0.589062511920929 0.6770833134651184 0.598437488079071 0.6791666746139526 0.6000000238418579 0.6854166388511658 0.604687511920929 0.6854166388511658 0.6078125238418579 0.6791666746139526 0.6156250238418579 0.6812499761581421 0.6187499761581421 0.6770833134651184 0.620312511920929 0.6625000238418579 0.620312511920929 0.6333333253860474 0.609375 0.6291666626930237
0 0.546875 0.6166666746139526 0.543749988079071 0.6541666388511658 0.5453125238418579 0.6625000238418579 0.5546875 0.6645833253860474 0.5562499761581421 0.6708333492279053 0.5609375238418579 0.6708333492279053 0.5640624761581421 0.6645833253860474 0.5718749761581421 0.6666666865348816 0.574999988079071 0.6625000238418579 0.5765625238418579 0.6479166746139526 0.5765625238418579 0.6187499761581421 0.565625011920929 0.6145833134651184
0 0.612500011920929 0.6833333373069763 0.612500011920929 0.7124999761581421 0.6156250238418579 0.7145833373069763 0.645312488079071 0.7145833373069763 0.6499999761581421 0.7104166746139526 0.6499999761581421 0.699999988079071 0.653124988079071 0.6958333253860474 0.653124988079071 0.6895833611488342 0.6484375 0.6812499761581421 0.6484375 0.675000011920929 0.645312488079071 0.6729166507720947 0.620312511920929 0.675000011920929 0.6156250238418579 0.6833333373069763
0 0.557812511920929 0.5020833611488342 0.5546875 0.49791666865348816 0.5218750238418579 0.5020833611488342 0.520312488079071 0.5166666507720947 0.515625 0.5208333134651184 0.515625 0.5249999761581421 0.5218750238418579 0.5291666388511658 0.5218750238418579 0.5395833253860474 0.5249999761581421 0.5416666865348816 0.5562499761581421 0.5395833253860474 0.559374988079071 0.5354166626930237
0 0.4453125 0.6770833134651184 0.4437499940395355 0.6916666626930237 0.44999998807907104 0.7229166626930237 0.4625000059604645 0.7250000238418579 0.46406251192092896 0.7291666865348816 0.4671874940395355 0.7291666865348816 0.4703125059604645 0.7208333611488342 0.47968751192092896 0.7166666388511658 0.4781250059604645 0.6979166865348816 0.47343748807907104 0.6833333373069763 0.47343748807907104 0.675000011920929 0.4703125059604645 0.6708333492279053
0 0.671875 0.6625000238418579 0.645312488079071 0.6645833253860474 0.6421874761581421 0.6708333492279053 0.6499999761581421 0.675000011920929 0.6499999761581421 0.6812499761581421 0.6546875238418579 0.6895833611488342 0.6546875238418579 0.6958333253860474 0.651562511920929 0.699999988079071 0.653124988079071 0.7145833373069763 0.6781250238418579 0.706250011920929 0.6796875 0.7020833492279053
0 0.4468750059604645 0.6229166388511658 0.4437499940395355 0.6187499761581421 0.41093748807907104 0.6229166388511658 0.40937501192092896 0.637499988079071 0.4046874940395355 0.6416666507720947 0.4046874940395355 0.6458333134651184 0.41093748807907104 0.6499999761581421 0.41093748807907104 0.6604166626930237 0.4140625 0.6625000238418579 0.4453125 0.6604166626930237 0.44843751192092896 0.65625
0 0.4671874940395355 0.6312500238418579 0.46562498807907104 0.6333333253860474 0.4671874940395355 0.65625 0.4749999940395355 0.6791666746139526 0.484375 0.6791666746139526 0.4859375059604645 0.6833333373069763 0.48906248807907104 0.6833333373069763 0.4921875 0.675000011920929 0.5015624761581421 0.6708333492279053 0.5 0.6520833373069763 0.49531251192092896 0.637499988079071 0.49531251192092896 0.6291666626930237 0.4921875 0.625
0 0.49687498807907104 0.4937500059604645 0.4937500059604645 0.5 0.48750001192092896 0.5 0.4859375059604645 0.5041666626930237 0.5015624761581421 0.5270833373069763 0.5015624761581421 0.53125 0.49531251192092896 0.5395833253860474 0.504687488079071 0.550000011920929 0.510937511920929 0.550000011920929 0.520312488079071 0.5354166626930237 0.520312488079071 0.5291666388511658 0.5140625238418579 0.5249999761581421 0.5140625238418579 0.5208333134651184 0.518750011920929 0.5166666507720947 0.518750011920929 0.5104166865348816 0.504687488079071 0.4937500059604645
0 0.5874999761581421 0.581250011920929 0.5859375 0.5854166746139526 0.5874999761581421 0.6000000238418579 0.5953124761581421 0.6270833611488342 0.6078125238418579 0.6270833611488342 0.621874988079071 0.6208333373069763 0.6234375238418579 0.612500011920929 0.6156250238418579 0.574999988079071 0.596875011920929 0.5708333253860474 0.59375 0.5791666507720947
0 0.5687500238418579 0.6895833611488342 0.5687500238418579 0.7250000238418579 0.5718749761581421 0.7270833253860474 0.6015625 0.7270833253860474 0.606249988079071 0.7229166626930237 0.606249988079071 0.7124999761581421 0.609375 0.7083333134651184 0.609375 0.7020833492279053 0.604687511920929 0.6937500238418579 0.604687511920929 0.6875 0.5859375 0.6854166388511658