0 0.565625011920929 0.550000011920929 0.5640624761581421 0.5541666746139526 0.565625011920929 0.5687500238418579 0.5718749761581421 0.59375 0.574999988079071 0.5979166626930237 0.6000000238418579 0.5895833373069763 0.6015625 0.581250011920929 0.59375 0.543749988079071 0.574999988079071 0.5395833253860474 0.5718749761581421 0.5479166507720947
0 0.542187511920929 0.6395833492279053 0.5406249761581421 0.6541666388511658 0.546875 0.6854166388511658 0.559374988079071 0.6875 0.5609375238418579 0.6916666626930237 0.5640624761581421 0.6916666626930237 0.567187488079071 0.6833333373069763 0.5765625238418579 0.6791666746139526 0.574999988079071 0.6604166626930237 0.5703125 0.6458333134651184 0.5703125 0.637499988079071 0.567187488079071 0.6333333253860474
0 0.4468750059604645 0.675000011920929 0.4437499940395355 0.7124999761581421 0.4453125 0.7208333611488342 0.4546875059604645 0.7229166626930237 0.45625001192092896 0.7291666865348816 0.4609375 0.7291666865348816 0.46406251192092896 0.7229166626930237 0.47187501192092896 0.7250000238418579 0.4749999940395355 0.7208333611488342 0.4765625 0.706250011920929 0.4765625 0.6770833134651184 0.46562498807907104 0.6729166507720947
0 0.5062500238418579 0.5791666507720947 0.504687488079071 0.5833333134651184 0.5062500238418579 0.5979166626930237 0.512499988079071 0.6229166388511658 0.515625 0.6270833611488342 0.5406249761581421 0.6187499761581421 0.542187511920929 0.6104166507720947 0.534375011920929 0.5729166865348816 0.515625 0.5687500238418579 0.512499988079071 0.5770833492279053
0 0.6265624761581421 0.6458333134651184 0.6234375238418579 0.6416666507720947 0.590624988079071 0.6458333134651184 0.589062511920929 0.6604166626930237 0.5843750238418579 0.6645833253860474 0.5843750238418579 0.668749988079071 0.590624988079071 0.6729166507720947 0.590624988079071 0.6833333373069763 0.59375 0.6854166388511658 0.625 0.6833333373069763 0.628125011920929 0.6791666746139526
0 0.526562511920929 0.5458333492279053 0.5234375 0.5416666865348816 0.4906249940395355 0.5458333492279053 0.48906248807907104 0.5604166388511658 0.484375 0.5645833611488342 0.484375 0.5687500238418579 0.4906249940395355 0.5729166865348816 0.4906249940395355 0.5833333134651184 0.503125011920929 0.5854166746139526 0.504687488079071 0.5791666507720947 0.5078125 0.574999988079071 0.512499988079071 0.574999988079071 0.515625 0.5666666626930237 0.528124988079071 0.5687500238418579 0.526562511920929 0.5666666626930237
0 0.5406249761581421 0.5729166865348816 0.5390625 0.5874999761581421 0.5453125238418579 0.6187499761581421 0.557812511920929 0.6208333373069763 0.559374988079071 0.625 0.5625 0.625 0.565625011920929 0.6166666746139526 0.574999988079071 0.612500011920929 0.573437511920929 0.5979166626930237 0.5703125 0.59375 0.5640624761581421 0.5666666626930237
0 0.4359374940395355 0.5479166507720947 0.43281251192092896 0.5541666746139526 0.42500001192092896 0.5562499761581421 0.42500001192092896 0.5666666626930237 0.421875 0.5708333253860474 0.421875 0.5791666507720947 0.4437499940395355 0.6041666865348816 0.44999998807907104 0.6041666865348816 0.46562498807907104 0.581250011920929 0.46562498807907104 0.5770833492279053 0.4437499940395355 0.5479166507720947
0 0.606249988079071 0.5562499761581421 0.606249988079071 0.5604166388511658 0.6000000238418579 0.5645833611488342 0.6031249761581421 0.5854166746139526 0.598437488079071 0.5916666388511658 0.6031249761581421 0.6104166507720947 0.606249988079071 0.6145833134651184 0.6109374761581421 0.6145833134651184 0.6312500238418579 0.606249988079071 0.6328125 0.5979166626930237 0.625 0.5604166388511658
0 0.4375 0.6020833253860474 0.43437498807907104 0.5979166626930237 0.40156251192092896 0.6020833253860474 0.4000000059604645 0.6166666746139526 0.39531248807907104 0.6208333373069763 0.39531248807907104 0.625 0.40156251192092896 0.6291666626930237 0.40156251192092896 0.6395833492279053 0.4046874940395355 0.6416666507720947 0.4359374940395355 0.6395833492279053 0.4390625059604645 0.6354166865348816
0 0.5328124761581421 0.675000011920929 0.5296875238418579 0.7124999761581421 0.53125 0.7208333611488342 0.5406249761581421 0.7229166626930237 0.542187511920929 0.7291666865348816 0.546875 0.7291666865348816 0.550000011920929 0.7229166626930237 0.557812511920929 0.7250000238418579 0.5609375238418579 0.7208333611488342 0.5625 0.6937500238418579 0.559374988079071 0.6895833611488342 0.546875 0.6875 0.542187511920929 0.6729166507720947
0 0.4609375 0.5916666388511658 0.44999998807907104 0.606249988079071 0.4437499940395355 0.606249988079071 0.4359374940395355 0.5979166626930237 0.4390625059604645 0.6020833253860474 0.44062501192092896 0.643750011920929 0.453125 0.6458333134651184 0.4546875059604645 0.6499999761581421 0.45781248807907104 0.6499999761581421 0.4609375 0.6416666507720947 0.4703125059604645 0.637499988079071 0.46875 0.6187499761581421 0.46406251192092896 0.6041666865348816 0.46406251192092896 0.5958333611488342
0 0.6343749761581421 0.6020833253860474 0.6328125 0.6166666746139526 0.6390625238418579 0.6479166746139526 0.651562511920929 0.6499999761581421 0.653124988079071 0.6541666388511658 0.65625 0.6541666388511658 0.659375011920929 0.6458333134651184 0.668749988079071 0.6416666507720947 0.667187511920929 0.6229166388511658 0.6625000238418579 0.6083333492279053 0.6625000238418579 0.6000000238418579 0.659375011920929 0.5958333611488342
0 0.47343748807907104 0.46875 0.4703125059604645 0.5062500238418579 0.47187501192092896 0.5145833492279053 0.48124998807907104 0.5166666507720947 0.4828124940395355 0.5229166746139526 0.48750001192092896 0.5229166746139526 0.4906249940395355 0.5166666507720947 0.4984374940395355 0.518750011920929 0.5015624761581421 0.5145833492279053 0.503125011920929 0.5 0.503125011920929 0.47083333134651184 0.4921875 0.46666666865348816
0 0.4703125059604645 0.625 0.47187501192092896 0.637499988079071 0.46875 0.6416666507720947 0.4609375 0.643750011920929 0.4609375 0.6479166746139526 0.45781248807907104 0.6520833373069763 0.4546875059604645 0.6520833373069763 0.453125 0.6479166746139526 0.4468750059604645 0.6479166746139526 0.4468750059604645 0.6541666388511658 0.4609375 0.6708333492279053 0.4781250059604645 0.675000011920929 0.4906249940395355 0.65625 0.4906249940395355 0.6520833373069763