0 0.4625000059604645 0.4854166805744171 0.4609375 0.4895833432674408 0.4625000059604645 0.5041666626930237 0.46875 0.5291666388511658 0.47187501192092896 0.5333333611488342 0.49687498807907104 0.5249999761581421 0.4984374940395355 0.5166666507720947 0.4906249940395355 0.4791666567325592 0.47187501192092896 0.4749999940395355 0.46875 0.4833333194255829
0 0.46406251192092896 0.5895833373069763 0.46406251192092896 0.625 0.4671874940395355 0.6270833611488342 0.49687498807907104 0.6270833611488342 0.5015624761581421 0.6229166388511658 0.5015624761581421 0.612500011920929 0.504687488079071 0.6083333492279053 0.504687488079071 0.6020833253860474 0.5 0.59375 0.5 0.5874999761581421 0.48124998807907104 0.5854166746139526
0 0.6078125238418579 0.6020833253860474 0.6078125238418579 0.637499988079071 0.6109374761581421 0.6395833492279053 0.640625 0.6395833492279053 0.645312488079071 0.6354166865348816 0.645312488079071 0.625 0.6484375 0.6208333373069763 0.6484375 0.6145833134651184 0.643750011920929 0.606249988079071 0.643750011920929 0.6000000238418579 0.625 0.5979166626930237
0 0.5296875238418579 0.6229166388511658 0.526562511920929 0.6187499761581421 0.503125011920929 0.6208333373069763 0.49687498807907104 0.6291666626930237 0.4921875 0.6291666626930237 0.4921875 0.637499988079071 0.48750001192092896 0.6416666507720947 0.48750001192092896 0.6458333134651184 0.4937500059604645 0.6499999761581421 0.4937500059604645 0.6604166626930237 0.49687498807907104 0.6625000238418579 0.528124988079071 0.6604166626930237 0.53125 0.65625
0 0.6328125 0.550000011920929 0.6265624761581421 0.550000011920929 0.606249988079071 0.5583333373069763 0.6078125238418579 0.581250011920929 0.612500011920929 0.5979166626930237 0.6421874761581421 0.5958333611488342 0.640625 0.5770833492279053 0.635937511920929 0.5625 0.635937511920929 0.5541666746139526
0 0.4453125 0.6875 0.44218748807907104 0.6833333373069763 0.40937501192092896 0.6875 0.4078125059604645 0.7020833492279053 0.40312498807907104 0.706250011920929 0.40312498807907104 0.7104166746139526 0.40937501192092896 0.7145833373069763 0.40937501192092896 0.7250000238418579 0.4124999940395355 0.7270833253860474 0.4437499940395355 0.7250000238418579 0.4468750059604645 0.7208333611488342
0 0.4390625059604645 0.6208333373069763 0.4375 0.6354166865348816 0.4437499940395355 0.6666666865348816 0.45625001192092896 0.668749988079071 0.45781248807907104 0.6729166507720947 0.4609375 0.6729166507720947 0.46406251192092896 0.6645833253860474 0.47343748807907104 0.6604166626930237 0.47187501192092896 0.6416666507720947 0.46875 0.6291666626930237 0.4625000059604645 0.625 0.4625000059604645 0.6145833134651184
0 0.557812511920929 0.550000011920929 0.5546875 0.5562499761581421 0.546875 0.5583333373069763 0.546875 0.5687500238418579 0.543749988079071 0.5729166865348816 0.543749988079071 0.581250011920929 0.565625011920929 0.606249988079071 0.5718749761581421 0.606249988079071 0.5874999761581421 0.5833333134651184 0.5874999761581421 0.5791666507720947 0.565625011920929 0.550000011920929
0 0.6000000238418579 0.6583333611488342 0.6000000238418579 0.6937500238418579 0.6031249761581421 0.6958333253860474 0.6328125 0.6958333253860474 0.637499988079071 0.6916666626930237 0.637499988079071 0.6812499761581421 0.640625 0.6770833134651184 0.640625 0.6708333492279053 0.635937511920929 0.6625000238418579 0.635937511920929 0.65625 0.6171875 0.6541666388511658
0 0.49531251192092896 0.4791666567325592 0.4937500059604645 0.4895833432674408 0.49687498807907104 0.49791666865348816 0.5 0.5208333134651184 0.49687498807907104 0.5270833373069763 0.4921875 0.5291666388511658 0.4921875 0.5333333611488342 0.49531251192092896 0.5375000238418579 0.5 0.5375000238418579 0.520312488079071 0.5291666388511658 0.5218750238418579 0.5208333134651184 0.5140625238418579 0.4833333194255829
0 0.5328124761581421 0.5354166626930237 0.5296875238418579 0.5375000238418579 0.526562511920929 0.5791666507720947 0.5296875238418579 0.5854166746139526 0.5375000238418579 0.5854166746139526 0.5390625 0.5916666388511658 0.543749988079071 0.5916666388511658 0.5453125238418579 0.5854166746139526 0.542187511920929 0.581250011920929 0.542187511920929 0.5729166865348816 0.5453125238418579 0.5687500238418579 0.5453125238418579 0.5583333373069763 0.5484374761581421 0.5541666746139526 0.5546875 0.5541666746139526 0.559374988079071 0.5479166507720947 0.559374988079071 0.5395833253860474 0.5484374761581421 0.5354166626930237
0 0.5390625 0.59375 0.535937488079071 0.6000000238418579 0.528124988079071 0.6020833253860474 0.528124988079071 0.612500011920929 0.5249999761581421 0.6166666746139526 0.53125 0.6229166388511658 0.53125 0.6312500238418579 0.546875 0.6499999761581421 0.5531250238418579 0.6499999761581421 0.5687500238418579 0.6270833611488342 0.5687500238418579 0.6229166388511658 0.546875 0.59375