0 0.5140625238418579 0.6625000238418579 0.510937511920929 0.668749988079071 0.503125011920929 0.6708333492279053 0.503125011920929 0.6812499761581421 0.5 0.6854166388511658 0.5 0.6937500238418579 0.5218750238418579 0.71875 0.528124988079071 0.71875 0.543749988079071 0.6958333253860474 0.543749988079071 0.6916666626930237 0.5218750238418579 0.6625000238418579
0 0.590624988079071 0.4895833432674408 0.589062511920929 0.4937500059604645 0.590624988079071 0.5083333253860474 0.596875011920929 0.5333333611488342 0.6000000238418579 0.5375000238418579 0.625 0.5291666388511658 0.6265624761581421 0.5208333134651184 0.6187499761581421 0.4833333194255829 0.6000000238418579 0.4791666567325592 0.596875011920929 0.48750001192092896
0 0.44062501192092896 0.5791666507720947 0.4390625059604645 0.59375 0.4453125 0.625 0.45781248807907104 0.6270833611488342 0.4593749940395355 0.6312500238418579 0.4625000059604645 0.6312500238418579 0.46562498807907104 0.6229166388511658 0.4749999940395355 0.6187499761581421 0.47343748807907104 0.6000000238418579 0.46875 0.5854166746139526 0.46875 0.5770833492279053 0.46562498807907104 0.5729166865348816
0 0.5874999761581421 0.5708333253860474 0.5843750238418579 0.5770833492279053 0.5765625238418579 0.5791666507720947 0.5765625238418579 0.5895833373069763 0.573437511920929 0.59375 0.573437511920929 0.6020833253860474 0.5953124761581421 0.6270833611488342 0.6015625 0.6270833611488342 0.6171875 0.6041666865348816 0.6171875 0.6000000238418579 0.5953124761581421 0.5708333253860474
0 0.6187499761581421 0.6187499761581421 0.6156250238418579 0.625 0.6078125238418579 0.6270833611488342 0.6078125238418579 0.637499988079071 0.604687511920929 0.6416666507720947 0.604687511920929 0.6499999761581421 0.6265624761581421 0.675000011920929 0.6328125 0.675000011920929 0.6484375 0.6520833373069763 0.6484375 0.6479166746139526 0.6265624761581421 0.6187499761581421
0 0.5296875238418579 0.606249988079071 0.526562511920929 0.612500011920929 0.518750011920929 0.6145833134651184 0.518750011920929 0.625 0.515625 0.6291666626930237 0.515625 0.637499988079071 0.5375000238418579 0.6625000238418579 0.543749988079071 0.6625000238418579 0.559374988079071 0.6395833492279053 0.559374988079071 0.6354166865348816 0.5375000238418579 0.606249988079071
0 0.598437488079071 0.5666666626930237 0.598437488079071 0.5729166865348816 0.6171875 0.5958333611488342 0.6187499761581421 0.6041666865348816 0.6343749761581421 0.6020833253860474 0.637499988079071 0.5979166626930237 0.635937511920929 0.5645833611488342 0.6328125 0.5604166388511658 0.606249988079071 0.5625
0 0.5484374761581421 0.543749988079071 0.5453125238418579 0.550000011920929 0.5375000238418579 0.5520833134651184 0.5375000238418579 0.5625 0.534375011920929 0.5666666626930237 0.534375011920929 0.574999988079071 0.5562499761581421 0.6000000238418579 0.5625 0.6000000238418579 0.578125 0.5729166865348816 0.5562499761581421 0.543749988079071
0 0.4078125059604645 0.6041666865348816 0.40625 0.6187499761581421 0.4124999940395355 0.6499999761581421 0.42500001192092896 0.6520833373069763 0.42656248807907104 0.65625 0.4296875 0.65625 0.43281251192092896 0.6479166746139526 0.44218748807907104 0.643750011920929 0.44062501192092896 0.625 0.4359374940395355 0.6104166507720947 0.4359374940395355 0.6020833253860474 0.43281251192092896 0.5979166626930237
0 0.543749988079071 0.4833333194255829 0.542187511920929 0.48750001192092896 0.543749988079071 0.5020833611488342 0.550000011920929 0.5270833373069763 0.5531250238418579 0.53125 0.578125 0.5229166746139526 0.5796874761581421 0.5145833492279053 0.5718749761581421 0.47708332538604736 0.5531250238418579 0.4729166626930237 0.550000011920929 0.48124998807907104
0 0.41093748807907104 0.5354166626930237 0.4078125059604645 0.5729166865348816 0.40937501192092896 0.581250011920929 0.41874998807907104 0.5833333134651184 0.4203124940395355 0.5895833373069763 0.42500001192092896 0.5895833373069763 0.4281249940395355 0.5833333134651184 0.4359374940395355 0.5854166746139526 0.4390625059604645 0.5791666507720947 0.44062501192092896 0.5666666626930237 0.44062501192092896 0.5375000238418579 0.4296875 0.5333333611488342
0 0.453125 0.6354166865348816 0.4515624940395355 0.6499999761581421 0.45781248807907104 0.6812499761581421 0.4703125059604645 0.6833333373069763 0.47187501192092896 0.6875 0.4749999940395355 0.6875 0.4781250059604645 0.6791666746139526 0.48750001192092896 0.675000011920929 0.4859375059604645 0.65625 0.48124998807907104 0.6416666507720947 0.48124998807907104 0.6333333253860474 0.4781250059604645 0.6291666626930237
0 0.645312488079071 0.5895833373069763 0.6421874761581421 0.6270833611488342 0.643750011920929 0.6354166865348816 0.653124988079071 0.637499988079071 0.6546875238418579 0.643750011920929 0.659375011920929 0.643750011920929 0.6625000238418579 0.637499988079071 0.6703125238418579 0.6395833492279053 0.6734374761581421 0.6354166865348816 0.675000011920929 0.6208333373069763 0.675000011920929 0.5916666388511658 0.6640625 0.5874999761581421