0 0.582812488079071 0.6166666746139526 0.582812488079071 0.6520833373069763 0.5859375 0.6541666388511658 0.6156250238418579 0.6541666388511658 0.620312511920929 0.6499999761581421 0.620312511920929 0.6395833492279053 0.6234375238418579 0.6354166865348816 0.6234375238418579 0.6291666626930237 0.6187499761581421 0.6208333373069763 0.6187499761581421 0.6145833134651184 0.6000000238418579 0.612500011920929
0 0.4234375059604645 0.5874999761581421 0.4203124940395355 0.625 0.421875 0.6333333253860474 0.4312500059604645 0.6354166865348816 0.43281251192092896 0.6416666507720947 0.4375 0.6416666507720947 0.44062501192092896 0.6354166865348816 0.44843751192092896 0.637499988079071 0.4515624940395355 0.6333333253860474 0.453125 0.6187499761581421 0.453125 0.5895833373069763 0.44218748807907104 0.5854166746139526
0 0.484375 0.6395833492279053 0.4828124940395355 0.643750011920929 0.484375 0.6583333611488342 0.4906249940395355 0.6833333373069763 0.4937500059604645 0.6875 0.518750011920929 0.6791666746139526 0.520312488079071 0.6708333492279053 0.512499988079071 0.6333333253860474 0.4937500059604645 0.6291666626930237 0.4906249940395355 0.637499988079071
0 0.535937488079071 0.6520833373069763 0.5328124761581421 0.6583333611488342 0.5249999761581421 0.6604166626930237 0.5249999761581421 0.6708333492279053 0.5218750238418579 0.675000011920929 0.5218750238418579 0.6833333373069763 0.543749988079071 0.7083333134651184 0.550000011920929 0.7083333134651184 0.565625011920929 0.6854166388511658 0.565625011920929 0.6812499761581421 0.543749988079071 0.6520833373069763
0 0.6328125 0.6458333134651184 0.621874988079071 0.643750011920929 0.621874988079071 0.6499999761581421 0.6156250238418579 0.65625 0.604687511920929 0.65625 0.6015625 0.6833333373069763 0.604687511920929 0.6937500238418579 0.612500011920929 0.6937500238418579 0.614062488079071 0.699999988079071 0.6187499761581421 0.699999988079071 0.621874988079071 0.6937500238418579 0.629687488079071 0.6958333253860474 0.6328125 0.6916666626930237 0.6343749761581421 0.6770833134651184 0.6343749761581421 0.6479166746139526
0 0.5249999761581421 0.5229166746139526 0.5218750238418579 0.5291666388511658 0.5140625238418579 0.53125 0.5140625238418579 0.5416666865348816 0.510937511920929 0.5458333492279053 0.510937511920929 0.5541666746139526 0.5328124761581421 0.5791666507720947 0.5390625 0.5791666507720947 0.5546875 0.5562499761581421 0.5546875 0.5520833134651184 0.5328124761581421 0.5229166746139526
0 0.46406251192092896 0.49166667461395264 0.4609375 0.48750001192092896 0.4281249940395355 0.49166667461395264 0.42656248807907104 0.5062500238418579 0.421875 0.5104166865348816 0.421875 0.5145833492279053 0.4281249940395355 0.518750011920929 0.4281249940395355 0.5291666388511658 0.4312500059604645 0.53125 0.4625000059604645 0.5291666388511658 0.46562498807907104 0.5249999761581421
0 0.6312500238418579 0.5854166746139526 0.629687488079071 0.5895833373069763 0.6312500238418579 0.6041666865348816 0.637499988079071 0.6291666626930237 0.640625 0.6333333253860474 0.6656249761581421 0.625 0.667187511920929 0.6166666746139526 0.659375011920929 0.5791666507720947 0.640625 0.574999988079071 0.637499988079071 0.5833333134651184
0 0.6468750238418579 0.6520833373069763 0.643750011920929 0.6583333611488342 0.635937511920929 0.6604166626930237 0.6343749761581421 0.6854166388511658 0.6546875238418579 0.7083333134651184 0.660937488079071 0.7083333134651184 0.676562488079071 0.6854166388511658 0.676562488079071 0.6812499761581421 0.6546875238418579 0.6520833373069763
0 0.4765625 0.47083333134651184 0.47343748807907104 0.47708332538604736 0.46562498807907104 0.4791666567325592 0.46562498807907104 0.5062500238418579 0.484375 0.5270833373069763 0.4906249940395355 0.5270833373069763 0.5062500238418579 0.5041666626930237 0.5062500238418579 0.5 0.484375 0.47083333134651184
0 0.4593749940395355 0.53125 0.4593749940395355 0.5583333373069763 0.4625000059604645 0.5604166388511658 0.4921875 0.5604166388511658 0.49687498807907104 0.5562499761581421 0.49687498807907104 0.5458333492279053 0.5 0.5416666865348816 0.5 0.5354166626930237 0.49687498807907104 0.53125 0.49531251192092896 0.5229166746139526 0.4906249940395355 0.5291666388511658 0.484375 0.5291666388511658 0.4781250059604645 0.5208333134651184 0.4671874940395355 0.5208333134651184 0.4671874940395355 0.5249999761581421 0.4625000059604645 0.53125
0 0.557812511920929 0.47083333134651184 0.5546875 0.46666666865348816 0.5218750238418579 0.47083333134651184 0.520312488079071 0.4854166805744171 0.515625 0.4895833432674408 0.515625 0.4937500059604645 0.5218750238418579 0.49791666865348816 0.5218750238418579 0.5083333253860474 0.5249999761581421 0.5104166865348816 0.5562499761581421 0.5083333253860474 0.559374988079071 0.5041666626930237
0 0.5546875 0.6479166746139526 0.5546875 0.6625000238418579 0.565625011920929 0.6770833134651184 0.567187488079071 0.6854166388511658 0.5874999761581421 0.6854166388511658 0.5921875238418579 0.6812499761581421 0.5921875238418579 0.6708333492279053 0.5953124761581421 0.6666666865348816 0.5953124761581421 0.6604166626930237 0.5921875238418579 0.65625 0.582812488079071 0.6541666388511658 0.581250011920929 0.643750011920929 0.5562499761581421 0.6458333134651184
0 0.573437511920929 0.5874999761581421 0.5703125 0.59375 0.5625 0.5958333611488342 0.5625 0.606249988079071 0.559374988079071 0.6104166507720947 0.559374988079071 0.6187499761581421 0.581250011920929 0.6416666507720947 0.581250011920929 0.6166666746139526 0.5843750238418579 0.612500011920929 0.598437488079071 0.612500011920929 0.6000000238418579 0.6104166507720947 0.581250011920929 0.5874999761581421