0 0.6078125238418579 0.6395833492279053 0.604687511920929 0.6354166865348816 0.5718749761581421 0.6395833492279053 0.5703125 0.6541666388511658 0.565625011920929 0.6583333611488342 0.565625011920929 0.6625000238418579 0.5718749761581421 0.6666666865348816 0.5718749761581421 0.6770833134651184 0.574999988079071 0.6791666746139526 0.606249988079071 0.6770833134651184 0.609375 0.6729166507720947
0 0.4546875059604645 0.59375 0.4515624940395355 0.6312500238418579 0.453125 0.6395833492279053 0.4625000059604645 0.6416666507720947 0.46406251192092896 0.6479166746139526 0.46875 0.6479166746139526 0.47187501192092896 0.6416666507720947 0.47968751192092896 0.643750011920929 0.4828124940395355 0.6395833492279053 0.484375 0.625 0.484375 0.5958333611488342 0.47343748807907104 0.5916666388511658
0 0.614062488079071 0.5479166507720947 0.6109374761581421 0.5541666746139526 0.6031249761581421 0.5562499761581421 0.6031249761581421 0.5666666626930237 0.6000000238418579 0.5708333253860474 0.6000000238418579 0.5791666507720947 0.621874988079071 0.6041666865348816 0.628125011920929 0.6041666865348816 0.643750011920929 0.581250011920929 0.643750011920929 0.5770833492279053 0.621874988079071 0.5479166507720947
0 0.515625 0.6229166388511658 0.512499988079071 0.6604166626930237 0.5140625238418579 0.668749988079071 0.5234375 0.6708333492279053 0.5249999761581421 0.6770833134651184 0.5296875238418579 0.6770833134651184 0.5328124761581421 0.6708333492279053 0.5406249761581421 0.6729166507720947 0.543749988079071 0.668749988079071 0.5453125238418579 0.6541666388511658 0.5453125238418579 0.625 0.534375011920929 0.6208333373069763
0 0.46406251192092896 0.5520833134651184 0.46406251192092896 0.5874999761581421 0.4671874940395355 0.5895833373069763 0.49687498807907104 0.5895833373069763 0.5015624761581421 0.5854166746139526 0.5015624761581421 0.574999988079071 0.504687488079071 0.5708333253860474 0.504687488079071 0.5645833611488342 0.5 0.5562499761581421 0.5 0.550000011920929 0.48124998807907104 0.5479166507720947
0 0.503125011920929 0.6645833253860474 0.5015624761581421 0.6791666746139526 0.5078125 0.7104166746139526 0.520312488079071 0.7124999761581421 0.5218750238418579 0.7166666388511658 0.5249999761581421 0.7166666388511658 0.528124988079071 0.7083333134651184 0.5375000238418579 0.7041666507720947 0.5328124761581421 0.6729166507720947 0.5296875238418579 0.6791666746139526 0.5249999761581421 0.6791666746139526 0.5234375 0.6729166507720947 0.515625 0.6729166507720947 0.510937511920929 0.6625000238418579
0 0.4296875 0.574999988079071 0.4296875 0.5791666507720947 0.42656248807907104 0.5833333134651184 0.421875 0.5833333134651184 0.41874998807907104 0.5895833373069763 0.42656248807907104 0.6291666626930237 0.4296875 0.6333333253860474 0.43437498807907104 0.6333333253860474 0.44999998807907104 0.6270833611488342 0.453125 0.5979166626930237 0.44843751192092896 0.5791666507720947
0 0.4234375059604645 0.6708333492279053 0.421875 0.6854166388511658 0.4281249940395355 0.7166666388511658 0.44062501192092896 0.71875 0.44218748807907104 0.7229166626930237 0.4453125 0.7229166626930237 0.44843751192092896 0.7145833373069763 0.45781248807907104 0.7104166746139526 0.45625001192092896 0.6916666626930237 0.4515624940395355 0.6770833134651184 0.4515624940395355 0.668749988079071 0.44843751192092896 0.6645833253860474
0 0.5531250238418579 0.643750011920929 0.5531250238418579 0.6479166746139526 0.5453125238418579 0.65625 0.543749988079071 0.6708333492279053 0.550000011920929 0.6979166865348816 0.5531250238418579 0.7020833492279053 0.557812511920929 0.7020833492279053 0.578125 0.6937500238418579 0.5796874761581421 0.6895833611488342 0.578125 0.6812499761581421 0.5718749761581421 0.6791666746139526 0.5703125 0.6666666865348816 0.5640624761581421 0.6625000238418579 0.5640624761581421 0.6583333611488342 0.5687500238418579 0.6541666388511658 0.5687500238418579 0.6458333134651184
0 0.582812488079071 0.5729166865348816 0.581250011920929 0.6083333492279053 0.5796874761581421 0.6104166507720947 0.581250011920929 0.6187499761581421 0.590624988079071 0.6208333373069763 0.5921875238418579 0.6270833611488342 0.596875011920929 0.6270833611488342 0.6000000238418579 0.6208333373069763 0.6078125238418579 0.6229166388511658 0.6109374761581421 0.6187499761581421 0.612500011920929 0.5958333611488342 0.598437488079071 0.5791666507720947 0.598437488079071 0.5708333253860474
0 0.526562511920929 0.5020833611488342 0.5234375 0.5083333253860474 0.515625 0.5104166865348816 0.515625 0.5208333134651184 0.512499988079071 0.5249999761581421 0.512499988079071 0.5333333611488342 0.534375011920929 0.5583333373069763 0.5406249761581421 0.5583333373069763 0.5562499761581421 0.5354166626930237 0.5562499761581421 0.53125 0.534375011920929 0.5020833611488342
0 0.6109374761581421 0.6895833611488342 0.6109374761581421 0.7250000238418579 0.614062488079071 0.7270833253860474 0.643750011920929 0.7270833253860474 0.6484375 0.7229166626930237 0.6484375 0.7124999761581421 0.651562511920929 0.7083333134651184 0.651562511920929 0.7020833492279053 0.6468750238418579 0.6937500238418579 0.6468750238418579 0.6875 0.628125011920929 0.6854166388511658