0 0.5218750238418579 0.5895833373069763 0.520312488079071 0.59375 0.5218750238418579 0.6083333492279053 0.528124988079071 0.6333333253860474 0.53125 0.637499988079071 0.5562499761581421 0.6291666626930237 0.557812511920929 0.6208333373069763 0.550000011920929 0.5833333134651184 0.53125 0.5791666507720947 0.528124988079071 0.5874999761581421
0 0.512499988079071 0.6812499761581421 0.510937511920929 0.6854166388511658 0.512499988079071 0.699999988079071 0.518750011920929 0.7250000238418579 0.5218750238418579 0.7291666865348816 0.546875 0.7208333611488342 0.5484374761581421 0.7124999761581421 0.5406249761581421 0.675000011920929 0.5218750238418579 0.6708333492279053 0.518750011920929 0.6791666746139526
0 0.578125 0.5874999761581421 0.5765625238418579 0.5916666388511658 0.578125 0.606249988079071 0.5843750238418579 0.6312500238418579 0.5874999761581421 0.6354166865348816 0.612500011920929 0.6270833611488342 0.614062488079071 0.6187499761581421 0.606249988079071 0.581250011920929 0.5874999761581421 0.5770833492279053 0.5843750238418579 0.5854166746139526
0 0.4546875059604645 0.5208333134651184 0.453125 0.5249999761581421 0.4546875059604645 0.5395833253860474 0.4609375 0.5645833611488342 0.46406251192092896 0.5687500238418579 0.48906248807907104 0.5604166388511658 0.4906249940395355 0.5520833134651184 0.4828124940395355 0.5145833492279053 0.46406251192092896 0.5104166865348816 0.4609375 0.518750011920929
0 0.6421874761581421 0.4791666567325592 0.6390625238418579 0.5166666507720947 0.640625 0.5249999761581421 0.6499999761581421 0.5270833373069763 0.651562511920929 0.5333333611488342 0.65625 0.5333333611488342 0.659375011920929 0.5270833373069763 0.667187511920929 0.5291666388511658 0.6703125238418579 0.5249999761581421 0.671875 0.5104166865348816 0.671875 0.48124998807907104 0.660937488079071 0.47708332538604736
0 0.4468750059604645 0.6270833611488342 0.4437499940395355 0.6333333253860474 0.4359374940395355 0.6354166865348816 0.4359374940395355 0.6458333134651184 0.43281251192092896 0.6499999761581421 0.43281251192092896 0.6583333611488342 0.4546875059604645 0.6833333373069763 0.4609375 0.6833333373069763 0.4765625 0.6604166626930237 0.4765625 0.65625 0.4546875059604645 0.6270833611488342
0 0.543749988079071 0.6499999761581421 0.542187511920929 0.6541666388511658 0.543749988079071 0.668749988079071 0.550000011920929 0.6937500238418579 0.5531250238418579 0.6979166865348816 0.578125 0.6895833611488342 0.5796874761581421 0.6812499761581421 0.5718749761581421 0.643750011920929 0.5531250238418579 0.6395833492279053 0.550000011920929 0.6479166746139526
0 0.47343748807907104 0.4854166805744171 0.47343748807907104 0.49791666865348816 0.46875 0.5020833611488342 0.46875 0.5062500238418579 0.4828124940395355 0.512499988079071 0.4859375059604645 0.5229166746139526 0.5093749761581421 0.5208333134651184 0.512499988079071 0.5166666507720947 0.510937511920929 0.4833333194255829 0.5078125 0.4791666567325592 0.48124998807907104 0.48124998807907104
0 0.5562499761581421 0.5208333134651184 0.5531250238418579 0.5270833373069763 0.5453125238418579 0.5291666388511658 0.5453125238418579 0.5395833253860474 0.542187511920929 0.543749988079071 0.542187511920929 0.5520833134651184 0.5640624761581421 0.5770833492279053 0.5703125 0.5770833492279053 0.5859375 0.5541666746139526 0.5859375 0.550000011920929 0.5640624761581421 0.5208333134651184
0 0.4859375059604645 0.5687500238418579 0.4828124940395355 0.5645833611488342 0.46875 0.5708333253860474 0.46406251192092896 0.5708333253860474 0.4609375 0.5666666626930237 0.44999998807907104 0.5687500238418579 0.44843751192092896 0.5833333134651184 0.4437499940395355 0.5874999761581421 0.4437499940395355 0.5916666388511658 0.44999998807907104 0.5958333611488342 0.44999998807907104 0.606249988079071 0.453125 0.6083333492279053 0.484375 0.606249988079071 0.48750001192092896 0.6020833253860474
0 0.578125 0.6666666865348816 0.581250011920929 0.6812499761581421 0.5796874761581421 0.6895833611488342 0.5609375238418579 0.6979166865348816 0.582812488079071 0.7229166626930237 0.589062511920929 0.7229166626930237 0.604687511920929 0.699999988079071 0.604687511920929 0.6958333253860474 0.590624988079071 0.675000011920929 0.582812488079071 0.6666666865348816
0 0.6343749761581421 0.6416666507720947 0.6328125 0.6458333134651184 0.6343749761581421 0.6604166626930237 0.640625 0.6854166388511658 0.643750011920929 0.6895833611488342 0.668749988079071 0.6812499761581421 0.6703125238418579 0.6729166507720947 0.6625000238418579 0.6354166865348816 0.643750011920929 0.6312500238418579 0.640625 0.6395833492279053
0 0.635937511920929 0.5604166388511658 0.6343749761581421 0.5645833611488342 0.635937511920929 0.5791666507720947 0.6421874761581421 0.6041666865348816 0.645312488079071 0.6083333492279053 0.6703125238418579 0.6000000238418579 0.671875 0.5916666388511658 0.6640625 0.5541666746139526 0.645312488079071 0.550000011920929 0.6421874761581421 0.5583333373069763
0 0.582812488079071 0.518750011920929 0.5796874761581421 0.5249999761581421 0.5718749761581421 0.5270833373069763 0.5874999761581421 0.550000011920929 0.5874999761581421 0.5541666746139526 0.581250011920929 0.5645833611488342 0.590624988079071 0.574999988079071 0.596875011920929 0.574999988079071 0.612500011920929 0.5520833134651184 0.612500011920929 0.5479166507720947 0.590624988079071 0.518750011920929