0 0.4437499940395355 0.6645833253860474 0.4437499940395355 0.699999988079071 0.4468750059604645 0.7020833492279053 0.4765625 0.7020833492279053 0.48124998807907104 0.6979166865348816 0.48124998807907104 0.6875 0.484375 0.6833333373069763 0.484375 0.6770833134651184 0.47968751192092896 0.668749988079071 0.47968751192092896 0.6625000238418579 0.4609375 0.6604166626930237
0 0.6421874761581421 0.6187499761581421 0.640625 0.6333333253860474 0.6468750238418579 0.6645833253860474 0.659375011920929 0.6666666865348816 0.660937488079071 0.6708333492279053 0.6640625 0.6708333492279053 0.667187511920929 0.6625000238418579 0.676562488079071 0.6583333611488342 0.675000011920929 0.6395833492279053 0.6703125238418579 0.625 0.6703125238418579 0.6166666746139526 0.667187511920929 0.612500011920929
0 0.53125 0.5062500238418579 0.528124988079071 0.543749988079071 0.5296875238418579 0.5520833134651184 0.5390625 0.5541666746139526 0.5406249761581421 0.5604166388511658 0.5453125238418579 0.5604166388511658 0.5484374761581421 0.5541666746139526 0.5562499761581421 0.5562499761581421 0.559374988079071 0.5520833134651184 0.5609375238418579 0.5375000238418579 0.5609375238418579 0.5083333253860474 0.550000011920929 0.5041666626930237
0 0.534375011920929 0.6416666507720947 0.53125 0.6791666746139526 0.5328124761581421 0.6875 0.542187511920929 0.6895833611488342 0.543749988079071 0.6958333253860474 0.5484374761581421 0.6958333253860474 0.551562488079071 0.6895833611488342 0.559374988079071 0.6916666626930237 0.5625 0.6875 0.5640624761581421 0.6729166507720947 0.5640624761581421 0.643750011920929 0.5531250238418579 0.6395833492279053
0 0.4281249940395355 0.6187499761581421 0.42500001192092896 0.6270833611488342 0.41874998807907104 0.6291666626930237 0.41718751192092896 0.637499988079071 0.42500001192092896 0.6729166507720947 0.4281249940395355 0.6770833134651184 0.43281251192092896 0.6770833134651184 0.44218748807907104 0.6729166507720947 0.44218748807907104 0.6645833253860474 0.4453125 0.6604166626930237 0.4546875059604645 0.6604166626930237 0.4468750059604645 0.6229166388511658
0 0.5640624761581421 0.4833333194255829 0.5625 0.48750001192092896 0.5640624761581421 0.5020833611488342 0.5703125 0.5270833373069763 0.573437511920929 0.53125 0.598437488079071 0.5229166746139526 0.6000000238418579 0.5145833492279053 0.5921875238418579 0.47708332538604736 0.573437511920929 0.4729166626930237 0.5703125 0.48124998807907104
0 0.3968749940395355 0.4958333373069763 0.39531248807907104 0.5 0.3968749940395355 0.5145833492279053 0.40312498807907104 0.5395833253860474 0.40625 0.543749988079071 0.4312500059604645 0.5354166626930237 0.43281251192092896 0.5270833373069763 0.42500001192092896 0.4895833432674408 0.40625 0.4854166805744171 0.40312498807907104 0.4937500059604645
0 0.604687511920929 0.5604166388511658 0.6015625 0.5562499761581421 0.5687500238418579 0.5604166388511658 0.567187488079071 0.574999988079071 0.5625 0.5791666507720947 0.5625 0.5833333134651184 0.5687500238418579 0.5874999761581421 0.5687500238418579 0.5979166626930237 0.5718749761581421 0.6000000238418579 0.6031249761581421 0.5979166626930237 0.606249988079071 0.59375
0 0.44062501192092896 0.512499988079071 0.4312500059604645 0.512499988079071 0.43437498807907104 0.5270833373069763 0.43281251192092896 0.5354166626930237 0.41718751192092896 0.543749988079071 0.421875 0.5645833611488342 0.42500001192092896 0.5687500238418579 0.44999998807907104 0.5604166388511658 0.4515624940395355 0.5562499761581421 0.44843751192092896 0.5333333611488342 0.4437499940395355 0.5145833492279053
0 0.504687488079071 0.4895833432674408 0.5015624761581421 0.5270833373069763 0.503125011920929 0.5354166626930237 0.512499988079071 0.5375000238418579 0.5140625238418579 0.543749988079071 0.518750011920929 0.543749988079071 0.5218750238418579 0.5375000238418579 0.528124988079071 0.5395833253860474 0.5296875238418579 0.5062500238418579 0.534375011920929 0.5020833611488342 0.534375011920929 0.49166667461395264 0.5234375 0.48750001192092896
0 0.4765625 0.550000011920929 0.4749999940395355 0.5645833611488342 0.48124998807907104 0.5958333611488342 0.4937500059604645 0.5979166626930237 0.49531251192092896 0.6020833253860474 0.4984374940395355 0.6020833253860474 0.5015624761581421 0.59375 0.510937511920929 0.5895833373069763 0.5093749761581421 0.5708333253860474 0.504687488079071 0.5562499761581421 0.504687488079071 0.5479166507720947 0.5015624761581421 0.543749988079071