0 0.5531250238418579 0.5375000238418579 0.551562488079071 0.5458333492279053 0.542187511920929 0.5520833134651184 0.542187511920929 0.5583333373069763 0.5453125238418579 0.5625 0.5453125238418579 0.574999988079071 0.5562499761581421 0.5854166746139526 0.5703125 0.5916666388511658 0.582812488079071 0.5916666388511658 0.590624988079071 0.5604166388511658 0.590624988079071 0.5520833134651184 0.578125 0.5458333492279053 0.573437511920929 0.5375000238418579
0 0.6328125 0.4937500059604645 0.6265624761581421 0.5062500238418579 0.6234375238418579 0.5208333134651184 0.6234375238418579 0.5458333492279053 0.6312500238418579 0.5479166507720947 0.6343749761581421 0.5583333373069763 0.6390625238418579 0.5583333373069763 0.6421874761581421 0.5520833134651184 0.653124988079071 0.5541666746139526 0.6546875238418579 0.5395833253860474 0.660937488079071 0.5333333611488342 0.660937488079071 0.5020833611488342
0 0.4749999940395355 0.6187499761581421 0.46875 0.6312500238418579 0.46562498807907104 0.6458333134651184 0.46562498807907104 0.6708333492279053 0.47343748807907104 0.6729166507720947 0.4765625 0.6833333373069763 0.48124998807907104 0.6833333373069763 0.484375 0.6770833134651184 0.49531251192092896 0.6791666746139526 0.49687498807907104 0.6645833253860474 0.503125011920929 0.6583333611488342 0.503125011920929 0.6270833611488342
0 0.4124999940395355 0.47708332538604736 0.41093748807907104 0.4791666567325592 0.4124999940395355 0.49166667461395264 0.40937501192092896 0.4958333373069763 0.40937501192092896 0.5020833611488342 0.41874998807907104 0.5145833492279053 0.41874998807907104 0.5208333134651184 0.4281249940395355 0.5229166746139526 0.4359374940395355 0.5333333611488342 0.44218748807907104 0.53125 0.4546875059604645 0.5104166865348816 0.45781248807907104 0.5 0.4437499940395355 0.4791666567325592 0.4312500059604645 0.47083333134651184 0.42500001192092896 0.47083333134651184 0.4203124940395355 0.47708332538604736
0 0.534375011920929 0.6583333611488342 0.5328124761581421 0.6604166626930237 0.534375011920929 0.6729166507720947 0.53125 0.6770833134651184 0.53125 0.6833333373069763 0.5406249761581421 0.6958333253860474 0.5406249761581421 0.7020833492279053 0.550000011920929 0.7041666507720947 0.557812511920929 0.7145833373069763 0.5640624761581421 0.7124999761581421 0.5765625238418579 0.6916666626930237 0.5796874761581421 0.6812499761581421 0.565625011920929 0.6604166626930237 0.5531250238418579 0.6520833373069763 0.546875 0.6520833373069763 0.542187511920929 0.6583333611488342
0 0.4046874940395355 0.5041666626930237 0.3984375 0.5166666507720947 0.39531248807907104 0.53125 0.39531248807907104 0.5562499761581421 0.40312498807907104 0.5583333373069763 0.40625 0.5687500238418579 0.41093748807907104 0.5687500238418579 0.4140625 0.5625 0.42500001192092896 0.5645833611488342 0.42656248807907104 0.550000011920929 0.43281251192092896 0.543749988079071 0.4312500059604645 0.5291666388511658 0.4281249940395355 0.5249999761581421 0.4203124940395355 0.5249999761581421 0.41718751192092896 0.5208333134651184 0.41718751192092896 0.5145833492279053 0.40937501192092896 0.5041666626930237
0 0.5843750238418579 0.5916666388511658 0.5796874761581421 0.59375 0.5796874761581421 0.5979166626930237 0.574999988079071 0.6041666865348816 0.5718749761581421 0.6187499761581421 0.5718749761581421 0.643750011920929 0.5796874761581421 0.6458333134651184 0.581250011920929 0.6541666388511658 0.5874999761581421 0.65625 0.590624988079071 0.6499999761581421 0.6015625 0.6520833373069763 0.6031249761581421 0.637499988079071 0.609375 0.6312500238418579 0.609375 0.6000000238418579
0 0.4625000059604645 0.48750001192092896 0.45781248807907104 0.4937500059604645 0.4546875059604645 0.4937500059604645 0.4593749940395355 0.5 0.4593749940395355 0.5041666626930237 0.44999998807907104 0.518750011920929 0.44999998807907104 0.5229166746139526 0.45625001192092896 0.53125 0.45781248807907104 0.5395833253860474 0.46562498807907104 0.5395833253860474 0.47343748807907104 0.550000011920929 0.4765625 0.550000011920929 0.4921875 0.5270833373069763 0.49531251192092896 0.5166666507720947 0.48124998807907104 0.4958333373069763 0.46875 0.48750001192092896
0 0.4437499940395355 0.6479166746139526 0.4437499940395355 0.6625000238418579 0.44062501192092896 0.6666666865348816 0.44062501192092896 0.6729166507720947 0.44999998807907104 0.6854166388511658 0.44999998807907104 0.6916666626930237 0.4593749940395355 0.6937500238418579 0.4671874940395355 0.7041666507720947 0.47343748807907104 0.7020833492279053 0.4859375059604645 0.6791666746139526 0.48124998807907104 0.6854166388511658 0.4765625 0.6854166388511658 0.47343748807907104 0.6812499761581421 0.47343748807907104 0.675000011920929 0.46406251192092896 0.6708333492279053 0.4625000059604645 0.6416666507720947 0.45625001192092896 0.6416666507720947 0.4515624940395355 0.6479166746139526
0 0.4828124940395355 0.543749988079071 0.47968751192092896 0.550000011920929 0.48124998807907104 0.5583333373069763 0.4781250059604645 0.5625 0.4781250059604645 0.5687500238418579 0.48750001192092896 0.581250011920929 0.48750001192092896 0.5874999761581421 0.49687498807907104 0.5895833373069763 0.504687488079071 0.6000000238418579 0.510937511920929 0.5979166626930237 0.5234375 0.5770833492279053 0.526562511920929 0.5666666626930237 0.512499988079071 0.5458333492279053 0.5 0.5375000238418579 0.4937500059604645 0.5375000238418579 0.48906248807907104 0.543749988079071
0 0.40312498807907104 0.5916666388511658 0.3968749940395355 0.6041666865348816 0.39375001192092896 0.6187499761581421 0.39375001192092896 0.643750011920929 0.40156251192092896 0.6458333134651184 0.4046874940395355 0.65625 0.40937501192092896 0.65625 0.4124999940395355 0.6499999761581421 0.4234375059604645 0.6520833373069763 0.42500001192092896 0.637499988079071 0.4312500059604645 0.6312500238418579 0.4312500059604645 0.6000000238418579
0 0.510937511920929 0.48124998807907104 0.5078125 0.49166667461395264 0.5 0.4937500059604645 0.5 0.518750011920929 0.503125011920929 0.5333333611488342 0.5140625238418579 0.5458333492279053 0.5375000238418579 0.5375000238418579 0.5375000238418579 0.5062500238418579 0.5328124761581421 0.5020833611488342 0.5296875238418579 0.4854166805744171 0.520312488079071 0.48750001192092896 0.5171874761581421 0.48124998807907104
0 0.614062488079071 0.6104166507720947 0.612500011920929 0.6187499761581421 0.609375 0.6208333373069763 0.6109374761581421 0.6312500238418579 0.604687511920929 0.637499988079071 0.6015625 0.6541666388511658 0.604687511920929 0.65625 0.606249988079071 0.6729166507720947 0.612500011920929 0.675000011920929 0.637499988079071 0.668749988079071 0.637499988079071 0.643750011920929 0.6312500238418579 0.6166666746139526 0.621874988079071 0.6187499761581421 0.6171875 0.6104166507720947
0 0.6390625238418579 0.6458333134651184 0.6390625238418579 0.668749988079071 0.625 0.675000011920929 0.628125011920929 0.6791666746139526 0.628125011920929 0.699999988079071 0.635937511920929 0.699999988079071 0.640625 0.7104166746139526 0.645312488079071 0.7104166746139526 0.6484375 0.7020833492279053 0.6578124761581421 0.7020833492279053 0.6625000238418579 0.6895833611488342 0.6640625 0.6645833253860474 0.660937488079071 0.6604166626930237 0.660937488079071 0.6499999761581421