0 0.643750011920929 0.6520833373069763 0.640625 0.6625000238418579 0.6328125 0.6645833253860474 0.6328125 0.6895833611488342 0.640625 0.7166666388511658 0.6703125238418579 0.7083333134651184 0.6703125238418579 0.6770833134651184 0.6656249761581421 0.6729166507720947 0.6625000238418579 0.65625 0.653124988079071 0.6583333611488342 0.6499999761581421 0.6520833373069763
0 0.47343748807907104 0.47083333134651184 0.4703125059604645 0.48124998807907104 0.4625000059604645 0.4833333194255829 0.4625000059604645 0.5083333253860474 0.4703125059604645 0.5354166626930237 0.5 0.5270833373069763 0.5 0.4958333373069763 0.49531251192092896 0.49166667461395264 0.4921875 0.4749999940395355 0.4828124940395355 0.47708332538604736 0.47968751192092896 0.47083333134651184
0 0.6546875238418579 0.606249988079071 0.651562511920929 0.6166666746139526 0.6421874761581421 0.6187499761581421 0.640625 0.6479166746139526 0.6499999761581421 0.6499999761581421 0.653124988079071 0.65625 0.6625000238418579 0.6541666388511658 0.6656249761581421 0.6666666865348816 0.675000011920929 0.6666666865348816 0.6781250238418579 0.6645833253860474 0.6781250238418579 0.6395833492279053 0.671875 0.612500011920929 0.6625000238418579 0.6145833134651184 0.6578124761581421 0.606249988079071
0 0.4609375 0.53125 0.4593749940395355 0.5604166388511658 0.46406251192092896 0.5645833611488342 0.4671874940395355 0.5833333134651184 0.49687498807907104 0.5770833492279053 0.49687498807907104 0.5520833134651184 0.4921875 0.53125 0.4765625 0.5375000238418579 0.4703125059604645 0.5375000238418579 0.4671874940395355 0.5291666388511658
0 0.518750011920929 0.4729166626930237 0.5171874761581421 0.4749999940395355 0.518750011920929 0.48750001192092896 0.515625 0.49166667461395264 0.515625 0.49791666865348816 0.5249999761581421 0.5104166865348816 0.5249999761581421 0.5166666507720947 0.534375011920929 0.518750011920929 0.542187511920929 0.5291666388511658 0.5484374761581421 0.5270833373069763 0.5609375238418579 0.5062500238418579 0.5640624761581421 0.4958333373069763 0.550000011920929 0.4749999940395355 0.5375000238418579 0.46666666865348816 0.53125 0.46666666865348816 0.526562511920929 0.4729166626930237
0 0.44062501192092896 0.46875 0.4375 0.4791666567325592 0.4281249940395355 0.48124998807907104 0.42656248807907104 0.5104166865348816 0.4312500059604645 0.5145833492279053 0.43281251192092896 0.53125 0.4390625059604645 0.5333333611488342 0.46406251192092896 0.5270833373069763 0.46406251192092896 0.518750011920929 0.4609375 0.5083333253860474 0.4609375 0.48750001192092896 0.45781248807907104 0.4749999940395355 0.44843751192092896 0.47708332538604736 0.4437499940395355 0.46875
0 0.5687500238418579 0.643750011920929 0.565625011920929 0.6541666388511658 0.5562499761581421 0.65625 0.5546875 0.6854166388511658 0.559374988079071 0.6895833611488342 0.5609375238418579 0.706250011920929 0.567187488079071 0.7083333134651184 0.5921875238418579 0.7020833492279053 0.5921875238418579 0.6770833134651184 0.5859375 0.6499999761581421 0.5765625238418579 0.6520833373069763 0.5718749761581421 0.643750011920929
0 0.5703125 0.5874999761581421 0.567187488079071 0.5979166626930237 0.559374988079071 0.6000000238418579 0.559374988079071 0.625 0.5625 0.6395833492279053 0.565625011920929 0.6458333134651184 0.5718749761581421 0.6416666507720947 0.5765625238418579 0.6499999761581421 0.596875011920929 0.643750011920929 0.596875011920929 0.612500011920929 0.5921875238418579 0.6083333492279053 0.589062511920929 0.5916666388511658 0.5796874761581421 0.59375 0.5765625238418579 0.5874999761581421
0 0.6000000238418579 0.6291666626930237 0.598437488079071 0.6312500238418579 0.6000000238418579 0.643750011920929 0.596875011920929 0.6479166746139526 0.596875011920929 0.6541666388511658 0.606249988079071 0.6666666865348816 0.606249988079071 0.6729166507720947 0.6156250238418579 0.675000011920929 0.6234375238418579 0.6854166388511658 0.629687488079071 0.6833333373069763 0.6312500238418579 0.6645833253860474 0.640625 0.6604166626930237 0.6421874761581421 0.6541666388511658 0.6390625238418579 0.6416666507720947 0.6312500238418579 0.6312500238418579 0.6187499761581421 0.6229166388511658 0.612500011920929 0.6229166388511658 0.6078125238418579 0.6291666626930237
0 0.5015624761581421 0.518750011920929 0.5015624761581421 0.5270833373069763 0.4937500059604645 0.53125 0.49687498807907104 0.5395833253860474 0.4984374940395355 0.5666666626930237 0.510937511920929 0.5729166865348816 0.5234375 0.5729166865348816 0.53125 0.5416666865348816 0.53125 0.5333333611488342 0.518750011920929 0.5270833373069763 0.5171874761581421 0.5208333134651184 0.5140625238418579 0.518750011920929 0.5093749761581421 0.5208333134651184
0 0.4984374940395355 0.5729166865348816 0.4984374940395355 0.5874999761581421 0.4921875 0.5979166626930237 0.49531251192092896 0.606249988079071 0.49531251192092896 0.6270833611488342 0.503125011920929 0.6270833611488342 0.5078125 0.637499988079071 0.512499988079071 0.637499988079071 0.515625 0.6291666626930237 0.5249999761581421 0.6291666626930237 0.5296875238418579 0.6166666746139526 0.53125 0.5916666388511658 0.528124988079071 0.5874999761581421 0.528124988079071 0.5770833492279053
0 0.5296875238418579 0.5729166865348816 0.528124988079071 0.574999988079071 0.5328124761581421 0.5979166626930237 0.53125 0.6166666746139526 0.526562511920929 0.6270833611488342 0.5296875238418579 0.6291666626930237 0.53125 0.637499988079071 0.535937488079071 0.637499988079071 0.5390625 0.6312500238418579 0.550000011920929 0.6333333253860474 0.551562488079071 0.6187499761581421 0.557812511920929 0.612500011920929 0.5562499761581421 0.6020833253860474 0.557812511920929 0.581250011920929
0 0.46875 0.612500011920929 0.46562498807907104 0.6229166388511658 0.45781248807907104 0.625 0.45781248807907104 0.6499999761581421 0.46562498807907104 0.6770833134651184 0.49531251192092896 0.668749988079071 0.49531251192092896 0.637499988079071 0.4906249940395355 0.6333333253860474 0.48750001192092896 0.6166666746139526 0.4781250059604645 0.6187499761581421 0.4749999940395355 0.612500011920929
0 0.40625 0.5 0.4046874940395355 0.5083333253860474 0.39531248807907104 0.5145833492279053 0.39531248807907104 0.5208333134651184 0.3984375 0.5249999761581421 0.3984375 0.5375000238418579 0.40937501192092896 0.5479166507720947 0.4234375059604645 0.5541666746139526 0.4359374940395355 0.5541666746139526 0.44062501192092896 0.5333333611488342 0.43437498807907104 0.5354166626930237 0.4312500059604645 0.53125 0.4296875 0.5145833492279053 0.42500001192092896 0.5104166865348816 0.42656248807907104 0.5
0 0.40937501192092896 0.5625 0.4078125059604645 0.5916666388511658 0.4124999940395355 0.5958333611488342 0.4156250059604645 0.6145833134651184 0.4453125 0.6083333492279053 0.4453125 0.5833333134651184 0.4390625059604645 0.5562499761581421 0.4296875 0.5583333373069763 0.4203124940395355 0.5541666746139526 0.41874998807907104 0.5604166388511658