0 0.5015624761581421 0.48750001192092896 0.4859375059604645 0.5375000238418579 0.49687498807907104 0.5458333492279053 0.5093749761581421 0.550000011920929 0.5249999761581421 0.5 0.5062500238418579 0.48750001192092896
0 0.643750011920929 0.5458333492279053 0.6343749761581421 0.543749988079071 0.6015625 0.550000011920929 0.6031249761581421 0.5833333134651184 0.6078125238418579 0.5854166746139526 0.645312488079071 0.5791666507720947
0 0.5531250238418579 0.47708332538604736 0.543749988079071 0.4749999940395355 0.510937511920929 0.48124998807907104 0.510937511920929 0.4895833432674408 0.526562511920929 0.5 0.5234375 0.5145833492279053 0.5546875 0.5104166865348816
0 0.510937511920929 0.625 0.49531251192092896 0.675000011920929 0.5062500238418579 0.6833333373069763 0.518750011920929 0.6875 0.534375011920929 0.637499988079071 0.515625 0.625
0 0.6015625 0.4958333373069763 0.598437488079071 0.4958333373069763 0.573437511920929 0.5354166626930237 0.573437511920929 0.5395833253860474 0.590624988079071 0.5583333373069763 0.59375 0.5583333373069763 0.6187499761581421 0.518750011920929 0.6187499761581421 0.5145833492279053
0 0.44843751192092896 0.5666666626930237 0.4390625059604645 0.5645833611488342 0.40625 0.5708333253860474 0.4078125059604645 0.6041666865348816 0.4124999940395355 0.606249988079071 0.44999998807907104 0.6000000238418579
0 0.5531250238418579 0.5874999761581421 0.5453125238418579 0.6104166507720947 0.5453125238418579 0.6208333373069763 0.582812488079071 0.6395833492279053 0.5874999761581421 0.6291666626930237 0.5921875238418579 0.606249988079071 0.5843750238418579 0.5979166626930237 0.5796874761581421 0.5979166626930237 0.567187488079071 0.5895833373069763
0 0.557812511920929 0.5041666626930237 0.5546875 0.512499988079071 0.5484374761581421 0.512499988079071 0.5296875238418579 0.543749988079071 0.5296875238418579 0.5479166507720947 0.546875 0.5666666626930237 0.550000011920929 0.5666666626930237 0.574999988079071 0.5270833373069763 0.574999988079071 0.5229166746139526
0 0.590624988079071 0.6187499761581421 0.5859375 0.637499988079071 0.582812488079071 0.6416666507720947 0.578125 0.6395833492279053 0.574999988079071 0.6416666507720947 0.5718749761581421 0.6708333492279053 0.5874999761581421 0.6770833134651184 0.596875011920929 0.6770833134651184 0.604687511920929 0.6333333253860474 0.604687511920929 0.6229166388511658
0 0.589062511920929 0.5645833611488342 0.581250011920929 0.5874999761581421 0.581250011920929 0.5958333611488342 0.598437488079071 0.6083333492279053 0.6187499761581421 0.6166666746139526 0.6234375238418579 0.606249988079071 0.628125011920929 0.5833333134651184 0.604687511920929 0.5874999761581421 0.6015625 0.5833333134651184 0.6000000238418579 0.5666666626930237
0 0.4609375 0.6000000238418579 0.4515624940395355 0.5979166626930237 0.44999998807907104 0.6020833253860474 0.43437498807907104 0.6041666865348816 0.4281249940395355 0.6395833492279053 0.4296875 0.6499999761581421 0.453125 0.6541666388511658 0.4609375 0.6104166507720947
0 0.4078125059604645 0.4749999940395355 0.4000000059604645 0.5291666388511658 0.4156250059604645 0.5354166626930237 0.42500001192092896 0.5354166626930237 0.43281251192092896 0.49166667461395264 0.43281251192092896 0.48124998807907104 0.4156250059604645 0.4749999940395355
0 0.543749988079071 0.6229166388511658 0.5406249761581421 0.6229166388511658 0.534375011920929 0.6312500238418579 0.535937488079071 0.6416666507720947 0.5249999761581421 0.6729166507720947 0.5249999761581421 0.6770833134651184 0.5328124761581421 0.6854166388511658 0.535937488079071 0.6854166388511658 0.5609375238418579 0.6458333134651184 0.5609375238418579 0.6416666507720947
0 0.4859375059604645 0.6291666626930237 0.4781250059604645 0.6833333373069763 0.4937500059604645 0.6895833611488342 0.503125011920929 0.6895833611488342 0.504687488079071 0.6833333373069763 0.49687498807907104 0.6791666746139526 0.4937500059604645 0.6708333492279053 0.5062500238418579 0.6354166865348816 0.4937500059604645 0.6291666626930237
0 0.543749988079071 0.5666666626930237 0.534375011920929 0.5645833611488342 0.5015624761581421 0.5708333253860474 0.503125011920929 0.6041666865348816 0.5078125 0.606249988079071 0.5453125238418579 0.6000000238418579