0 0.6578124761581421 0.6625000238418579 0.6484375 0.6604166626930237 0.6156250238418579 0.6666666865348816 0.6171875 0.699999988079071 0.621874988079071 0.7020833492279053 0.659375011920929 0.6958333253860474
0 0.6390625238418579 0.5729166865348816 0.6312500238418579 0.6270833611488342 0.6468750238418579 0.6333333253860474 0.65625 0.6333333253860474 0.6640625 0.5895833373069763 0.6640625 0.5791666507720947 0.6468750238418579 0.5729166865348816
0 0.598437488079071 0.4749999940395355 0.589062511920929 0.4729166626930237 0.5562499761581421 0.4791666567325592 0.557812511920929 0.512499988079071 0.5625 0.5145833492279053 0.6000000238418579 0.5083333253860474
0 0.48906248807907104 0.4791666567325592 0.48124998807907104 0.5020833611488342 0.48124998807907104 0.512499988079071 0.518750011920929 0.53125 0.5234375 0.5208333134651184 0.528124988079071 0.49791666865348816 0.520312488079071 0.4895833432674408 0.515625 0.4895833432674408 0.503125011920929 0.48124998807907104
0 0.5562499761581421 0.637499988079071 0.5484374761581421 0.6916666626930237 0.5640624761581421 0.6979166865348816 0.573437511920929 0.6979166865348816 0.581250011920929 0.6541666388511658 0.581250011920929 0.643750011920929 0.5640624761581421 0.637499988079071
0 0.659375011920929 0.5020833611488342 0.643750011920929 0.5520833134651184 0.6546875238418579 0.5604166388511658 0.667187511920929 0.5645833611488342 0.682812511920929 0.5145833492279053 0.6640625 0.5020833611488342
0 0.612500011920929 0.4729166626930237 0.609375 0.4729166626930237 0.6000000238418579 0.48750001192092896 0.6015625 0.5083333253860474 0.5843750238418579 0.512499988079071 0.5843750238418579 0.5166666507720947 0.6015625 0.5354166626930237 0.604687511920929 0.5354166626930237 0.629687488079071 0.4958333373069763 0.629687488079071 0.49166667461395264
0 0.4828124940395355 0.5770833492279053 0.47343748807907104 0.574999988079071 0.44062501192092896 0.581250011920929 0.44218748807907104 0.6145833134651184 0.4468750059604645 0.6166666746139526 0.484375 0.6104166507720947
0 0.4046874940395355 0.6729166507720947 0.3968749940395355 0.6958333253860474 0.3968749940395355 0.706250011920929 0.43437498807907104 0.7250000238418579 0.4390625059604645 0.7145833373069763 0.4437499940395355 0.6916666626930237 0.4359374940395355 0.6833333373069763 0.4312500059604645 0.6833333373069763 0.41874998807907104 0.675000011920929
0 0.40312498807907104 0.47708332538604736 0.39531248807907104 0.53125 0.41093748807907104 0.5375000238418579 0.4203124940395355 0.5375000238418579 0.4281249940395355 0.4937500059604645 0.4281249940395355 0.4833333194255829 0.41093748807907104 0.47708332538604736
0 0.6109374761581421 0.6083333492279053 0.5953124761581421 0.6583333611488342 0.614062488079071 0.6708333492279053 0.6156250238418579 0.6645833253860474 0.621874988079071 0.6625000238418579 0.6312500238418579 0.6354166865348816 0.6312500238418579 0.6291666626930237 0.628125011920929 0.6166666746139526 0.6156250238418579 0.6083333492279053
0 0.4515624940395355 0.6354166865348816 0.4359374940395355 0.6812499761581421 0.4468750059604645 0.6937500238418579 0.4593749940395355 0.6979166865348816 0.4749999940395355 0.6479166746139526 0.45625001192092896 0.6354166865348816
0 0.5687500238418579 0.5354166626930237 0.5609375238418579 0.5895833373069763 0.5765625238418579 0.5958333611488342 0.5859375 0.5958333611488342 0.59375 0.5520833134651184 0.59375 0.5416666865348816 0.5765625238418579 0.5354166626930237
0 0.5375000238418579 0.6479166746139526 0.534375011920929 0.6479166746139526 0.5093749761581421 0.6875 0.5093749761581421 0.6916666626930237 0.526562511920929 0.7104166746139526 0.5296875238418579 0.7104166746139526 0.5484374761581421 0.6812499761581421 0.550000011920929 0.6625000238418579
0 0.47343748807907104 0.6645833253860474 0.46562498807907104 0.71875 0.48124998807907104 0.7250000238418579 0.4906249940395355 0.7250000238418579 0.4984374940395355 0.6812499761581421 0.4984374940395355 0.6708333492279053 0.48124998807907104 0.6645833253860474
0 0.606249988079071 0.5354166626930237 0.6031249761581421 0.5416666865348816 0.596875011920929 0.5895833373069763 0.612500011920929 0.5958333611488342 0.621874988079071 0.5958333611488342 0.629687488079071 0.5520833134651184 0.629687488079071 0.5416666865348816