0 0.5562499761581421 0.5916666388511658 0.5484374761581421 0.6145833134651184 0.5484374761581421 0.625 0.5859375 0.643750011920929 0.590624988079071 0.6333333253860474 0.5953124761581421 0.6104166507720947 0.5874999761581421 0.6020833253860474 0.582812488079071 0.6020833253860474 0.5703125 0.59375
0 0.5296875238418579 0.5020833611488342 0.520312488079071 0.5 0.48750001192092896 0.5062500238418579 0.48906248807907104 0.5395833253860474 0.4937500059604645 0.5416666865348816 0.53125 0.5354166626930237
0 0.4859375059604645 0.5541666746139526 0.4828124940395355 0.5541666746139526 0.45781248807907104 0.59375 0.45781248807907104 0.5979166626930237 0.4749999940395355 0.6166666746139526 0.4781250059604645 0.6166666746139526 0.503125011920929 0.5770833492279053 0.503125011920929 0.5729166865348816
0 0.4593749940395355 0.6604166626930237 0.4437499940395355 0.7104166746139526 0.4546875059604645 0.71875 0.4671874940395355 0.7229166626930237 0.4828124940395355 0.6729166507720947 0.46406251192092896 0.6604166626930237
0 0.635937511920929 0.6166666746139526 0.620312511920929 0.6666666865348816 0.6312500238418579 0.675000011920929 0.643750011920929 0.6791666746139526 0.659375011920929 0.6291666626930237 0.640625 0.6166666746139526
0 0.557812511920929 0.643750011920929 0.5484374761581421 0.6416666507720947 0.515625 0.6479166746139526 0.5171874761581421 0.6812499761581421 0.5218750238418579 0.6833333373069763 0.559374988079071 0.6770833134651184
0 0.6468750238418579 0.48750001192092896 0.6390625238418579 0.5416666865348816 0.6546875238418579 0.5479166507720947 0.6640625 0.5479166507720947 0.671875 0.5041666626930237 0.671875 0.4937500059604645 0.6546875238418579 0.48750001192092896
0 0.44062501192092896 0.6145833134651184 0.43281251192092896 0.668749988079071 0.453125 0.675000011920929 0.45625001192092896 0.6625000238418579 0.4609375 0.6583333611488342 0.46562498807907104 0.6208333373069763 0.44843751192092896 0.6145833134651184
0 0.4859375059604645 0.606249988079071 0.4749999940395355 0.6229166388511658 0.4703125059604645 0.6604166626930237 0.4859375059604645 0.6666666865348816 0.49531251192092896 0.6666666865348816 0.503125011920929 0.6229166388511658 0.503125011920929 0.612500011920929
0 0.4437499940395355 0.4958333373069763 0.44062501192092896 0.4958333373069763 0.4156250059604645 0.5354166626930237 0.4156250059604645 0.5395833253860474 0.43281251192092896 0.5583333373069763 0.4359374940395355 0.5583333373069763 0.4609375 0.518750011920929 0.4609375 0.5145833492279053
0 0.5843750238418579 0.5104166865348816 0.574999988079071 0.5083333253860474 0.542187511920929 0.5145833492279053 0.543749988079071 0.5479166507720947 0.5484374761581421 0.550000011920929 0.5859375 0.543749988079071
0 0.645312488079071 0.4729166626930237 0.635937511920929 0.47083333134651184 0.6031249761581421 0.47708332538604736 0.604687511920929 0.5104166865348816 0.609375 0.512499988079071 0.6421874761581421 0.5062500238418579 0.645312488079071 0.49166667461395264