0 0.625 0.5375000238418579 0.6171875 0.5916666388511658 0.6328125 0.5979166626930237 0.6421874761581421 0.5979166626930237 0.6499999761581421 0.5541666746139526 0.6499999761581421 0.543749988079071 0.6328125 0.5375000238418579
0 0.5625 0.6145833134651184 0.5546875 0.668749988079071 0.5703125 0.675000011920929 0.5796874761581421 0.675000011920929 0.5874999761581421 0.6312500238418579 0.5874999761581421 0.6208333373069763 0.5703125 0.6145833134651184
0 0.4671874940395355 0.5145833492279053 0.46406251192092896 0.5145833492279053 0.4390625059604645 0.5541666746139526 0.4390625059604645 0.5583333373069763 0.45625001192092896 0.5770833492279053 0.4593749940395355 0.5770833492279053 0.484375 0.5375000238418579 0.484375 0.5333333611488342
0 0.4781250059604645 0.5666666626930237 0.46875 0.5645833611488342 0.4593749940395355 0.5791666507720947 0.45625001192092896 0.5791666507720947 0.4468750059604645 0.5687500238418579 0.4359374940395355 0.5708333253860474 0.4375 0.6041666865348816 0.44218748807907104 0.606249988079071 0.47968751192092896 0.6000000238418579
0 0.5015624761581421 0.606249988079071 0.4937500059604645 0.6291666626930237 0.4937500059604645 0.6395833492279053 0.53125 0.6583333611488342 0.535937488079071 0.6479166746139526 0.5406249761581421 0.625 0.5328124761581421 0.6166666746139526 0.528124988079071 0.6166666746139526 0.515625 0.6083333492279053
0 0.43437498807907104 0.49166667461395264 0.41874998807907104 0.5416666865348816 0.4375 0.5541666746139526 0.44843751192092896 0.5375000238418579 0.45781248807907104 0.5041666626930237 0.4390625059604645 0.49166667461395264
0 0.6468750238418579 0.6479166746139526 0.637499988079071 0.6458333134651184 0.604687511920929 0.6520833373069763 0.606249988079071 0.6854166388511658 0.6109374761581421 0.6875 0.6484375 0.6812499761581421
0 0.659375011920929 0.6041666865348816 0.6468750238418579 0.6395833492279053 0.6484375 0.6583333611488342 0.6625000238418579 0.6666666865348816 0.667187511920929 0.6666666865348816 0.682812511920929 0.6166666746139526 0.6640625 0.6041666865348816
0 0.4468750059604645 0.6145833134651184 0.4312500059604645 0.6645833253860474 0.44218748807907104 0.6729166507720947 0.4546875059604645 0.6770833134651184 0.4703125059604645 0.6270833611488342 0.4515624940395355 0.6145833134651184
0 0.41093748807907104 0.5979166626930237 0.39531248807907104 0.6479166746139526 0.40625 0.65625 0.41874998807907104 0.6604166626930237 0.43437498807907104 0.6104166507720947 0.4156250059604645 0.5979166626930237
0 0.59375 0.6729166507720947 0.5843750238418579 0.6708333492279053 0.5796874761581421 0.6770833134651184 0.5687500238418579 0.675000011920929 0.551562488079071 0.6770833134651184 0.5531250238418579 0.7104166746139526 0.557812511920929 0.7124999761581421 0.5953124761581421 0.706250011920929
0 0.42656248807907104 0.6416666507720947 0.4203124940395355 0.6583333611488342 0.4156250059604645 0.6958333253860474 0.4312500059604645 0.7020833492279053 0.44062501192092896 0.7020833492279053 0.4453125 0.675000011920929 0.4296875 0.6645833253860474 0.4359374940395355 0.643750011920929
0 0.551562488079071 0.5062500238418579 0.5484374761581421 0.5062500238418579 0.5234375 0.5458333492279053 0.5234375 0.550000011920929 0.5406249761581421 0.5687500238418579 0.543749988079071 0.5687500238418579 0.5687500238418579 0.5291666388511658 0.5687500238418579 0.5249999761581421