0 0.4625000059604645 0.5062500238418579 0.453125 0.5041666626930237 0.4203124940395355 0.5104166865348816 0.421875 0.543749988079071 0.42656248807907104 0.5458333492279053 0.46406251192092896 0.5395833253860474
0 0.6234375238418579 0.550000011920929 0.620312511920929 0.550000011920929 0.5953124761581421 0.5895833373069763 0.5953124761581421 0.59375 0.612500011920929 0.612500011920929 0.6156250238418579 0.612500011920929 0.640625 0.5729166865348816 0.640625 0.5687500238418579
0 0.48750001192092896 0.5041666626930237 0.47968751192092896 0.5583333373069763 0.49531251192092896 0.5645833611488342 0.504687488079071 0.5645833611488342 0.512499988079071 0.5208333134651184 0.512499988079071 0.5104166865348816 0.49531251192092896 0.5041666626930237
0 0.5703125 0.6041666865348816 0.5625 0.6270833611488342 0.5625 0.637499988079071 0.6000000238418579 0.65625 0.604687511920929 0.6458333134651184 0.609375 0.6229166388511658 0.6015625 0.6145833134651184 0.596875011920929 0.6145833134651184 0.5843750238418579 0.606249988079071
0 0.635937511920929 0.59375 0.6328125 0.59375 0.6078125238418579 0.6354166865348816 0.625 0.65625 0.628125011920929 0.65625 0.653124988079071 0.6166666746139526 0.653124988079071 0.612500011920929
0 0.551562488079071 0.6479166746139526 0.5484374761581421 0.6479166746139526 0.5234375 0.6875 0.5234375 0.6916666626930237 0.5406249761581421 0.7104166746139526 0.543749988079071 0.7104166746139526 0.5687500238418579 0.6708333492279053 0.5687500238418579 0.6666666865348816
0 0.46562498807907104 0.5541666746139526 0.44999998807907104 0.6041666865348816 0.4609375 0.612500011920929 0.47343748807907104 0.6166666746139526 0.48906248807907104 0.5666666626930237 0.4703125059604645 0.5541666746139526
0 0.40937501192092896 0.6625000238418579 0.39375001192092896 0.7124999761581421 0.4046874940395355 0.7208333611488342 0.41718751192092896 0.7250000238418579 0.43281251192092896 0.675000011920929 0.4140625 0.6625000238418579
0 0.4906249940395355 0.6895833611488342 0.48124998807907104 0.6875 0.44843751192092896 0.6937500238418579 0.44999998807907104 0.7270833253860474 0.4546875059604645 0.7291666865348816 0.4921875 0.7229166626930237
0 0.6546875238418579 0.5416666865348816 0.6468750238418579 0.5958333611488342 0.6625000238418579 0.6020833253860474 0.671875 0.6020833253860474 0.6796875 0.5583333373069763 0.6796875 0.5479166507720947 0.6625000238418579 0.5416666865348816
0 0.609375 0.4833333194255829 0.6015625 0.5375000238418579 0.6171875 0.543749988079071 0.6265624761581421 0.543749988079071 0.6343749761581421 0.5 0.6343749761581421 0.4895833432674408 0.6171875 0.4833333194255829
0 0.512499988079071 0.5229166746139526 0.5062500238418579 0.5645833611488342 0.504687488079071 0.5666666626930237 0.4937500059604645 0.5645833611488342 0.4921875 0.5729166865348816 0.503125011920929 0.581250011920929 0.515625 0.5854166746139526 0.53125 0.5354166626930237