0 0.518750011920929 0.512499988079071 0.510937511920929 0.5666666626930237 0.526562511920929 0.5729166865348816 0.535937488079071 0.5729166865348816 0.543749988079071 0.5291666388511658 0.543749988079071 0.518750011920929 0.526562511920929 0.512499988079071
0 0.46875 0.5770833492279053 0.453125 0.6270833611488342 0.46406251192092896 0.6354166865348816 0.4765625 0.6395833492279053 0.4921875 0.5895833373069763 0.47343748807907104 0.5770833492279053
0 0.421875 0.6270833611488342 0.41874998807907104 0.6270833611488342 0.39375001192092896 0.6666666865348816 0.39375001192092896 0.6708333492279053 0.41093748807907104 0.6895833611488342 0.4140625 0.6895833611488342 0.4390625059604645 0.6499999761581421 0.4390625059604645 0.6458333134651184
0 0.542187511920929 0.5458333492279053 0.5375000238418579 0.5729166865348816 0.528124988079071 0.5770833492279053 0.5234375 0.5958333611488342 0.534375011920929 0.6041666865348816 0.546875 0.6083333492279053 0.5625 0.5583333373069763
0 0.46406251192092896 0.5 0.4609375 0.5 0.4359374940395355 0.5395833253860474 0.4359374940395355 0.543749988079071 0.453125 0.5625 0.45625001192092896 0.5625 0.48124998807907104 0.5229166746139526 0.48124998807907104 0.518750011920929
0 0.5609375238418579 0.4729166626930237 0.5531250238418579 0.5270833373069763 0.5687500238418579 0.5333333611488342 0.578125 0.5333333611488342 0.5859375 0.4895833432674408 0.5859375 0.4791666567325592 0.5687500238418579 0.4729166626930237
0 0.59375 0.5416666865348816 0.578125 0.5916666388511658 0.589062511920929 0.6000000238418579 0.6015625 0.6041666865348816 0.6171875 0.5541666746139526 0.598437488079071 0.5416666865348816
0 0.4468750059604645 0.5687500238418579 0.4437499940395355 0.5687500238418579 0.41874998807907104 0.6083333492279053 0.41874998807907104 0.612500011920929 0.4359374940395355 0.6312500238418579 0.4390625059604645 0.6312500238418579 0.4593749940395355 0.6000000238418579 0.46406251192092896 0.5874999761581421
0 0.6265624761581421 0.5562499761581421 0.6187499761581421 0.5791666507720947 0.6187499761581421 0.5895833373069763 0.65625 0.6083333492279053 0.660937488079071 0.5979166626930237 0.6656249761581421 0.574999988079071 0.6578124761581421 0.5666666626930237 0.653124988079071 0.5666666626930237 0.640625 0.5583333373069763
0 0.590624988079071 0.46666666865348816 0.5874999761581421 0.4749999940395355 0.5874999761581421 0.4895833432674408 0.581250011920929 0.5208333134651184 0.59375 0.5291666388511658 0.598437488079071 0.5291666388511658 0.614062488079071 0.4791666567325592 0.5953124761581421 0.46666666865348816
0 0.5874999761581421 0.6583333611488342 0.578125 0.65625 0.5453125238418579 0.6625000238418579 0.546875 0.6958333253860474 0.551562488079071 0.6979166865348816 0.589062511920929 0.6916666626930237
0 0.6546875238418579 0.49791666865348816 0.651562511920929 0.49791666865348816 0.6265624761581421 0.5375000238418579 0.6265624761581421 0.5416666865348816 0.645312488079071 0.5604166388511658 0.653124988079071 0.5520833134651184 0.671875 0.5208333134651184 0.671875 0.5166666507720947
0 0.5093749761581421 0.5625 0.49531251192092896 0.5854166746139526 0.4921875 0.5958333611488342 0.5078125 0.6166666746139526 0.510937511920929 0.6166666746139526 0.5234375 0.5979166626930237 0.5218750238418579 0.5916666388511658 0.528124988079071 0.574999988079071 0.512499988079071 0.5708333253860474 0.5093749761581421 0.5666666626930237
0 0.625 0.49166667461395264 0.609375 0.5416666865348816 0.620312511920929 0.550000011920929 0.6328125 0.5541666746139526 0.6328125 0.550000011920929 0.625 0.5416666865348816 0.625 0.5375000238418579 0.6468750238418579 0.5020833611488342 0.629687488079071 0.49166667461395264