0 0.49531251192092896 0.6458333134651184 0.48750001192092896 0.668749988079071 0.48750001192092896 0.6791666746139526 0.5249999761581421 0.6979166865348816 0.5296875238418579 0.6875 0.534375011920929 0.6645833253860474 0.526562511920929 0.65625 0.5218750238418579 0.65625 0.5093749761581421 0.6479166746139526
0 0.6578124761581421 0.5479166507720947 0.6546875238418579 0.5479166507720947 0.629687488079071 0.5874999761581421 0.629687488079071 0.5916666388511658 0.6468750238418579 0.6104166507720947 0.6499999761581421 0.6104166507720947 0.675000011920929 0.5708333253860474 0.675000011920929 0.5666666626930237
0 0.43437498807907104 0.6395833492279053 0.4312500059604645 0.6395833492279053 0.40625 0.6791666746139526 0.40625 0.6833333373069763 0.4234375059604645 0.7020833492279053 0.42656248807907104 0.7020833492279053 0.4515624940395355 0.6625000238418579 0.4515624940395355 0.6583333611488342
0 0.4984374940395355 0.6229166388511658 0.48906248807907104 0.6208333373069763 0.45625001192092896 0.6270833611488342 0.45781248807907104 0.6604166626930237 0.4625000059604645 0.6625000238418579 0.48906248807907104 0.6583333611488342 0.4921875 0.6479166746139526 0.49531251192092896 0.643750011920929 0.5 0.643750011920929
0 0.6578124761581421 0.46875 0.6484375 0.46666666865348816 0.6156250238418579 0.4729166626930237 0.6171875 0.5062500238418579 0.621874988079071 0.5083333253860474 0.659375011920929 0.5020833611488342
0 0.6578124761581421 0.5062500238418579 0.651562511920929 0.5041666626930237 0.6312500238418579 0.5083333253860474 0.625 0.5458333492279053 0.6265624761581421 0.5562499761581421 0.640625 0.5604166388511658 0.6468750238418579 0.5583333373069763 0.653124988079071 0.543749988079071
0 0.5625 0.5375000238418579 0.546875 0.5874999761581421 0.557812511920929 0.5958333611488342 0.5703125 0.6000000238418579 0.5859375 0.550000011920929 0.567187488079071 0.5375000238418579
0 0.6390625238418579 0.6708333492279053 0.629687488079071 0.668749988079071 0.596875011920929 0.675000011920929 0.598437488079071 0.7083333134651184 0.6031249761581421 0.7104166746139526 0.640625 0.7041666507720947
0 0.5 0.5479166507720947 0.484375 0.5979166626930237 0.49531251192092896 0.606249988079071 0.5078125 0.6104166507720947 0.5234375 0.5604166388511658 0.504687488079071 0.5479166507720947
0 0.44062501192092896 0.46666666865348816 0.43281251192092896 0.4895833432674408 0.43281251192092896 0.5 0.4703125059604645 0.518750011920929 0.4749999940395355 0.5083333253860474 0.47968751192092896 0.4854166805744171 0.47187501192092896 0.47708332538604736 0.4671874940395355 0.47708332538604736 0.4546875059604645 0.46875
0 0.47968751192092896 0.5479166507720947 0.46406251192092896 0.5979166626930237 0.4749999940395355 0.606249988079071 0.48750001192092896 0.6104166507720947 0.48906248807907104 0.6041666865348816 0.4828124940395355 0.5979166626930237 0.4828124940395355 0.59375 0.49531251192092896 0.5562499761581421 0.484375 0.5479166507720947