0 0.528124988079071 0.6020833253860474 0.520312488079071 0.65625 0.535937488079071 0.6625000238418579 0.5453125238418579 0.6625000238418579 0.5531250238418579 0.6187499761581421 0.5531250238418579 0.6083333492279053 0.535937488079071 0.6020833253860474
0 0.4937500059604645 0.4729166626930237 0.484375 0.47083333134651184 0.4515624940395355 0.47708332538604736 0.453125 0.5104166865348816 0.45781248807907104 0.512499988079071 0.49531251192092896 0.5062500238418579
0 0.5546875 0.65625 0.546875 0.7104166746139526 0.5625 0.7166666388511658 0.5718749761581421 0.7166666388511658 0.5796874761581421 0.6729166507720947 0.5796874761581421 0.6625000238418579 0.5625 0.65625
0 0.46406251192092896 0.6208333373069763 0.45625001192092896 0.675000011920929 0.47187501192092896 0.6812499761581421 0.48124998807907104 0.6812499761581421 0.48906248807907104 0.637499988079071 0.48906248807907104 0.6270833611488342 0.47187501192092896 0.6208333373069763
0 0.5874999761581421 0.6187499761581421 0.578125 0.6166666746139526 0.5531250238418579 0.6208333373069763 0.5484374761581421 0.6583333611488342 0.551562488079071 0.6583333611488342 0.5546875 0.6541666388511658 0.565625011920929 0.65625 0.589062511920929 0.6520833373069763
0 0.4984374940395355 0.5791666507720947 0.48906248807907104 0.5770833492279053 0.45625001192092896 0.5833333134651184 0.45781248807907104 0.6166666746139526 0.4625000059604645 0.6187499761581421 0.5 0.612500011920929
0 0.5296875238418579 0.5958333611488342 0.5296875238418579 0.5770833492279053 0.526562511920929 0.5604166388511658 0.4859375059604645 0.5666666626930237 0.4859375059604645 0.5770833492279053 0.49687498807907104 0.574999988079071 0.5 0.5791666507720947 0.5015624761581421 0.6000000238418579
0 0.4375 0.5249999761581421 0.43437498807907104 0.5249999761581421 0.40937501192092896 0.5645833611488342 0.40937501192092896 0.5687500238418579 0.42656248807907104 0.5874999761581421 0.4296875 0.5874999761581421 0.4546875059604645 0.5479166507720947 0.4546875059604645 0.543749988079071
0 0.41718751192092896 0.59375 0.40156251192092896 0.643750011920929 0.4124999940395355 0.6520833373069763 0.42500001192092896 0.65625 0.44062501192092896 0.606249988079071 0.421875 0.59375
0 0.5218750238418579 0.6312500238418579 0.4906249940395355 0.637499988079071 0.48906248807907104 0.6395833492279053 0.4906249940395355 0.6708333492279053 0.49531251192092896 0.6729166507720947 0.5328124761581421 0.6666666865348816 0.5328124761581421 0.6625000238418579 0.5218750238418579 0.6604166626930237 0.518750011920929 0.65625
0 0.4984374940395355 0.5145833492279053 0.48906248807907104 0.512499988079071 0.45625001192092896 0.518750011920929 0.45781248807907104 0.5520833134651184 0.4625000059604645 0.5541666746139526 0.5 0.5479166507720947
0 0.653124988079071 0.6541666388511658 0.643750011920929 0.6520833373069763 0.6109374761581421 0.6583333611488342 0.612500011920929 0.6916666626930237 0.6171875 0.6937500238418579 0.6546875238418579 0.6875
0 0.550000011920929 0.5562499761581421 0.542187511920929 0.6020833253860474 0.5531250238418579 0.606249988079071 0.5546875 0.6145833134651184 0.557812511920929 0.6166666746139526 0.567187488079071 0.6166666746139526 0.574999988079071 0.5729166865348816 0.574999988079071 0.5625 0.557812511920929 0.5562499761581421
0 0.5140625238418579 0.4749999940395355 0.5062500238418579 0.49791666865348816 0.5062500238418579 0.5083333253860474 0.543749988079071 0.5270833373069763 0.5484374761581421 0.5166666507720947 0.5531250238418579 0.4937500059604645 0.5453125238418579 0.4854166805744171 0.5406249761581421 0.4854166805744171 0.528124988079071 0.47708332538604736
0 0.5531250238418579 0.49166667461395264 0.5546875 0.5 0.550000011920929 0.5166666507720947 0.543749988079071 0.5291666388511658 0.5375000238418579 0.5270833373069763 0.534375011920929 0.5416666865348816 0.5453125238418579 0.550000011920929 0.557812511920929 0.5541666746139526 0.573437511920929 0.5041666626930237
0 0.44218748807907104 0.6499999761581421 0.4312500059604645 0.643750011920929 0.42500001192092896 0.6583333611488342 0.4124999940395355 0.6541666388511658 0.40312498807907104 0.6875 0.4140625 0.6958333253860474 0.42656248807907104 0.699999988079071
0 0.614062488079071 0.5729166865348816 0.606249988079071 0.6270833611488342 0.621874988079071 0.6333333253860474 0.6312500238418579 0.6333333253860474 0.6390625238418579 0.5895833373069763 0.6390625238418579 0.5791666507720947 0.621874988079071 0.5729166865348816
0 0.609375 0.48750001192092896 0.606249988079071 0.48750001192092896 0.581250011920929 0.5270833373069763 0.581250011920929 0.53125 0.598437488079071 0.550000011920929 0.6015625 0.550000011920929 0.6265624761581421 0.5104166865348816 0.6265624761581421 0.5062500238418579