0 0.598437488079071 0.6187499761581421 0.589062511920929 0.6166666746139526 0.5562499761581421 0.6229166388511658 0.557812511920929 0.65625 0.5625 0.6583333611488342 0.6000000238418579 0.6520833373069763
0 0.6546875238418579 0.5604166388511658 0.6468750238418579 0.6145833134651184 0.6625000238418579 0.6208333373069763 0.671875 0.6208333373069763 0.6796875 0.5770833492279053 0.6796875 0.5666666626930237 0.6625000238418579 0.5604166388511658
0 0.44999998807907104 0.4895833432674408 0.44062501192092896 0.48750001192092896 0.4078125059604645 0.4937500059604645 0.40937501192092896 0.5270833373069763 0.4140625 0.5291666388511658 0.4515624940395355 0.5229166746139526
0 0.629687488079071 0.5729166865348816 0.614062488079071 0.6229166388511658 0.625 0.6312500238418579 0.637499988079071 0.6354166865348816 0.645312488079071 0.612500011920929 0.6499999761581421 0.5833333134651184 0.6343749761581421 0.5729166865348816
0 0.4765625 0.5229166746139526 0.46875 0.5458333492279053 0.46875 0.5562499761581421 0.5062500238418579 0.574999988079071 0.510937511920929 0.5645833611488342 0.515625 0.5416666865348816 0.5078125 0.5333333611488342 0.503125011920929 0.5333333611488342 0.4906249940395355 0.5249999761581421
0 0.44062501192092896 0.6312500238418579 0.43281251192092896 0.6854166388511658 0.44843751192092896 0.6916666626930237 0.45781248807907104 0.6916666626930237 0.46562498807907104 0.6479166746139526 0.46562498807907104 0.637499988079071 0.44843751192092896 0.6312500238418579
0 0.612500011920929 0.625 0.598437488079071 0.6729166507720947 0.609375 0.6812499761581421 0.621874988079071 0.6854166388511658 0.637499988079071 0.637499988079071 0.6328125 0.637499988079071
0 0.41874998807907104 0.5645833611488342 0.40312498807907104 0.6145833134651184 0.4140625 0.6229166388511658 0.42656248807907104 0.6270833611488342 0.44218748807907104 0.5770833492279053 0.4234375059604645 0.5645833611488342
0 0.5874999761581421 0.6875 0.578125 0.6854166388511658 0.5453125238418579 0.6916666626930237 0.546875 0.7250000238418579 0.551562488079071 0.7270833253860474 0.589062511920929 0.7208333611488342
0 0.5296875238418579 0.6916666626930237 0.543749988079071 0.699999988079071 0.5453125238418579 0.6895833611488342 0.574999988079071 0.6854166388511658 0.5765625238418579 0.6770833134651184 0.5687500238418579 0.668749988079071 0.5640624761581421 0.668749988079071 0.551562488079071 0.6604166626930237 0.5375000238418579 0.6583333611488342 0.5296875238418579 0.6812499761581421
0 0.6421874761581421 0.5270833373069763 0.6265624761581421 0.5770833492279053 0.629687488079071 0.5708333253860474 0.6343749761581421 0.5708333253860474 0.6499999761581421 0.581250011920929 0.653124988079071 0.5604166388511658 0.660937488079071 0.5583333373069763 0.6656249761581421 0.5395833253860474 0.6468750238418579 0.5270833373069763
0 0.621874988079071 0.48124998807907104 0.614062488079071 0.5041666626930237 0.614062488079071 0.5145833492279053 0.635937511920929 0.5270833373069763 0.6468750238418579 0.5249999761581421 0.653124988079071 0.5291666388511658 0.660937488079071 0.5062500238418579 0.660937488079071 0.5 0.653124988079071 0.49166667461395264 0.6484375 0.49166667461395264 0.635937511920929 0.4833333194255829