0 0.667187511920929 0.625 0.6578124761581421 0.6229166388511658 0.625 0.6291666626930237 0.6265624761581421 0.6625000238418579 0.6312500238418579 0.6645833253860474 0.668749988079071 0.6583333611488342
0 0.6312500238418579 0.5916666388511658 0.621874988079071 0.5895833373069763 0.589062511920929 0.5958333611488342 0.590624988079071 0.6291666626930237 0.5953124761581421 0.6312500238418579 0.6328125 0.625
0 0.5218750238418579 0.6395833492279053 0.5140625238418579 0.6625000238418579 0.5140625238418579 0.6729166507720947 0.551562488079071 0.6916666626930237 0.5562499761581421 0.6812499761581421 0.5609375238418579 0.6583333611488342 0.5531250238418579 0.6499999761581421 0.5484374761581421 0.6499999761581421 0.535937488079071 0.6416666507720947
0 0.534375011920929 0.5770833492279053 0.526562511920929 0.6312500238418579 0.542187511920929 0.637499988079071 0.551562488079071 0.637499988079071 0.559374988079071 0.59375 0.559374988079071 0.5833333134651184 0.542187511920929 0.5770833492279053
0 0.49687498807907104 0.4937500059604645 0.48906248807907104 0.5166666507720947 0.48906248807907104 0.5270833373069763 0.526562511920929 0.5458333492279053 0.53125 0.5354166626930237 0.535937488079071 0.512499988079071 0.528124988079071 0.5041666626930237 0.5234375 0.5041666626930237 0.510937511920929 0.4958333373069763
0 0.4281249940395355 0.574999988079071 0.42500001192092896 0.574999988079071 0.4000000059604645 0.6145833134651184 0.4000000059604645 0.6187499761581421 0.41718751192092896 0.637499988079071 0.4203124940395355 0.637499988079071 0.4453125 0.5979166626930237 0.4453125 0.59375
0 0.651562511920929 0.6812499761581421 0.6421874761581421 0.6791666746139526 0.609375 0.6854166388511658 0.6109374761581421 0.71875 0.6156250238418579 0.7208333611488342 0.653124988079071 0.7145833373069763
0 0.5874999761581421 0.4729166626930237 0.5796874761581421 0.4958333373069763 0.5796874761581421 0.5062500238418579 0.6171875 0.5249999761581421 0.621874988079071 0.5145833492279053 0.6265624761581421 0.49166667461395264 0.6187499761581421 0.4833333194255829 0.614062488079071 0.4833333194255829 0.6015625 0.4749999940395355
0 0.6000000238418579 0.6541666388511658 0.5921875238418579 0.7083333134651184 0.609375 0.7145833373069763 0.6078125238418579 0.6854166388511658 0.6156250238418579 0.6812499761581421 0.6234375238418579 0.6812499761581421 0.625 0.6604166626930237
0 0.643750011920929 0.5583333373069763 0.640625 0.5583333373069763 0.620312511920929 0.5895833373069763 0.629687488079071 0.5874999761581421 0.6328125 0.5916666388511658 0.6343749761581421 0.6208333373069763 0.6421874761581421 0.612500011920929 0.660937488079071 0.581250011920929 0.660937488079071 0.5770833492279053
0 0.42500001192092896 0.6499999761581421 0.40937501192092896 0.699999988079071 0.4203124940395355 0.7083333134651184 0.43281251192092896 0.7124999761581421 0.44843751192092896 0.6625000238418579 0.4296875 0.6499999761581421
0 0.4609375 0.4895833432674408 0.453125 0.543749988079071 0.46875 0.550000011920929 0.4781250059604645 0.550000011920929 0.4859375059604645 0.5062500238418579 0.4859375059604645 0.4958333373069763 0.46875 0.4895833432674408
0 0.48750001192092896 0.6833333373069763 0.4781250059604645 0.6812499761581421 0.4453125 0.6875 0.4468750059604645 0.7208333611488342 0.4515624940395355 0.7229166626930237 0.48906248807907104 0.7166666388511658
0 0.557812511920929 0.606249988079071 0.5531250238418579 0.637499988079071 0.5453125238418579 0.6395833492279053 0.582812488079071 0.6583333611488342 0.590624988079071 0.6354166865348816 0.589062511920929 0.6229166388511658 0.5843750238418579 0.6166666746139526
0 0.637499988079071 0.5104166865348816 0.625 0.5062500238418579 0.6234375238418579 0.5145833492279053 0.6171875 0.5270833373069763 0.609375 0.5249999761581421 0.604687511920929 0.550000011920929 0.606249988079071 0.5604166388511658 0.629687488079071 0.5645833611488342 0.637499988079071 0.5208333134651184
0 0.44218748807907104 0.6333333253860474 0.4359374940395355 0.6520833373069763 0.44999998807907104 0.6625000238418579 0.4468750059604645 0.6729166507720947 0.4609375 0.6812499761581421 0.47343748807907104 0.6812499761581421 0.48124998807907104 0.6583333611488342 0.48124998807907104 0.6520833373069763 0.47343748807907104 0.643750011920929 0.46875 0.643750011920929 0.45625001192092896 0.6354166865348816
0 0.49531251192092896 0.6458333134651184 0.484375 0.6791666746139526 0.48906248807907104 0.6833333373069763 0.4906249940395355 0.7041666507720947 0.503125011920929 0.7083333134651184 0.5140625238418579 0.6770833134651184 0.512499988079071 0.6625000238418579 0.515625 0.65625 0.5 0.6458333134651184