0 0.5062500238418579 0.6000000238418579 0.4984374940395355 0.6541666388511658 0.5140625238418579 0.6604166626930237 0.5234375 0.6604166626930237 0.53125 0.6166666746139526 0.53125 0.606249988079071 0.5140625238418579 0.6000000238418579
0 0.590624988079071 0.6312500238418579 0.582812488079071 0.6854166388511658 0.598437488079071 0.6916666626930237 0.6078125238418579 0.6916666626930237 0.6156250238418579 0.6479166746139526 0.6156250238418579 0.637499988079071 0.598437488079071 0.6312500238418579
0 0.635937511920929 0.5895833373069763 0.6265624761581421 0.5874999761581421 0.59375 0.59375 0.5953124761581421 0.6270833611488342 0.6000000238418579 0.6291666626930237 0.637499988079071 0.6229166388511658
0 0.5609375238418579 0.5541666746139526 0.5531250238418579 0.5770833492279053 0.5531250238418579 0.5874999761581421 0.590624988079071 0.606249988079071 0.5921875238418579 0.59375 0.596875011920929 0.5895833373069763 0.6000000238418579 0.5729166865348816 0.5921875238418579 0.5645833611488342 0.5874999761581421 0.5645833611488342 0.574999988079071 0.5562499761581421
0 0.550000011920929 0.4895833432674408 0.542187511920929 0.543749988079071 0.557812511920929 0.550000011920929 0.567187488079071 0.550000011920929 0.574999988079071 0.5062500238418579 0.574999988079071 0.4958333373069763 0.557812511920929 0.4895833432674408
0 0.453125 0.5687500238418579 0.4453125 0.5916666388511658 0.4453125 0.6020833253860474 0.4828124940395355 0.6208333373069763 0.48750001192092896 0.6104166507720947 0.4921875 0.5874999761581421 0.484375 0.5791666507720947 0.47968751192092896 0.5791666507720947 0.4671874940395355 0.5708333253860474
0 0.5249999761581421 0.47083333134651184 0.5218750238418579 0.47083333134651184 0.49687498807907104 0.5104166865348816 0.49687498807907104 0.5145833492279053 0.5140625238418579 0.5333333611488342 0.5171874761581421 0.5333333611488342 0.542187511920929 0.4937500059604645 0.542187511920929 0.4895833432674408
0 0.4671874940395355 0.4729166626930237 0.4593749940395355 0.4958333373069763 0.4593749940395355 0.5062500238418579 0.49687498807907104 0.5249999761581421 0.5 0.518750011920929 0.49531251192092896 0.5145833492279053 0.49531251192092896 0.5104166865348816 0.5062500238418579 0.49166667461395264 0.4984374940395355 0.4833333194255829 0.4937500059604645 0.4833333194255829 0.48124998807907104 0.4749999940395355
0 0.620312511920929 0.4854166805744171 0.612500011920929 0.5083333253860474 0.612500011920929 0.518750011920929 0.6499999761581421 0.5375000238418579 0.6546875238418579 0.5270833373069763 0.659375011920929 0.5041666626930237 0.651562511920929 0.4958333373069763 0.6468750238418579 0.4958333373069763 0.6343749761581421 0.48750001192092896
0 0.5249999761581421 0.5229166746139526 0.5171874761581421 0.5354166626930237 0.5140625238418579 0.5354166626930237 0.5 0.5208333134651184 0.4828124940395355 0.5479166507720947 0.4828124940395355 0.5520833134651184 0.5 0.5708333253860474 0.503125011920929 0.5708333253860474 0.528124988079071 0.53125 0.528124988079071 0.5270833373069763
0 0.49687498807907104 0.6499999761581421 0.4921875 0.6666666865348816 0.4921875 0.6770833134651184 0.5296875238418579 0.6958333253860474 0.534375011920929 0.6854166388511658 0.5390625 0.6625000238418579 0.53125 0.6541666388511658 0.526562511920929 0.6541666388511658 0.5234375 0.6625000238418579 0.5 0.6583333611488342
0 0.40312498807907104 0.4958333373069763 0.39531248807907104 0.550000011920929 0.41093748807907104 0.5562499761581421 0.4203124940395355 0.5562499761581421 0.4281249940395355 0.512499988079071 0.4281249940395355 0.5020833611488342 0.41093748807907104 0.4958333373069763