0 0.5765625238418579 0.49791666865348816 0.5609375238418579 0.5479166507720947 0.5718749761581421 0.5562499761581421 0.5843750238418579 0.5604166388511658 0.6000000238418579 0.5104166865348816 0.581250011920929 0.49791666865348816
0 0.45781248807907104 0.5354166626930237 0.44218748807907104 0.5854166746139526 0.453125 0.59375 0.46562498807907104 0.5979166626930237 0.48124998807907104 0.5479166507720947 0.4625000059604645 0.5354166626930237
0 0.6015625 0.6041666865348816 0.59375 0.6583333611488342 0.609375 0.6645833253860474 0.6187499761581421 0.6645833253860474 0.6265624761581421 0.6208333373069763 0.6265624761581421 0.6104166507720947 0.609375 0.6041666865348816
0 0.635937511920929 0.4791666567325592 0.620312511920929 0.5291666388511658 0.6312500238418579 0.5375000238418579 0.643750011920929 0.5416666865348816 0.659375011920929 0.49166667461395264 0.640625 0.4791666567325592
0 0.4375 0.47083333134651184 0.4296875 0.5249999761581421 0.4453125 0.53125 0.4546875059604645 0.53125 0.4625000059604645 0.48750001192092896 0.4625000059604645 0.47708332538604736 0.4453125 0.47083333134651184
0 0.609375 0.512499988079071 0.6015625 0.5354166626930237 0.6015625 0.5458333492279053 0.6390625238418579 0.5645833611488342 0.6484375 0.53125 0.645312488079071 0.5416666865348816 0.6390625238418579 0.543749988079071 0.6187499761581421 0.5291666388511658 0.621874988079071 0.5145833492279053
0 0.4828124940395355 0.5979166626930237 0.47968751192092896 0.5979166626930237 0.4546875059604645 0.637499988079071 0.4546875059604645 0.6416666507720947 0.47187501192092896 0.6604166626930237 0.4749999940395355 0.6604166626930237 0.5 0.6208333373069763 0.5 0.6166666746139526
0 0.49531251192092896 0.6395833492279053 0.4921875 0.6395833492279053 0.4671874940395355 0.6791666746139526 0.4671874940395355 0.6833333373069763 0.484375 0.7020833492279053 0.48750001192092896 0.7020833492279053 0.512499988079071 0.6625000238418579 0.512499988079071 0.6583333611488342
0 0.5484374761581421 0.5416666865348816 0.5328124761581421 0.5916666388511658 0.543749988079071 0.6000000238418579 0.5562499761581421 0.6041666865348816 0.5718749761581421 0.5583333373069763 0.5625 0.5520833134651184 0.559374988079071 0.5458333492279053
0 0.4671874940395355 0.4937500059604645 0.4609375 0.5333333611488342 0.47968751192092896 0.543749988079071 0.4828124940395355 0.5479166507720947 0.48124998807907104 0.5541666746139526 0.484375 0.5541666746139526 0.4921875 0.5104166865348816 0.4921875 0.5 0.4749999940395355 0.4937500059604645
0 0.5171874761581421 0.5458333492279053 0.5093749761581421 0.6000000238418579 0.5249999761581421 0.606249988079071 0.534375011920929 0.606249988079071 0.535937488079071 0.5958333611488342 0.53125 0.5916666388511658 0.53125 0.5874999761581421 0.542187511920929 0.5520833134651184
0 0.5703125 0.606249988079071 0.5546875 0.65625 0.565625011920929 0.6645833253860474 0.578125 0.668749988079071 0.59375 0.6187499761581421 0.574999988079071 0.606249988079071