0 0.40937501192092896 0.6270833611488342 0.40156251192092896 0.6499999761581421 0.40156251192092896 0.6604166626930237 0.4390625059604645 0.6791666746139526 0.4437499940395355 0.668749988079071 0.44843751192092896 0.6458333134651184 0.44062501192092896 0.637499988079071 0.4359374940395355 0.637499988079071 0.4234375059604645 0.6291666626930237
0 0.651562511920929 0.5145833492279053 0.6484375 0.5145833492279053 0.6234375238418579 0.5541666746139526 0.6234375238418579 0.5583333373069763 0.640625 0.5770833492279053 0.643750011920929 0.5770833492279053 0.668749988079071 0.5375000238418579 0.668749988079071 0.5333333611488342
0 0.5765625238418579 0.6145833134651184 0.5687500238418579 0.637499988079071 0.5687500238418579 0.6479166746139526 0.606249988079071 0.6666666865348816 0.6109374761581421 0.65625 0.6156250238418579 0.6333333253860474 0.6078125238418579 0.625 0.6031249761581421 0.625 0.590624988079071 0.6166666746139526
0 0.6265624761581421 0.5916666388511658 0.614062488079071 0.6270833611488342 0.6171875 0.6333333253860474 0.6156250238418579 0.6458333134651184 0.629687488079071 0.6541666388511658 0.6343749761581421 0.6541666388511658 0.6499999761581421 0.6041666865348816 0.6312500238418579 0.5916666388511658
0 0.41718751192092896 0.4729166626930237 0.40156251192092896 0.5229166746139526 0.4124999940395355 0.53125 0.42500001192092896 0.5354166626930237 0.44062501192092896 0.4854166805744171 0.421875 0.4729166626930237
0 0.6421874761581421 0.48750001192092896 0.6390625238418579 0.48750001192092896 0.614062488079071 0.5270833373069763 0.614062488079071 0.53125 0.625 0.543749988079071 0.628125011920929 0.543749988079071 0.6484375 0.512499988079071 0.65625 0.5166666507720947 0.659375011920929 0.5104166865348816 0.659375011920929 0.5062500238418579
0 0.528124988079071 0.6604166626930237 0.5249999761581421 0.6604166626930237 0.5 0.699999988079071 0.5 0.7041666507720947 0.5171874761581421 0.7229166626930237 0.520312488079071 0.7229166626930237 0.5453125238418579 0.6833333373069763 0.5453125238418579 0.6791666746139526
0 0.40625 0.6000000238418579 0.4000000059604645 0.6208333373069763 0.40156251192092896 0.6333333253860474 0.4046874940395355 0.6333333253860474 0.40937501192092896 0.625 0.4156250059604645 0.625 0.44218748807907104 0.637499988079071 0.4468750059604645 0.6229166388511658 0.4453125 0.6145833134651184 0.4390625059604645 0.6083333492279053 0.43437498807907104 0.6083333492279053 0.421875 0.6000000238418579 0.4140625 0.5979166626930237
0 0.557812511920929 0.6270833611488342 0.542187511920929 0.6729166507720947 0.546875 0.6812499761581421 0.5609375238418579 0.6895833611488342 0.565625011920929 0.6895833611488342 0.5765625238418579 0.6541666388511658 0.5703125 0.6520833373069763 0.567187488079071 0.6479166746139526 0.5687500238418579 0.6312500238418579
0 0.5093749761581421 0.5333333611488342 0.4937500059604645 0.5833333134651184 0.504687488079071 0.5916666388511658 0.5171874761581421 0.5958333611488342 0.5328124761581421 0.5458333492279053 0.5140625238418579 0.5333333611488342
0 0.5 0.6270833611488342 0.4921875 0.6812499761581421 0.5 0.6854166388511658 0.5078125 0.6854166388511658 0.5218750238418579 0.6625000238418579 0.5249999761581421 0.6333333253860474 0.5078125 0.6270833611488342
0 0.5484374761581421 0.6083333492279053 0.5453125238418579 0.6083333492279053 0.526562511920929 0.637499988079071 0.5249999761581421 0.65625 0.5390625 0.6708333492279053 0.543749988079071 0.6666666865348816 0.5546875 0.6291666626930237 0.557812511920929 0.625 0.565625011920929 0.6270833611488342
0 0.534375011920929 0.5145833492279053 0.5249999761581421 0.512499988079071 0.4921875 0.518750011920929 0.4937500059604645 0.5520833134651184 0.5015624761581421 0.5520833134651184 0.5093749761581421 0.53125 0.5140625238418579 0.53125 0.53125 0.5416666865348816 0.535937488079071 0.5479166507720947
0 0.48124998807907104 0.49166667461395264 0.46562498807907104 0.5416666865348816 0.4765625 0.550000011920929 0.48906248807907104 0.5541666746139526 0.4921875 0.5458333492279053 0.4906249940395355 0.518750011920929 0.5015624761581421 0.5145833492279053 0.504687488079071 0.5041666626930237 0.4859375059604645 0.49166667461395264
0 0.660937488079071 0.46875 0.651562511920929 0.46666666865348816 0.6187499761581421 0.4729166626930237 0.620312511920929 0.5062500238418579 0.6234375238418579 0.5083333253860474 0.6390625238418579 0.4854166805744171 0.6468750238418579 0.4895833432674408 0.6546875238418579 0.5 0.6625000238418579 0.5020833611488342
0 0.45625001192092896 0.6645833253860474 0.4468750059604645 0.6583333611488342 0.4453125 0.668749988079071 0.4390625059604645 0.6812499761581421 0.42500001192092896 0.675000011920929 0.41718751192092896 0.7020833492279053 0.4281249940395355 0.7104166746139526 0.44062501192092896 0.7145833373069763