0 0.5718749761581421 0.5833333134651184 0.5687500238418579 0.5833333134651184 0.543749988079071 0.6229166388511658 0.543749988079071 0.6270833611488342 0.5609375238418579 0.6458333134651184 0.5640624761581421 0.6458333134651184 0.589062511920929 0.606249988079071 0.589062511920929 0.6020833253860474
0 0.484375 0.5062500238418579 0.48124998807907104 0.5062500238418579 0.45625001192092896 0.5458333492279053 0.45625001192092896 0.550000011920929 0.47343748807907104 0.5687500238418579 0.4765625 0.5687500238418579 0.5015624761581421 0.5291666388511658 0.5015624761581421 0.5249999761581421
0 0.5843750238418579 0.6666666865348816 0.581250011920929 0.6666666865348816 0.5562499761581421 0.706250011920929 0.5562499761581421 0.7104166746139526 0.573437511920929 0.7291666865348816 0.5765625238418579 0.7291666865348816 0.6015625 0.6895833611488342 0.6015625 0.6854166388511658
0 0.6796875 0.6666666865348816 0.6703125238418579 0.6645833253860474 0.637499988079071 0.6708333492279053 0.6390625238418579 0.7041666507720947 0.643750011920929 0.706250011920929 0.6812499761581421 0.699999988079071
0 0.4046874940395355 0.643750011920929 0.3968749940395355 0.6666666865348816 0.3968749940395355 0.6770833134651184 0.43437498807907104 0.6958333253860474 0.4390625059604645 0.6854166388511658 0.4437499940395355 0.6625000238418579 0.4359374940395355 0.6541666388511658 0.4312500059604645 0.6541666388511658 0.41874998807907104 0.6458333134651184
0 0.48124998807907104 0.59375 0.46562498807907104 0.643750011920929 0.4765625 0.6520833373069763 0.48906248807907104 0.65625 0.504687488079071 0.606249988079071 0.4859375059604645 0.59375
0 0.40625 0.5770833492279053 0.3984375 0.6312500238418579 0.4140625 0.637499988079071 0.4234375059604645 0.637499988079071 0.4312500059604645 0.59375 0.4312500059604645 0.5833333134651184 0.4140625 0.5770833492279053
0 0.550000011920929 0.5625 0.543749988079071 0.5645833611488342 0.5296875238418579 0.6083333492279053 0.53125 0.6145833134651184 0.5406249761581421 0.6208333373069763 0.543749988079071 0.6208333373069763 0.5687500238418579 0.5791666507720947 0.567187488079071 0.5729166865348816
0 0.6156250238418579 0.612500011920929 0.606249988079071 0.6104166507720947 0.5859375 0.6145833134651184 0.573437511920929 0.6333333253860474 0.574999988079071 0.6499999761581421 0.5796874761581421 0.6520833373069763 0.581250011920929 0.6499999761581421 0.6171875 0.6458333134651184
0 0.65625 0.6104166507720947 0.6484375 0.6645833253860474 0.6546875238418579 0.6666666865348816 0.675000011920929 0.6625000238418579 0.6812499761581421 0.6270833611488342 0.6812499761581421 0.6166666746139526 0.6640625 0.6104166507720947
0 0.6187499761581421 0.518750011920929 0.6109374761581421 0.5416666865348816 0.6109374761581421 0.5520833134651184 0.6484375 0.5708333253860474 0.653124988079071 0.5604166388511658 0.6578124761581421 0.5375000238418579 0.6499999761581421 0.5291666388511658 0.645312488079071 0.5291666388511658 0.6328125 0.5208333134651184
0 0.5953124761581421 0.5291666388511658 0.5859375 0.5270833373069763 0.5531250238418579 0.5333333611488342 0.5546875 0.5645833611488342 0.573437511920929 0.5666666626930237 0.596875011920929 0.5625
0 0.4609375 0.5562499761581421 0.4546875059604645 0.5770833492279053 0.45625001192092896 0.5895833373069763 0.4765625 0.6000000238418579 0.48124998807907104 0.5916666388511658 0.4859375059604645 0.5916666388511658 0.4937500059604645 0.5979166626930237 0.49687498807907104 0.5958333611488342 0.5015624761581421 0.5791666507720947 0.5 0.5708333253860474 0.484375 0.5604166388511658 0.4765625 0.5708333253860474 0.47343748807907104 0.5708333253860474
0 0.40937501192092896 0.4729166626930237 0.39375001192092896 0.5229166746139526 0.4046874940395355 0.53125 0.41718751192092896 0.5354166626930237 0.43281251192092896 0.4854166805744171 0.4140625 0.4729166626930237