0 0.4359374940395355 0.625 0.43281251192092896 0.625 0.4078125059604645 0.6645833253860474 0.4078125059604645 0.668749988079071 0.42500001192092896 0.6875 0.4281249940395355 0.6875 0.453125 0.6479166746139526 0.453125 0.643750011920929
0 0.45781248807907104 0.6020833253860474 0.44843751192092896 0.6000000238418579 0.4156250059604645 0.606249988079071 0.41718751192092896 0.6395833492279053 0.4203124940395355 0.6416666507720947 0.43281251192092896 0.6229166388511658 0.44062501192092896 0.6270833611488342 0.44843751192092896 0.637499988079071 0.4593749940395355 0.6354166865348816
0 0.546875 0.581250011920929 0.53125 0.6312500238418579 0.542187511920929 0.6395833492279053 0.5546875 0.643750011920929 0.5703125 0.59375 0.551562488079071 0.581250011920929
0 0.48750001192092896 0.4854166805744171 0.47968751192092896 0.5395833253860474 0.49531251192092896 0.5458333492279053 0.504687488079071 0.5458333492279053 0.512499988079071 0.5020833611488342 0.512499988079071 0.49166667461395264 0.49531251192092896 0.4854166805744171
0 0.4593749940395355 0.5354166626930237 0.45625001192092896 0.5354166626930237 0.4312500059604645 0.574999988079071 0.4312500059604645 0.5791666507720947 0.44843751192092896 0.5979166626930237 0.4515624940395355 0.5979166626930237 0.4765625 0.5583333373069763 0.4765625 0.5541666746139526
0 0.590624988079071 0.5208333134651184 0.582812488079071 0.574999988079071 0.598437488079071 0.581250011920929 0.6078125238418579 0.581250011920929 0.6156250238418579 0.5375000238418579 0.6156250238418579 0.5270833373069763 0.598437488079071 0.5208333134651184
0 0.5078125 0.6583333611488342 0.4984374940395355 0.65625 0.46562498807907104 0.6625000238418579 0.4671874940395355 0.6958333253860474 0.47187501192092896 0.6979166865348816 0.5093749761581421 0.6916666626930237
0 0.6421874761581421 0.47083333134651184 0.6343749761581421 0.5249999761581421 0.6499999761581421 0.53125 0.659375011920929 0.53125 0.667187511920929 0.48750001192092896 0.667187511920929 0.47708332538604736 0.6499999761581421 0.47083333134651184
0 0.546875 0.4958333373069763 0.5390625 0.550000011920929 0.5546875 0.5562499761581421 0.5640624761581421 0.5562499761581421 0.5718749761581421 0.512499988079071 0.5718749761581421 0.5020833611488342 0.5546875 0.4958333373069763
0 0.676562488079071 0.6895833611488342 0.667187511920929 0.6875 0.6343749761581421 0.6937500238418579 0.635937511920929 0.7270833253860474 0.640625 0.7291666865348816 0.6781250238418579 0.7229166626930237
0 0.40937501192092896 0.49791666865348816 0.40156251192092896 0.5520833134651184 0.41718751192092896 0.5583333373069763 0.42656248807907104 0.5583333373069763 0.43437498807907104 0.5145833492279053 0.43437498807907104 0.5041666626930237 0.41718751192092896 0.49791666865348816
0 0.612500011920929 0.6270833611488342 0.604687511920929 0.6499999761581421 0.604687511920929 0.6604166626930237 0.6421874761581421 0.6791666746139526 0.6468750238418579 0.668749988079071 0.651562511920929 0.6458333134651184 0.643750011920929 0.637499988079071 0.6390625238418579 0.637499988079071 0.6265624761581421 0.6291666626930237
0 0.4515624940395355 0.6854166388511658 0.44218748807907104 0.6833333373069763 0.4312500059604645 0.6854166388511658 0.4281249940395355 0.6895833611488342 0.4234375059604645 0.6875 0.40937501192092896 0.6895833611488342 0.41093748807907104 0.7229166626930237 0.4156250059604645 0.7250000238418579 0.453125 0.71875