0 0.612500011920929 0.6458333134651184 0.604687511920929 0.668749988079071 0.604687511920929 0.6791666746139526 0.6421874761581421 0.6979166865348816 0.6468750238418579 0.6875 0.651562511920929 0.6645833253860474 0.643750011920929 0.65625 0.6390625238418579 0.65625 0.6265624761581421 0.6479166746139526
0 0.6000000238418579 0.5375000238418579 0.5843750238418579 0.5874999761581421 0.5953124761581421 0.5958333611488342 0.6078125238418579 0.6000000238418579 0.6234375238418579 0.550000011920929 0.604687511920929 0.5375000238418579
0 0.643750011920929 0.574999988079071 0.635937511920929 0.5979166626930237 0.635937511920929 0.6083333492279053 0.6734374761581421 0.6270833611488342 0.6781250238418579 0.6166666746139526 0.682812511920929 0.59375 0.675000011920929 0.5854166746139526 0.6703125238418579 0.5854166746139526 0.6578124761581421 0.5770833492279053
0 0.637499988079071 0.625 0.628125011920929 0.6229166388511658 0.5953124761581421 0.6291666626930237 0.596875011920929 0.6625000238418579 0.598437488079071 0.6645833253860474 0.606249988079071 0.6625000238418579 0.6078125238418579 0.6520833373069763 0.612500011920929 0.643750011920929 0.6265624761581421 0.6458333134651184 0.6390625238418579 0.6541666388511658
0 0.5796874761581421 0.6479166746139526 0.5718749761581421 0.7020833492279053 0.5874999761581421 0.7083333134651184 0.596875011920929 0.7083333134651184 0.604687511920929 0.6645833253860474 0.598437488079071 0.6666666865348816 0.5953124761581421 0.6625000238418579 0.59375 0.6499999761581421
0 0.534375011920929 0.5562499761581421 0.518750011920929 0.606249988079071 0.5296875238418579 0.6145833134651184 0.542187511920929 0.6187499761581421 0.557812511920929 0.5687500238418579 0.5390625 0.5562499761581421
0 0.6187499761581421 0.4791666567325592 0.6109374761581421 0.5333333611488342 0.6265624761581421 0.5395833253860474 0.635937511920929 0.5395833253860474 0.643750011920929 0.4958333373069763 0.643750011920929 0.4854166805744171 0.6265624761581421 0.4791666567325592
0 0.4859375059604645 0.6479166746139526 0.4781250059604645 0.6708333492279053 0.4781250059604645 0.6812499761581421 0.515625 0.699999988079071 0.520312488079071 0.6895833611488342 0.5249999761581421 0.6666666865348816 0.5171874761581421 0.6583333611488342 0.512499988079071 0.6583333611488342 0.5 0.6499999761581421
0 0.546875 0.6083333492279053 0.542187511920929 0.6208333373069763 0.5375000238418579 0.6208333373069763 0.520312488079071 0.6104166507720947 0.5140625238418579 0.65625 0.5296875238418579 0.6625000238418579 0.5390625 0.6625000238418579 0.546875 0.6187499761581421
0 0.5687500238418579 0.5249999761581421 0.5609375238418579 0.5479166507720947 0.5609375238418579 0.5583333373069763 0.578125 0.5687500238418579 0.5874999761581421 0.5708333253860474 0.596875011920929 0.5395833253860474 0.6000000238418579 0.5354166626930237 0.5953124761581421 0.5354166626930237 0.582812488079071 0.5270833373069763
0 0.5406249761581421 0.47083333134651184 0.5328124761581421 0.5249999761581421 0.5484374761581421 0.53125 0.557812511920929 0.53125 0.565625011920929 0.48750001192092896 0.565625011920929 0.47708332538604736 0.5484374761581421 0.47083333134651184
0 0.635937511920929 0.5583333373069763 0.6328125 0.5583333373069763 0.612500011920929 0.5895833373069763 0.6078125238418579 0.6020833253860474 0.625 0.6208333373069763 0.628125011920929 0.6208333373069763 0.6343749761581421 0.612500011920929 0.6343749761581421 0.5979166626930237 0.640625 0.5770833492279053 0.643750011920929 0.5729166865348816 0.651562511920929 0.574999988079071
0 0.4468750059604645 0.4895833432674408 0.4437499940395355 0.4895833432674408 0.41874998807907104 0.5291666388511658 0.41874998807907104 0.5333333611488342 0.4359374940395355 0.5520833134651184 0.4390625059604645 0.5520833134651184 0.46406251192092896 0.512499988079071 0.46406251192092896 0.5083333253860474
0 0.6578124761581421 0.4791666567325592 0.6421874761581421 0.5291666388511658 0.653124988079071 0.5375000238418579 0.6656249761581421 0.5416666865348816 0.6812499761581421 0.49166667461395264 0.6625000238418579 0.4791666567325592
0 0.59375 0.5958333611488342 0.590624988079071 0.5958333611488342 0.565625011920929 0.6354166865348816 0.565625011920929 0.6395833492279053 0.5765625238418579 0.6520833373069763 0.5796874761581421 0.6458333134651184 0.5921875238418579 0.6479166746139526 0.59375 0.6291666626930237 0.6078125238418579 0.625 0.6109374761581421 0.6187499761581421 0.6109374761581421 0.6145833134651184