0 0.49531251192092896 0.6291666626930237 0.48750001192092896 0.6833333373069763 0.503125011920929 0.6895833611488342 0.512499988079071 0.6895833611488342 0.520312488079071 0.6458333134651184 0.520312488079071 0.6354166865348816 0.503125011920929 0.6291666626930237
0 0.53125 0.48750001192092896 0.515625 0.5375000238418579 0.526562511920929 0.5458333492279053 0.5390625 0.550000011920929 0.5546875 0.5 0.535937488079071 0.48750001192092896
0 0.6656249761581421 0.6666666865348816 0.6625000238418579 0.6666666865348816 0.637499988079071 0.706250011920929 0.637499988079071 0.7104166746139526 0.6546875238418579 0.7291666865348816 0.6578124761581421 0.7291666865348816 0.682812511920929 0.6895833611488342 0.682812511920929 0.6854166388511658
0 0.42500001192092896 0.5208333134651184 0.421875 0.5208333134651184 0.3968749940395355 0.5604166388511658 0.3968749940395355 0.5645833611488342 0.4140625 0.5833333134651184 0.41718751192092896 0.5833333134651184 0.44218748807907104 0.543749988079071 0.44218748807907104 0.5395833253860474
0 0.614062488079071 0.4833333194255829 0.606249988079071 0.5062500238418579 0.606249988079071 0.5166666507720947 0.643750011920929 0.5354166626930237 0.6484375 0.5249999761581421 0.653124988079071 0.5020833611488342 0.645312488079071 0.4937500059604645 0.640625 0.4937500059604645 0.628125011920929 0.4854166805744171
0 0.543749988079071 0.5666666626930237 0.5406249761581421 0.5666666626930237 0.515625 0.606249988079071 0.515625 0.6104166507720947 0.5328124761581421 0.6291666626930237 0.535937488079071 0.6291666626930237 0.5609375238418579 0.5895833373069763 0.5609375238418579 0.5854166746139526
0 0.453125 0.606249988079071 0.4453125 0.6604166626930237 0.4609375 0.6666666865348816 0.4703125059604645 0.6666666865348816 0.4781250059604645 0.6229166388511658 0.4781250059604645 0.612500011920929 0.4609375 0.606249988079071
0 0.6468750238418579 0.5333333611488342 0.643750011920929 0.5375000238418579 0.640625 0.5375000238418579 0.6265624761581421 0.5291666388511658 0.6078125238418579 0.5604166388511658 0.6078125238418579 0.5645833611488342 0.625 0.5833333134651184 0.628125011920929 0.5833333134651184 0.653124988079071 0.543749988079071 0.653124988079071 0.5395833253860474
0 0.653124988079071 0.6166666746139526 0.6499999761581421 0.6166666746139526 0.625 0.65625 0.625 0.6604166626930237 0.6421874761581421 0.6791666746139526 0.645312488079071 0.6791666746139526 0.6703125238418579 0.6395833492279053 0.6703125238418579 0.6354166865348816
0 0.503125011920929 0.4895833432674408 0.5 0.4895833432674408 0.4749999940395355 0.5291666388511658 0.4749999940395355 0.5333333611488342 0.4921875 0.5520833134651184 0.49531251192092896 0.5520833134651184 0.520312488079071 0.512499988079071 0.520312488079071 0.5083333253860474
0 0.42500001192092896 0.47083333134651184 0.40937501192092896 0.5208333134651184 0.41718751192092896 0.5249999761581421 0.421875 0.518750011920929 0.42500001192092896 0.518750011920929 0.43437498807907104 0.5291666388511658 0.44843751192092896 0.4833333194255829 0.4296875 0.47083333134651184
0 0.59375 0.4833333194255829 0.578125 0.5333333611488342 0.589062511920929 0.5416666865348816 0.6015625 0.5458333492279053 0.609375 0.5229166746139526 0.604687511920929 0.5166666507720947 0.604687511920929 0.5062500238418579 0.609375 0.49166667461395264 0.598437488079071 0.4833333194255829
0 0.5765625238418579 0.5833333134651184 0.573437511920929 0.5833333134651184 0.5484374761581421 0.6229166388511658 0.5484374761581421 0.6270833611488342 0.565625011920929 0.6458333134651184 0.5687500238418579 0.6458333134651184 0.59375 0.606249988079071 0.59375 0.6020833253860474
0 0.542187511920929 0.65625 0.534375011920929 0.6791666746139526 0.534375011920929 0.6895833611488342 0.5718749761581421 0.7083333134651184 0.5765625238418579 0.6979166865348816 0.581250011920929 0.675000011920929 0.573437511920929 0.6666666865348816 0.5687500238418579 0.6666666865348816 0.5562499761581421 0.6583333611488342
0 0.4984374940395355 0.5666666626930237 0.48906248807907104 0.5645833611488342 0.45625001192092896 0.5708333253860474 0.45781248807907104 0.6041666865348816 0.4625000059604645 0.606249988079071 0.5 0.6000000238418579
0 0.606249988079071 0.5791666507720947 0.598437488079071 0.6333333253860474 0.614062488079071 0.6395833492279053 0.6234375238418579 0.6395833492279053 0.6312500238418579 0.5958333611488342 0.6312500238418579 0.5854166746139526 0.625 0.5854166746139526 0.614062488079071 0.5791666507720947
0 0.6109374761581421 0.6479166746139526 0.6015625 0.6458333134651184 0.5687500238418579 0.6520833373069763 0.5687500238418579 0.6645833253860474 0.573437511920929 0.6645833253860474 0.582812488079071 0.675000011920929 0.581250011920929 0.6854166388511658 0.612500011920929 0.6812499761581421
0 0.4703125059604645 0.4895833432674408 0.47187501192092896 0.5020833611488342 0.4859375059604645 0.5083333253860474 0.5 0.48750001192092896 0.503125011920929 0.48750001192092896 0.5140625238418579 0.5 0.5171874761581421 0.4854166805744171 0.5093749761581421 0.47708332538604736 0.504687488079071 0.47708332538604736 0.4921875 0.46875 0.4781250059604645 0.46666666865348816