0 0.620312511920929 0.5375000238418579 0.6109374761581421 0.5354166626930237 0.578125 0.5416666865348816 0.5796874761581421 0.574999988079071 0.5843750238418579 0.5770833492279053 0.621874988079071 0.5708333253860474
0 0.6109374761581421 0.512499988079071 0.6015625 0.5104166865348816 0.5687500238418579 0.5166666507720947 0.5703125 0.550000011920929 0.574999988079071 0.5520833134651184 0.578125 0.5395833253860474 0.612500011920929 0.5333333611488342
0 0.49687498807907104 0.4958333373069763 0.48906248807907104 0.550000011920929 0.504687488079071 0.5562499761581421 0.5140625238418579 0.5562499761581421 0.5218750238418579 0.512499988079071 0.5218750238418579 0.5020833611488342 0.504687488079071 0.4958333373069763
0 0.5140625238418579 0.6625000238418579 0.5062500238418579 0.6854166388511658 0.5062500238418579 0.6958333253860474 0.543749988079071 0.7145833373069763 0.5484374761581421 0.7041666507720947 0.5531250238418579 0.6812499761581421 0.5453125238418579 0.6729166507720947 0.5406249761581421 0.6729166507720947 0.528124988079071 0.6645833253860474
0 0.44062501192092896 0.6104166507720947 0.43281251192092896 0.6645833253860474 0.44843751192092896 0.6708333492279053 0.45781248807907104 0.6708333492279053 0.46562498807907104 0.6270833611488342 0.46562498807907104 0.6166666746139526 0.44843751192092896 0.6104166507720947
0 0.557812511920929 0.612500011920929 0.5484374761581421 0.6104166507720947 0.515625 0.6166666746139526 0.5171874761581421 0.6499999761581421 0.5218750238418579 0.6520833373069763 0.559374988079071 0.6458333134651184
0 0.44218748807907104 0.5541666746139526 0.43437498807907104 0.6083333492279053 0.4359374940395355 0.6104166507720947 0.44843751192092896 0.6083333492279053 0.4593749940395355 0.612500011920929 0.46562498807907104 0.581250011920929 0.4671874940395355 0.5604166388511658 0.44999998807907104 0.5541666746139526
0 0.42500001192092896 0.4937500059604645 0.421875 0.4937500059604645 0.3968749940395355 0.5333333611488342 0.3968749940395355 0.5375000238418579 0.4140625 0.5562499761581421 0.41718751192092896 0.5562499761581421 0.44218748807907104 0.5166666507720947 0.44218748807907104 0.512499988079071
0 0.4671874940395355 0.5854166746139526 0.46406251192092896 0.5916666388511658 0.4609375 0.6145833134651184 0.46562498807907104 0.6145833134651184 0.46875 0.625 0.49687498807907104 0.637499988079071 0.5015624761581421 0.6270833611488342 0.5062500238418579 0.6041666865348816 0.4984374940395355 0.5958333611488342 0.4937500059604645 0.5958333611488342 0.48124998807907104 0.5874999761581421
0 0.582812488079071 0.6458333134651184 0.573437511920929 0.643750011920929 0.5406249761581421 0.6499999761581421 0.5406249761581421 0.668749988079071 0.551562488079071 0.6770833134651184 0.5546875 0.6833333373069763 0.5843750238418579 0.6791666746139526
0 0.5546875 0.5416666865348816 0.5453125238418579 0.5395833253860474 0.518750011920929 0.543749988079071 0.515625 0.5562499761581421 0.512499988079071 0.5583333373069763 0.5140625238418579 0.5791666507720947 0.518750011920929 0.581250011920929 0.5562499761581421 0.574999988079071
0 0.609375 0.6520833373069763 0.6015625 0.706250011920929 0.6171875 0.7124999761581421 0.6265624761581421 0.7124999761581421 0.6343749761581421 0.668749988079071 0.6343749761581421 0.6583333611488342 0.6171875 0.6520833373069763
0 0.47187501192092896 0.49166667461395264 0.46875 0.49166667461395264 0.4437499940395355 0.53125 0.4437499940395355 0.5354166626930237 0.4609375 0.5541666746139526 0.46406251192092896 0.5541666746139526 0.48906248807907104 0.5145833492279053 0.48906248807907104 0.5104166865348816
0 0.578125 0.581250011920929 0.5625 0.6312500238418579 0.573437511920929 0.6395833492279053 0.5859375 0.643750011920929 0.6015625 0.59375 0.582812488079071 0.581250011920929