0 0.4390625059604645 0.5229166746139526 0.4312500059604645 0.5458333492279053 0.4312500059604645 0.5562499761581421 0.46875 0.574999988079071 0.47343748807907104 0.5645833611488342 0.4781250059604645 0.5416666865348816 0.4703125059604645 0.5333333611488342 0.46562498807907104 0.5333333611488342 0.453125 0.5249999761581421
0 0.4390625059604645 0.6187499761581421 0.4234375059604645 0.668749988079071 0.43437498807907104 0.6770833134651184 0.4468750059604645 0.6812499761581421 0.4625000059604645 0.6312500238418579 0.4437499940395355 0.6187499761581421
0 0.6625000238418579 0.49166667461395264 0.659375011920929 0.49166667461395264 0.6343749761581421 0.53125 0.6343749761581421 0.5354166626930237 0.651562511920929 0.5541666746139526 0.6546875238418579 0.5541666746139526 0.6796875 0.5145833492279053 0.6796875 0.5104166865348816
0 0.48124998807907104 0.6895833611488342 0.47187501192092896 0.6875 0.4390625059604645 0.6937500238418579 0.44062501192092896 0.7270833253860474 0.4453125 0.7291666865348816 0.4828124940395355 0.7229166626930237
0 0.45625001192092896 0.49791666865348816 0.4468750059604645 0.4958333373069763 0.4140625 0.5020833611488342 0.4156250059604645 0.5354166626930237 0.41718751192092896 0.5375000238418579 0.43281251192092896 0.5354166626930237 0.4390625059604645 0.5208333134651184 0.453125 0.5229166746139526 0.45781248807907104 0.5270833373069763
0 0.5562499761581421 0.5895833373069763 0.5484374761581421 0.643750011920929 0.5640624761581421 0.6499999761581421 0.573437511920929 0.6499999761581421 0.581250011920929 0.606249988079071 0.581250011920929 0.5958333611488342 0.5640624761581421 0.5895833373069763
0 0.4203124940395355 0.5666666626930237 0.4124999940395355 0.6208333373069763 0.4203124940395355 0.625 0.43437498807907104 0.6270833611488342 0.44062501192092896 0.6104166507720947 0.4453125 0.5729166865348816 0.4281249940395355 0.5666666626930237
0 0.609375 0.5354166626930237 0.6015625 0.5895833373069763 0.6171875 0.5958333611488342 0.6265624761581421 0.5958333611488342 0.6343749761581421 0.5520833134651184 0.6343749761581421 0.5416666865348816 0.6171875 0.5354166626930237
0 0.5015624761581421 0.6166666746139526 0.4921875 0.6145833134651184 0.4593749940395355 0.6208333373069763 0.4593749940395355 0.6270833611488342 0.46406251192092896 0.6312500238418579 0.4609375 0.6416666507720947 0.4609375 0.6541666388511658 0.46562498807907104 0.65625 0.503125011920929 0.6499999761581421
0 0.5562499761581421 0.6520833373069763 0.5546875 0.6479166746139526 0.550000011920929 0.6479166746139526 0.546875 0.643750011920929 0.546875 0.6354166865348816 0.512499988079071 0.6416666507720947 0.5140625238418579 0.675000011920929 0.518750011920929 0.6770833134651184 0.5562499761581421 0.6708333492279053
0 0.5406249761581421 0.46666666865348816 0.5249999761581421 0.5166666507720947 0.535937488079071 0.5249999761581421 0.5484374761581421 0.5291666388511658 0.5640624761581421 0.4791666567325592 0.5453125238418579 0.46666666865348816
0 0.5484374761581421 0.5520833134651184 0.5453125238418579 0.5520833134651184 0.520312488079071 0.5916666388511658 0.520312488079071 0.5958333611488342 0.5375000238418579 0.6145833134651184 0.5406249761581421 0.6145833134651184 0.5546875 0.59375 0.5546875 0.5895833373069763 0.565625011920929 0.574999988079071 0.565625011920929 0.5708333253860474
0 0.4749999940395355 0.5375000238418579 0.47968751192092896 0.5416666865348816 0.4749999940395355 0.5645833611488342 0.46875 0.5770833492279053 0.4593749940395355 0.5729166865348816 0.45625001192092896 0.5874999761581421 0.4671874940395355 0.5958333611488342 0.47968751192092896 0.6000000238418579 0.49531251192092896 0.550000011920929
0 0.4765625 0.4895833432674408 0.46406251192092896 0.5291666388511658 0.48750001192092896 0.543749988079071 0.5 0.5020833611488342 0.48124998807907104 0.4895833432674408
0 0.640625 0.5833333134651184 0.6328125 0.606249988079071 0.6328125 0.6166666746139526 0.6703125238418579 0.6354166865348816 0.675000011920929 0.625 0.6796875 0.6020833253860474 0.671875 0.59375 0.667187511920929 0.59375 0.6546875238418579 0.5854166746139526
0 0.504687488079071 0.5083333253860474 0.4921875 0.543749988079071 0.49687498807907104 0.550000011920929 0.4937500059604645 0.5625 0.5078125 0.5708333253860474 0.512499988079071 0.5708333253860474 0.528124988079071 0.5208333134651184 0.5093749761581421 0.5083333253860474
0 0.5703125 0.5041666626930237 0.567187488079071 0.5041666626930237 0.542187511920929 0.543749988079071 0.542187511920929 0.5479166507720947 0.5484374761581421 0.550000011920929 0.5609375238418579 0.5645833611488342 0.5640624761581421 0.5645833611488342 0.5874999761581421 0.5270833373069763 0.5874999761581421 0.5229166746139526
0 0.6000000238418579 0.5833333134651184 0.5859375 0.6312500238418579 0.596875011920929 0.6395833492279053 0.609375 0.643750011920929 0.625 0.5979166626930237 0.6031249761581421 0.59375 0.6000000238418579 0.5895833373069763
0 0.581250011920929 0.6354166865348816 0.5765625238418579 0.637499988079071 0.574999988079071 0.6499999761581421 0.567187488079071 0.6520833373069763 0.557812511920929 0.6666666865348816 0.557812511920929 0.6708333492279053 0.5531250238418579 0.675000011920929 0.5531250238418579 0.6791666746139526 0.5703125 0.6979166865348816 0.573437511920929 0.6979166865348816 0.598437488079071 0.6583333611488342 0.598437488079071 0.6541666388511658