0 0.512499988079071 0.518750011920929 0.49687498807907104 0.5687500238418579 0.5078125 0.5770833492279053 0.520312488079071 0.581250011920929 0.535937488079071 0.53125 0.5171874761581421 0.518750011920929
0 0.543749988079071 0.6041666865348816 0.534375011920929 0.6020833253860474 0.5015624761581421 0.6083333492279053 0.503125011920929 0.6416666507720947 0.5078125 0.643750011920929 0.5453125238418579 0.637499988079071
0 0.4078125059604645 0.5979166626930237 0.4000000059604645 0.6208333373069763 0.4000000059604645 0.6312500238418579 0.4375 0.6499999761581421 0.44218748807907104 0.6395833492279053 0.4468750059604645 0.6166666746139526 0.4390625059604645 0.6083333492279053 0.43437498807907104 0.6083333492279053 0.421875 0.6000000238418579
0 0.5921875238418579 0.4958333373069763 0.5765625238418579 0.5458333492279053 0.5874999761581421 0.5541666746139526 0.6000000238418579 0.5583333373069763 0.6156250238418579 0.5083333253860474 0.596875011920929 0.4958333373069763
0 0.40625 0.47083333134651184 0.3984375 0.5249999761581421 0.4140625 0.53125 0.4234375059604645 0.53125 0.4312500059604645 0.48750001192092896 0.4312500059604645 0.47708332538604736 0.4140625 0.47083333134651184
0 0.4781250059604645 0.6187499761581421 0.4703125059604645 0.6416666507720947 0.4703125059604645 0.6520833373069763 0.5078125 0.6708333492279053 0.5171874761581421 0.643750011920929 0.504687488079071 0.6458333134651184 0.5015624761581421 0.6416666507720947 0.5 0.625
0 0.6421874761581421 0.4937500059604645 0.6265624761581421 0.543749988079071 0.637499988079071 0.5520833134651184 0.6499999761581421 0.5562499761581421 0.6656249761581421 0.5062500238418579 0.6468750238418579 0.4937500059604645
0 0.44218748807907104 0.65625 0.43437498807907104 0.7104166746139526 0.44999998807907104 0.7166666388511658 0.4593749940395355 0.7166666388511658 0.4671874940395355 0.6729166507720947 0.4671874940395355 0.6625000238418579 0.44999998807907104 0.65625
0 0.573437511920929 0.5562499761581421 0.565625011920929 0.6104166507720947 0.581250011920929 0.6166666746139526 0.590624988079071 0.6166666746139526 0.598437488079071 0.5729166865348816 0.598437488079071 0.5625 0.581250011920929 0.5562499761581421
0 0.53125 0.5541666746139526 0.5218750238418579 0.581250011920929 0.515625 0.5854166746139526 0.5531250238418579 0.6041666865348816 0.557812511920929 0.59375 0.5625 0.5708333253860474 0.5546875 0.5625 0.550000011920929 0.5625 0.5375000238418579 0.5541666746139526
0 0.612500011920929 0.5375000238418579 0.596875011920929 0.5874999761581421 0.6078125238418579 0.5958333611488342 0.620312511920929 0.6000000238418579 0.635937511920929 0.5520833134651184 0.6171875 0.5375000238418579
0 0.550000011920929 0.625 0.546875 0.625 0.5453125238418579 0.6395833492279053 0.520312488079071 0.643750011920929 0.5171874761581421 0.6645833253860474 0.518750011920929 0.675000011920929 0.542187511920929 0.6791666746139526 0.550000011920929 0.6354166865348816
0 0.5609375238418579 0.6812499761581421 0.5531250238418579 0.6729166507720947 0.546875 0.6708333492279053 0.542187511920929 0.6812499761581421 0.5328124761581421 0.6812499761581421 0.5171874761581421 0.675000011920929 0.5140625238418579 0.6854166388511658 0.5140625238418579 0.6958333253860474 0.551562488079071 0.7145833373069763 0.5562499761581421 0.7041666507720947
0 0.6484375 0.6166666746139526 0.645312488079071 0.6166666746139526 0.620312511920929 0.65625 0.620312511920929 0.6604166626930237 0.637499988079071 0.6791666746139526 0.640625 0.6791666746139526 0.6656249761581421 0.6395833492279053 0.6656249761581421 0.6354166865348816