0 0.40937501192092896 0.543749988079071 0.39375001192092896 0.59375 0.4046874940395355 0.6020833253860474 0.41718751192092896 0.606249988079071 0.43281251192092896 0.5562499761581421 0.4140625 0.543749988079071
0 0.4156250059604645 0.4895833432674408 0.4078125059604645 0.543749988079071 0.4140625 0.5416666865348816 0.42500001192092896 0.550000011920929 0.43281251192092896 0.550000011920929 0.44062501192092896 0.5062500238418579 0.44062501192092896 0.4958333373069763 0.4234375059604645 0.4895833432674408
0 0.4468750059604645 0.5791666507720947 0.4437499940395355 0.5791666507720947 0.41874998807907104 0.6187499761581421 0.41874998807907104 0.6229166388511658 0.4359374940395355 0.6416666507720947 0.4390625059604645 0.6416666507720947 0.46406251192092896 0.6020833253860474 0.46406251192092896 0.5979166626930237
0 0.6265624761581421 0.5208333134651184 0.6109374761581421 0.5708333253860474 0.621874988079071 0.5791666507720947 0.6343749761581421 0.5833333134651184 0.6499999761581421 0.5333333611488342 0.6312500238418579 0.5208333134651184
0 0.49531251192092896 0.5874999761581421 0.47968751192092896 0.637499988079071 0.4906249940395355 0.6458333134651184 0.503125011920929 0.6499999761581421 0.518750011920929 0.6000000238418579 0.5 0.5874999761581421
0 0.4234375059604645 0.668749988079071 0.4156250059604645 0.7229166626930237 0.4312500059604645 0.7291666865348816 0.44062501192092896 0.7291666865348816 0.44843751192092896 0.6854166388511658 0.44843751192092896 0.675000011920929 0.4312500059604645 0.668749988079071
0 0.5390625 0.5895833373069763 0.5234375 0.6395833492279053 0.534375011920929 0.6479166746139526 0.546875 0.6520833373069763 0.5625 0.6020833253860474 0.543749988079071 0.5895833373069763
0 0.4468750059604645 0.637499988079071 0.4359374940395355 0.643750011920929 0.4234375059604645 0.6312500238418579 0.4046874940395355 0.6625000238418579 0.4046874940395355 0.6666666865348816 0.4203124940395355 0.6833333373069763 0.4203124940395355 0.675000011920929 0.4234375059604645 0.6666666865348816 0.4359374940395355 0.668749988079071 0.44999998807907104 0.6458333134651184
0 0.534375011920929 0.5458333492279053 0.528124988079071 0.5479166507720947 0.5140625238418579 0.5916666388511658 0.5140625238418579 0.5958333611488342 0.5171874761581421 0.5958333611488342 0.5218750238418579 0.6020833253860474 0.5296875238418579 0.606249988079071 0.5328124761581421 0.6041666865348816 0.535937488079071 0.5916666388511658 0.5390625 0.5874999761581421 0.5453125238418579 0.5854166746139526 0.5531250238418579 0.5625 0.551562488079071 0.5562499761581421
0 0.589062511920929 0.6604166626930237 0.581250011920929 0.7145833373069763 0.596875011920929 0.7208333611488342 0.606249988079071 0.7208333611488342 0.614062488079071 0.6770833134651184 0.614062488079071 0.6666666865348816 0.596875011920929 0.6604166626930237
0 0.4828124940395355 0.4937500059604645 0.47968751192092896 0.4937500059604645 0.4546875059604645 0.5333333611488342 0.4546875059604645 0.5375000238418579 0.47187501192092896 0.5562499761581421 0.4749999940395355 0.5562499761581421 0.5 0.5166666507720947 0.5 0.512499988079071
0 0.5953124761581421 0.5479166507720947 0.5921875238418579 0.5479166507720947 0.567187488079071 0.5874999761581421 0.567187488079071 0.5916666388511658 0.5843750238418579 0.6104166507720947 0.5874999761581421 0.6104166507720947 0.6109374761581421 0.5729166865348816 0.609375 0.5708333253860474 0.6109374761581421 0.5645833611488342
0 0.4906249940395355 0.543749988079071 0.48750001192092896 0.543749988079071 0.4625000059604645 0.5833333134651184 0.4625000059604645 0.5874999761581421 0.47968751192092896 0.606249988079071 0.4828124940395355 0.606249988079071 0.48906248807907104 0.5979166626930237 0.4921875 0.5895833373069763 0.4984374940395355 0.5833333134651184 0.5078125 0.5666666626930237 0.5078125 0.5625
0 0.515625 0.6458333134651184 0.5062500238418579 0.643750011920929 0.503125011920929 0.6520833373069763 0.4984374940395355 0.6520833373069763 0.48906248807907104 0.6458333134651184 0.4828124940395355 0.6854166388511658 0.484375 0.6958333253860474 0.5078125 0.699999988079071 0.515625 0.65625
0 0.4703125059604645 0.6270833611488342 0.4625000059604645 0.6812499761581421 0.48124998807907104 0.6875 0.48750001192092896 0.6458333134651184 0.4781250059604645 0.637499988079071 0.47968751192092896 0.6312500238418579 0.4781250059604645 0.6270833611488342
0 0.6328125 0.4854166805744171 0.6234375238418579 0.4833333194255829 0.590624988079071 0.4895833432674408 0.5921875238418579 0.5229166746139526 0.596875011920929 0.5249999761581421 0.6343749761581421 0.518750011920929