0 0.5015624761581421 0.6499999761581421 0.4984374940395355 0.6499999761581421 0.47343748807907104 0.6895833611488342 0.47343748807907104 0.6937500238418579 0.4906249940395355 0.7124999761581421 0.4937500059604645 0.7124999761581421 0.518750011920929 0.6729166507720947 0.518750011920929 0.668749988079071
0 0.4453125 0.5854166746139526 0.4375 0.6083333492279053 0.4375 0.6187499761581421 0.4749999940395355 0.637499988079071 0.47968751192092896 0.6270833611488342 0.484375 0.6041666865348816 0.4765625 0.5958333611488342 0.47187501192092896 0.5958333611488342 0.4593749940395355 0.5874999761581421
0 0.6484375 0.65625 0.6390625238418579 0.6541666388511658 0.606249988079071 0.6604166626930237 0.6078125238418579 0.6937500238418579 0.612500011920929 0.6958333253860474 0.6499999761581421 0.6895833611488342
0 0.535937488079071 0.6145833134651184 0.526562511920929 0.612500011920929 0.4937500059604645 0.6187499761581421 0.49531251192092896 0.6520833373069763 0.4984374940395355 0.6479166746139526 0.504687488079071 0.6520833373069763 0.5375000238418579 0.6479166746139526
0 0.5625 0.5333333611488342 0.5531250238418579 0.53125 0.520312488079071 0.5375000238418579 0.5218750238418579 0.5708333253860474 0.526562511920929 0.5729166865348816 0.5640624761581421 0.5666666626930237
0 0.65625 0.6354166865348816 0.6499999761581421 0.6520833373069763 0.651562511920929 0.6895833611488342 0.6484375 0.6916666626930237 0.6640625 0.6979166865348816 0.6796875 0.6479166746139526 0.660937488079071 0.6354166865348816
0 0.6343749761581421 0.5645833611488342 0.6265624761581421 0.5874999761581421 0.6265624761581421 0.5979166626930237 0.6640625 0.6166666746139526 0.668749988079071 0.606249988079071 0.6734374761581421 0.5833333134651184 0.6656249761581421 0.574999988079071 0.660937488079071 0.574999988079071 0.6484375 0.5666666626930237
0 0.53125 0.5833333134651184 0.518750011920929 0.5687500238418579 0.510937511920929 0.5645833611488342 0.4859375059604645 0.6041666865348816 0.4859375059604645 0.6083333492279053 0.4937500059604645 0.6166666746139526 0.515625 0.612500011920929 0.528124988079071 0.59375
0 0.596875011920929 0.5854166746139526 0.596875011920929 0.6041666865348816 0.6000000238418579 0.6208333373069763 0.640625 0.6145833134651184 0.6390625238418579 0.606249988079071 0.628125011920929 0.6020833253860474 0.625 0.5979166626930237 0.625 0.5874999761581421 0.628125011920929 0.581250011920929
0 0.4437499940395355 0.65625 0.43437498807907104 0.6541666388511658 0.40156251192092896 0.6604166626930237 0.40312498807907104 0.6937500238418579 0.4078125059604645 0.6958333253860474 0.4453125 0.6895833611488342
0 0.5874999761581421 0.6541666388511658 0.578125 0.6520833373069763 0.5453125238418579 0.6583333611488342 0.546875 0.6916666626930237 0.551562488079071 0.6937500238418579 0.589062511920929 0.6875
0 0.590624988079071 0.606249988079071 0.5843750238418579 0.6499999761581421 0.589062511920929 0.6541666388511658 0.590624988079071 0.6645833253860474 0.604687511920929 0.6666666865348816 0.604687511920929 0.6604166626930237 0.609375 0.6583333611488342 0.6156250238418579 0.6208333373069763 0.6000000238418579 0.6229166388511658 0.596875011920929 0.6187499761581421 0.596875011920929 0.606249988079071