0 0.4765625 0.53125 0.46875 0.5541666746139526 0.46875 0.5645833611488342 0.5062500238418579 0.5833333134651184 0.510937511920929 0.5729166865348816 0.515625 0.550000011920929 0.5078125 0.5416666865348816 0.503125011920929 0.5416666865348816 0.4906249940395355 0.5333333611488342
0 0.5062500238418579 0.5041666626930237 0.5015624761581421 0.5375000238418579 0.5078125 0.5395833253860474 0.5171874761581421 0.550000011920929 0.5140625238418579 0.5645833611488342 0.5234375 0.5645833611488342 0.53125 0.5208333134651184 0.53125 0.5104166865348816 0.5140625238418579 0.5041666626930237
0 0.518750011920929 0.6354166865348816 0.515625 0.6354166865348816 0.4906249940395355 0.675000011920929 0.4906249940395355 0.6791666746139526 0.5078125 0.6979166865348816 0.510937511920929 0.6979166865348816 0.535937488079071 0.6583333611488342 0.535937488079071 0.6541666388511658
0 0.5078125 0.699999988079071 0.5453125238418579 0.71875 0.550000011920929 0.7083333134651184 0.5546875 0.6854166388511658 0.546875 0.6770833134651184 0.5296875238418579 0.6708333492279053 0.510937511920929 0.699999988079071
0 0.5765625238418579 0.5020833611488342 0.5609375238418579 0.5520833134651184 0.5718749761581421 0.5604166388511658 0.5843750238418579 0.5645833611488342 0.6000000238418579 0.5145833492279053 0.581250011920929 0.5020833611488342
0 0.4984374940395355 0.6583333611488342 0.45781248807907104 0.6645833253860474 0.4593749940395355 0.6979166865348816 0.46406251192092896 0.699999988079071 0.5015624761581421 0.6937500238418579 0.48906248807907104 0.6791666746139526 0.48906248807907104 0.675000011920929
0 0.6796875 0.6166666746139526 0.6703125238418579 0.6145833134651184 0.637499988079071 0.6208333373069763 0.6390625238418579 0.6541666388511658 0.643750011920929 0.65625 0.6812499761581421 0.6499999761581421
0 0.43437498807907104 0.4749999940395355 0.42656248807907104 0.5291666388511658 0.44218748807907104 0.5354166626930237 0.4515624940395355 0.5354166626930237 0.4593749940395355 0.49166667461395264 0.4593749940395355 0.48124998807907104 0.44218748807907104 0.4749999940395355
0 0.4359374940395355 0.5375000238418579 0.43281251192092896 0.5375000238418579 0.4078125059604645 0.5770833492279053 0.4078125059604645 0.581250011920929 0.42500001192092896 0.6000000238418579 0.4281249940395355 0.6000000238418579 0.453125 0.5604166388511658 0.453125 0.5562499761581421
0 0.578125 0.6583333611488342 0.5625 0.7083333134651184 0.573437511920929 0.7166666388511658 0.5859375 0.7208333611488342 0.6015625 0.6708333492279053 0.582812488079071 0.6583333611488342
0 0.565625011920929 0.5791666507720947 0.557812511920929 0.6333333253860474 0.573437511920929 0.6395833492279053 0.582812488079071 0.6395833492279053 0.590624988079071 0.5958333611488342 0.590624988079071 0.5854166746139526 0.573437511920929 0.5791666507720947
0 0.4984374940395355 0.4729166626930237 0.49531251192092896 0.4729166626930237 0.4703125059604645 0.512499988079071 0.4703125059604645 0.5166666507720947 0.484375 0.53125 0.4921875 0.5333333611488342 0.503125011920929 0.5166666507720947 0.504687488079071 0.5041666626930237 0.512499988079071 0.5020833611488342 0.515625 0.4958333373069763 0.515625 0.49166667461395264
0 0.609375 0.5375000238418579 0.6015625 0.5916666388511658 0.6171875 0.5979166626930237 0.6265624761581421 0.5979166626930237 0.6343749761581421 0.5541666746139526 0.6343749761581421 0.543749988079071 0.6171875 0.5375000238418579
0 0.4906249940395355 0.5791666507720947 0.4765625 0.6270833611488342 0.48750001192092896 0.6354166865348816 0.5 0.6395833492279053 0.515625 0.5895833373069763