0 0.598437488079071 0.5083333253860474 0.590624988079071 0.53125 0.590624988079071 0.5416666865348816 0.628125011920929 0.5604166388511658 0.6328125 0.550000011920929 0.637499988079071 0.5270833373069763 0.629687488079071 0.518750011920929 0.625 0.518750011920929 0.612500011920929 0.5104166865348816
0 0.551562488079071 0.4958333373069763 0.543749988079071 0.550000011920929 0.559374988079071 0.5562499761581421 0.5687500238418579 0.5562499761581421 0.5765625238418579 0.512499988079071 0.5765625238418579 0.5020833611488342 0.559374988079071 0.4958333373069763
0 0.5718749761581421 0.5416666865348816 0.5703125 0.5562499761581421 0.559374988079071 0.5583333373069763 0.557812511920929 0.5729166865348816 0.5953124761581421 0.5916666388511658 0.6000000238418579 0.581250011920929 0.604687511920929 0.5583333373069763 0.596875011920929 0.550000011920929 0.5921875238418579 0.550000011920929 0.5796874761581421 0.5416666865348816
0 0.46406251192092896 0.5145833492279053 0.44843751192092896 0.5645833611488342 0.4593749940395355 0.5729166865348816 0.47187501192092896 0.5770833492279053 0.48750001192092896 0.5270833373069763 0.46875 0.5145833492279053
0 0.5390625 0.6604166626930237 0.5234375 0.7104166746139526 0.534375011920929 0.71875 0.546875 0.7229166626930237 0.5625 0.6729166507720947 0.543749988079071 0.6604166626930237
0 0.44843751192092896 0.5208333134651184 0.4390625059604645 0.518750011920929 0.40625 0.5249999761581421 0.4078125059604645 0.5583333373069763 0.4124999940395355 0.5604166388511658 0.44999998807907104 0.5541666746139526
0 0.590624988079071 0.6604166626930237 0.574999988079071 0.7104166746139526 0.5859375 0.71875 0.598437488079071 0.7229166626930237 0.614062488079071 0.6729166507720947 0.5953124761581421 0.6604166626930237
0 0.565625011920929 0.5979166626930237 0.557812511920929 0.6520833373069763 0.573437511920929 0.6583333611488342 0.582812488079071 0.6583333611488342 0.590624988079071 0.6145833134651184 0.590624988079071 0.6041666865348816 0.573437511920929 0.5979166626930237
0 0.645312488079071 0.53125 0.629687488079071 0.581250011920929 0.640625 0.5895833373069763 0.653124988079071 0.59375 0.668749988079071 0.543749988079071 0.6499999761581421 0.53125
0 0.47968751192092896 0.6020833253860474 0.47187501192092896 0.625 0.47187501192092896 0.6354166865348816 0.5093749761581421 0.6541666388511658 0.5140625238418579 0.643750011920929 0.518750011920929 0.6208333373069763 0.510937511920929 0.612500011920929 0.5062500238418579 0.612500011920929 0.4937500059604645 0.6041666865348816
0 0.660937488079071 0.5770833492279053 0.651562511920929 0.5979166626930237 0.643750011920929 0.6270833611488342 0.6546875238418579 0.6354166865348816 0.667187511920929 0.6395833492279053 0.682812511920929 0.5895833373069763
0 0.5859375 0.4749999940395355 0.5765625238418579 0.4729166626930237 0.543749988079071 0.4791666567325592 0.5453125238418579 0.512499988079071 0.546875 0.5145833492279053 0.551562488079071 0.4937500059604645 0.5765625238418579 0.5 0.578125 0.5104166865348816 0.5874999761581421 0.5083333253860474