0 0.5562499761581421 0.5625 0.5484374761581421 0.6166666746139526 0.5640624761581421 0.6229166388511658 0.573437511920929 0.6229166388511658 0.581250011920929 0.5791666507720947 0.581250011920929 0.5687500238418579 0.5640624761581421 0.5625
0 0.609375 0.5395833253860474 0.59375 0.5895833373069763 0.604687511920929 0.5979166626930237 0.6171875 0.6020833253860474 0.6328125 0.5520833134651184 0.614062488079071 0.5395833253860474
0 0.4906249940395355 0.6666666865348816 0.4828124940395355 0.7208333611488342 0.4984374940395355 0.7270833253860474 0.5078125 0.7270833253860474 0.515625 0.6833333373069763 0.515625 0.6729166507720947 0.4984374940395355 0.6666666865348816
0 0.5 0.53125 0.4921875 0.5854166746139526 0.5078125 0.5916666388511658 0.5171874761581421 0.5916666388511658 0.5249999761581421 0.5479166507720947 0.5249999761581421 0.5375000238418579 0.5078125 0.53125
0 0.612500011920929 0.6041666865348816 0.6078125238418579 0.6000000238418579 0.578125 0.6041666865348816 0.574999988079071 0.6229166388511658 0.5703125 0.625 0.5718749761581421 0.6395833492279053 0.5765625238418579 0.6416666507720947 0.614062488079071 0.6354166865348816
0 0.4453125 0.6229166388511658 0.4375 0.6770833134651184 0.453125 0.6833333373069763 0.4625000059604645 0.6833333373069763 0.4703125059604645 0.6395833492279053 0.4703125059604645 0.6291666626930237 0.453125 0.6229166388511658
0 0.653124988079071 0.47083333134651184 0.637499988079071 0.5208333134651184 0.6484375 0.5291666388511658 0.660937488079071 0.5333333611488342 0.676562488079071 0.4833333194255829 0.6578124761581421 0.47083333134651184
0 0.4765625 0.47083333134651184 0.46875 0.5249999761581421 0.484375 0.53125 0.4937500059604645 0.53125 0.5015624761581421 0.48750001192092896 0.5015624761581421 0.47708332538604736 0.484375 0.47083333134651184
0 0.5703125 0.4749999940395355 0.5625 0.5291666388511658 0.578125 0.5354166626930237 0.5874999761581421 0.5354166626930237 0.5953124761581421 0.49166667461395264 0.5953124761581421 0.48124998807907104 0.578125 0.4749999940395355
0 0.512499988079071 0.49166667461395264 0.5062500238418579 0.5291666388511658 0.5249999761581421 0.5354166626930237 0.526562511920929 0.5375000238418579 0.5249999761581421 0.5520833134651184 0.5296875238418579 0.5520833134651184 0.5375000238418579 0.5083333253860474 0.5375000238418579 0.49791666865348816 0.520312488079071 0.49166667461395264
0 0.676562488079071 0.6791666746139526 0.667187511920929 0.6770833134651184 0.6343749761581421 0.6833333373069763 0.635937511920929 0.7166666388511658 0.640625 0.71875 0.6781250238418579 0.7124999761581421
0 0.4859375059604645 0.5541666746139526 0.4828124940395355 0.5541666746139526 0.45781248807907104 0.59375 0.45781248807907104 0.5979166626930237 0.4749999940395355 0.6166666746139526 0.4781250059604645 0.6166666746139526 0.49531251192092896 0.5895833373069763 0.4906249940395355 0.5854166746139526 0.4937500059604645 0.5625