0 0.53125 0.5145833492279053 0.528124988079071 0.5145833492279053 0.503125011920929 0.5541666746139526 0.503125011920929 0.5583333373069763 0.520312488079071 0.5770833492279053 0.5234375 0.5770833492279053 0.5484374761581421 0.5375000238418579 0.5484374761581421 0.5333333611488342
0 0.581250011920929 0.6145833134651184 0.573437511920929 0.637499988079071 0.573437511920929 0.6479166746139526 0.6109374761581421 0.6666666865348816 0.6156250238418579 0.65625 0.620312511920929 0.6333333253860474 0.612500011920929 0.625 0.6078125238418579 0.625 0.5953124761581421 0.6166666746139526
0 0.6234375238418579 0.6208333373069763 0.6156250238418579 0.675000011920929 0.6312500238418579 0.6812499761581421 0.640625 0.6812499761581421 0.6484375 0.637499988079071 0.6484375 0.6270833611488342 0.6312500238418579 0.6208333373069763
0 0.4703125059604645 0.6604166626930237 0.4625000059604645 0.7145833373069763 0.4781250059604645 0.7208333611488342 0.48750001192092896 0.7208333611488342 0.49531251192092896 0.6770833134651184 0.49531251192092896 0.6666666865348816 0.4781250059604645 0.6604166626930237
0 0.5140625238418579 0.6395833492279053 0.5062500238418579 0.6625000238418579 0.5062500238418579 0.6729166507720947 0.543749988079071 0.6916666626930237 0.5484374761581421 0.6812499761581421 0.5531250238418579 0.6583333611488342 0.5453125238418579 0.6499999761581421 0.5406249761581421 0.6499999761581421 0.528124988079071 0.6416666507720947
0 0.6328125 0.5208333134651184 0.6171875 0.5708333253860474 0.628125011920929 0.5791666507720947 0.640625 0.5833333134651184 0.65625 0.5333333611488342 0.637499988079071 0.5208333134651184
0 0.5640624761581421 0.4833333194255829 0.5609375238418579 0.4833333194255829 0.5390625 0.518750011920929 0.550000011920929 0.5333333611488342 0.5484374761581421 0.5395833253860474 0.5531250238418579 0.5458333492279053 0.5562499761581421 0.5458333492279053 0.581250011920929 0.5062500238418579 0.581250011920929 0.5020833611488342
0 0.604687511920929 0.5604166388511658 0.6015625 0.5604166388511658 0.5765625238418579 0.6000000238418579 0.5765625238418579 0.6041666865348816 0.5843750238418579 0.612500011920929 0.5953124761581421 0.6145833134651184 0.6000000238418579 0.6187499761581421 0.621874988079071 0.5833333134651184 0.621874988079071 0.5791666507720947
0 0.42656248807907104 0.6395833492279053 0.41874998807907104 0.6625000238418579 0.41874998807907104 0.6729166507720947 0.45625001192092896 0.6916666626930237 0.4609375 0.6812499761581421 0.46562498807907104 0.6583333611488342 0.45781248807907104 0.6499999761581421 0.453125 0.6499999761581421 0.44062501192092896 0.6416666507720947
0 0.5453125238418579 0.59375 0.5375000238418579 0.6166666746139526 0.5375000238418579 0.6270833611488342 0.5718749761581421 0.6458333134651184 0.5718749761581421 0.637499988079071 0.5765625238418579 0.6208333373069763 0.582812488079071 0.612500011920929 0.578125 0.606249988079071 0.559374988079071 0.5958333611488342
0 0.6156250238418579 0.6583333611488342 0.6109374761581421 0.668749988079071 0.589062511920929 0.6604166626930237 0.578125 0.6979166865348816 0.589062511920929 0.706250011920929 0.6015625 0.7104166746139526 0.614062488079071 0.675000011920929
0 0.46406251192092896 0.6104166507720947 0.4515624940395355 0.5958333611488342 0.4437499940395355 0.5916666388511658 0.41874998807907104 0.6312500238418579 0.41874998807907104 0.6354166865348816 0.4234375059604645 0.6395833492279053 0.43281251192092896 0.637499988079071 0.4453125 0.643750011920929 0.4609375 0.6208333373069763