0 0.48750001192092896 0.5354166626930237 0.47187501192092896 0.5854166746139526 0.4828124940395355 0.59375 0.49531251192092896 0.5979166626930237 0.510937511920929 0.5479166507720947 0.4921875 0.5354166626930237
0 0.6234375238418579 0.512499988079071 0.6156250238418579 0.5666666626930237 0.6312500238418579 0.5729166865348816 0.640625 0.5729166865348816 0.6484375 0.5291666388511658 0.6484375 0.518750011920929 0.6312500238418579 0.512499988079071
0 0.5546875 0.5145833492279053 0.546875 0.5375000238418579 0.546875 0.5479166507720947 0.5843750238418579 0.5666666626930237 0.589062511920929 0.5562499761581421 0.59375 0.5333333611488342 0.5859375 0.5249999761581421 0.581250011920929 0.5249999761581421 0.5687500238418579 0.5166666507720947
0 0.6078125238418579 0.47708332538604736 0.6000000238418579 0.53125 0.6171875 0.5375000238418579 0.621874988079071 0.512499988079071 0.629687488079071 0.5104166865348816 0.6328125 0.4833333194255829 0.6156250238418579 0.47708332538604736
0 0.6265624761581421 0.65625 0.6171875 0.6541666388511658 0.5843750238418579 0.6604166626930237 0.5859375 0.6937500238418579 0.590624988079071 0.6958333253860474 0.628125011920929 0.6895833611488342
0 0.46406251192092896 0.5 0.45625001192092896 0.5541666746139526 0.46406251192092896 0.5583333373069763 0.4781250059604645 0.5604166388511658 0.4859375059604645 0.5354166626930237 0.48906248807907104 0.5062500238418579 0.47187501192092896 0.5
0 0.542187511920929 0.6020833253860474 0.5390625 0.6020833253860474 0.5140625238418579 0.6416666507720947 0.5140625238418579 0.6458333134651184 0.53125 0.6645833253860474 0.534375011920929 0.6645833253860474 0.559374988079071 0.625 0.559374988079071 0.6208333373069763
0 0.5703125 0.643750011920929 0.5546875 0.6937500238418579 0.565625011920929 0.7020833492279053 0.578125 0.706250011920929 0.5843750238418579 0.6895833611488342 0.582812488079071 0.6604166626930237 0.59375 0.65625 0.574999988079071 0.643750011920929
0 0.4703125059604645 0.6354166865348816 0.4671874940395355 0.6354166865348816 0.44218748807907104 0.675000011920929 0.44218748807907104 0.6791666746139526 0.4593749940395355 0.6979166865348816 0.4625000059604645 0.6979166865348816 0.48750001192092896 0.6583333611488342 0.48750001192092896 0.6541666388511658
0 0.41718751192092896 0.550000011920929 0.40156251192092896 0.6000000238418579 0.4124999940395355 0.6083333492279053 0.42500001192092896 0.612500011920929 0.44062501192092896 0.5625 0.421875 0.550000011920929
0 0.40937501192092896 0.4833333194255829 0.39375001192092896 0.5333333611488342 0.4046874940395355 0.5416666865348816 0.41718751192092896 0.5458333492279053 0.43281251192092896 0.4958333373069763 0.4140625 0.4833333194255829
0 0.6499999761581421 0.5645833611488342 0.643750011920929 0.5625 0.640625 0.574999988079071 0.629687488079071 0.5729166865348816 0.621874988079071 0.574999988079071 0.6171875 0.6041666865348816 0.6187499761581421 0.6145833134651184 0.6421874761581421 0.6187499761581421 0.6499999761581421 0.574999988079071
0 0.557812511920929 0.5916666388511658 0.5546875 0.6145833134651184 0.5609375238418579 0.6208333373069763 0.5609375238418579 0.625 0.550000011920929 0.6458333134651184 0.565625011920929 0.6520833373069763 0.5703125 0.6416666507720947 0.5765625238418579 0.643750011920929 0.582812488079071 0.5979166626930237
0 0.512499988079071 0.5520833134651184 0.503125011920929 0.5770833492279053 0.503125011920929 0.5854166746139526 0.5328124761581421 0.6020833253860474 0.542187511920929 0.6000000238418579 0.550000011920929 0.5770833492279053 0.550000011920929 0.5708333253860474 0.542187511920929 0.5625 0.5375000238418579 0.5625 0.5249999761581421 0.5541666746139526