0 0.47187501192092896 0.6104166507720947 0.46406251192092896 0.6333333253860474 0.46406251192092896 0.643750011920929 0.5015624761581421 0.6625000238418579 0.5062500238418579 0.6520833373069763 0.510937511920929 0.6291666626930237 0.503125011920929 0.6208333373069763 0.4984374940395355 0.6208333373069763 0.4859375059604645 0.612500011920929
0 0.6812499761581421 0.637499988079071 0.671875 0.6354166865348816 0.6390625238418579 0.6416666507720947 0.640625 0.675000011920929 0.645312488079071 0.6770833134651184 0.682812511920929 0.6708333492279053
0 0.526562511920929 0.4958333373069763 0.518750011920929 0.550000011920929 0.534375011920929 0.5562499761581421 0.543749988079071 0.5562499761581421 0.551562488079071 0.512499988079071 0.551562488079071 0.5020833611488342 0.534375011920929 0.4958333373069763
0 0.5 0.5479166507720947 0.4906249940395355 0.5458333492279053 0.45781248807907104 0.5520833134651184 0.4593749940395355 0.5854166746139526 0.46406251192092896 0.5874999761581421 0.5015624761581421 0.581250011920929
0 0.6156250238418579 0.4958333373069763 0.6078125238418579 0.550000011920929 0.6234375238418579 0.5562499761581421 0.6328125 0.5562499761581421 0.640625 0.512499988079071 0.640625 0.5020833611488342 0.6234375238418579 0.4958333373069763
0 0.6390625238418579 0.574999988079071 0.629687488079071 0.5729166865348816 0.596875011920929 0.5791666507720947 0.598437488079071 0.612500011920929 0.6031249761581421 0.6145833134651184 0.640625 0.6083333492279053
0 0.5640624761581421 0.47708332538604736 0.5609375238418579 0.47708332538604736 0.546875 0.49791666865348816 0.546875 0.5 0.5531250238418579 0.5020833611488342 0.5531250238418579 0.512499988079071 0.5484374761581421 0.5333333611488342 0.5531250238418579 0.5395833253860474 0.5562499761581421 0.5395833253860474 0.581250011920929 0.5 0.581250011920929 0.4958333373069763
0 0.504687488079071 0.574999988079071 0.503125011920929 0.581250011920929 0.4984374940395355 0.5833333134651184 0.4828124940395355 0.6104166507720947 0.4984374940395355 0.6187499761581421 0.503125011920929 0.6187499761581421 0.5078125 0.625 0.5218750238418579 0.6041666865348816 0.5249999761581421 0.59375 0.512499988079071 0.5791666507720947
0 0.565625011920929 0.5395833253860474 0.557812511920929 0.5625 0.557812511920929 0.5729166865348816 0.5953124761581421 0.5916666388511658 0.5953124761581421 0.5791666507720947 0.6015625 0.574999988079071 0.604687511920929 0.5583333373069763 0.596875011920929 0.550000011920929 0.5921875238418579 0.550000011920929 0.5796874761581421 0.5416666865348816
0 0.5390625 0.6604166626930237 0.5234375 0.7104166746139526 0.534375011920929 0.71875 0.546875 0.7229166626930237 0.5625 0.6729166507720947 0.543749988079071 0.6604166626930237
0 0.44843751192092896 0.5208333134651184 0.4390625059604645 0.518750011920929 0.40625 0.5249999761581421 0.4078125059604645 0.5583333373069763 0.4124999940395355 0.5604166388511658 0.44999998807907104 0.5541666746139526
0 0.590624988079071 0.6604166626930237 0.574999988079071 0.7104166746139526 0.5859375 0.71875 0.598437488079071 0.7229166626930237 0.614062488079071 0.6729166507720947 0.5953124761581421 0.6604166626930237
0 0.565625011920929 0.5979166626930237 0.557812511920929 0.6520833373069763 0.573437511920929 0.6583333611488342 0.582812488079071 0.6583333611488342 0.590624988079071 0.6145833134651184 0.590624988079071 0.6041666865348816 0.573437511920929 0.5979166626930237