0 0.526562511920929 0.543749988079071 0.510937511920929 0.59375 0.5218750238418579 0.6020833253860474 0.534375011920929 0.606249988079071 0.550000011920929 0.5562499761581421 0.53125 0.543749988079071
0 0.4906249940395355 0.5166666507720947 0.4828124940395355 0.5708333253860474 0.4984374940395355 0.5770833492279053 0.5078125 0.5770833492279053 0.515625 0.5333333611488342 0.515625 0.5229166746139526 0.4984374940395355 0.5166666507720947
0 0.4984374940395355 0.606249988079071 0.48906248807907104 0.6041666865348816 0.45625001192092896 0.6104166507720947 0.45781248807907104 0.643750011920929 0.4625000059604645 0.6458333134651184 0.5 0.6395833492279053
0 0.5625 0.5166666507720947 0.5546875 0.5395833253860474 0.5546875 0.550000011920929 0.5921875238418579 0.5687500238418579 0.596875011920929 0.5583333373069763 0.6015625 0.5354166626930237 0.59375 0.5270833373069763 0.589062511920929 0.5270833373069763 0.5765625238418579 0.518750011920929
0 0.660937488079071 0.5 0.6578124761581421 0.5 0.6328125 0.5395833253860474 0.6328125 0.543749988079071 0.6499999761581421 0.5625 0.653124988079071 0.5625 0.6781250238418579 0.5229166746139526 0.6781250238418579 0.518750011920929
0 0.4609375 0.5479166507720947 0.45781248807907104 0.5479166507720947 0.43281251192092896 0.5874999761581421 0.43281251192092896 0.5916666388511658 0.44999998807907104 0.6104166507720947 0.453125 0.6104166507720947 0.4781250059604645 0.5708333253860474 0.4781250059604645 0.5666666626930237
0 0.589062511920929 0.4937500059604645 0.581250011920929 0.5208333134651184 0.59375 0.5249999761581421 0.6031249761581421 0.5354166626930237 0.6031249761581421 0.5395833253860474 0.6187499761581421 0.5458333492279053 0.6234375238418579 0.5354166626930237 0.628125011920929 0.512499988079071 0.620312511920929 0.5041666626930237 0.6156250238418579 0.5041666626930237 0.6031249761581421 0.4958333373069763
0 0.5796874761581421 0.5645833611488342 0.5546875 0.5520833134651184 0.542187511920929 0.5854166746139526 0.5406249761581421 0.5958333611488342 0.551562488079071 0.6083333492279053 0.5546875 0.6083333492279053 0.5765625238418579 0.574999988079071
0 0.637499988079071 0.5770833492279053 0.629687488079071 0.6312500238418579 0.645312488079071 0.637499988079071 0.6546875238418579 0.637499988079071 0.6625000238418579 0.59375 0.6625000238418579 0.5833333134651184 0.645312488079071 0.5770833492279053
0 0.6109374761581421 0.637499988079071 0.6031249761581421 0.6604166626930237 0.6031249761581421 0.6708333492279053 0.640625 0.6895833611488342 0.645312488079071 0.6791666746139526 0.6499999761581421 0.65625 0.6421874761581421 0.6479166746139526 0.637499988079071 0.6479166746139526 0.625 0.6395833492279053
0 0.4781250059604645 0.643750011920929 0.46562498807907104 0.6458333134651184 0.4453125 0.6791666746139526 0.4453125 0.6833333373069763 0.4625000059604645 0.7020833492279053 0.46562498807907104 0.7020833492279053 0.4906249940395355 0.6625000238418579 0.4906249940395355 0.6583333611488342