0 0.5796874761581421 0.637499988079071 0.5703125 0.6354166865348816 0.5375000238418579 0.6416666507720947 0.5390625 0.675000011920929 0.543749988079071 0.6770833134651184 0.581250011920929 0.6708333492279053
0 0.5093749761581421 0.5020833611488342 0.5 0.5 0.4671874940395355 0.5062500238418579 0.46875 0.5395833253860474 0.47343748807907104 0.5416666865348816 0.510937511920929 0.5354166626930237
0 0.5015624761581421 0.6645833253860474 0.4937500059604645 0.6875 0.4937500059604645 0.6979166865348816 0.53125 0.7166666388511658 0.535937488079071 0.706250011920929 0.5406249761581421 0.6833333373069763 0.5328124761581421 0.675000011920929 0.528124988079071 0.675000011920929 0.515625 0.6666666865348816
0 0.4515624940395355 0.581250011920929 0.44843751192092896 0.581250011920929 0.4234375059604645 0.6208333373069763 0.4234375059604645 0.625 0.44062501192092896 0.643750011920929 0.4437499940395355 0.643750011920929 0.46875 0.6041666865348816 0.46875 0.6000000238418579
0 0.5140625238418579 0.5708333253860474 0.4984374940395355 0.6208333373069763 0.5093749761581421 0.6291666626930237 0.5218750238418579 0.6333333253860474 0.5375000238418579 0.5833333134651184 0.518750011920929 0.5708333253860474
0 0.578125 0.5874999761581421 0.5625 0.6354166865348816 0.578125 0.6333333253860474 0.581250011920929 0.637499988079071 0.581250011920929 0.6499999761581421 0.5859375 0.6499999761581421 0.6015625 0.6000000238418579 0.582812488079071 0.5874999761581421
0 0.47343748807907104 0.6208333373069763 0.4671874940395355 0.6416666507720947 0.46875 0.6541666388511658 0.49687498807907104 0.668749988079071 0.5015624761581421 0.6625000238418579 0.5093749761581421 0.6604166626930237 0.5140625238418579 0.643750011920929 0.512499988079071 0.6354166865348816 0.5062500238418579 0.6291666626930237 0.5015624761581421 0.6291666626930237 0.48906248807907104 0.6208333373069763 0.48124998807907104 0.6187499761581421
0 0.44218748807907104 0.4937500059604645 0.43281251192092896 0.49166667461395264 0.4000000059604645 0.49791666865348816 0.40156251192092896 0.53125 0.40625 0.5333333611488342 0.4437499940395355 0.5270833373069763
0 0.5718749761581421 0.675000011920929 0.551562488079071 0.6770833134651184 0.5390625 0.6958333253860474 0.535937488079071 0.7083333134651184 0.551562488079071 0.7270833253860474 0.5546875 0.7270833253860474 0.5796874761581421 0.6875 0.5796874761581421 0.6833333373069763
0 0.643750011920929 0.6208333373069763 0.635937511920929 0.643750011920929 0.635937511920929 0.6541666388511658 0.6734374761581421 0.6729166507720947 0.6781250238418579 0.6625000238418579 0.682812511920929 0.6395833492279053 0.675000011920929 0.6312500238418579 0.6703125238418579 0.6312500238418579 0.6578124761581421 0.6229166388511658
0 0.629687488079071 0.5895833373069763 0.6265624761581421 0.5895833373069763 0.6015625 0.6291666626930237 0.6015625 0.6333333253860474 0.6187499761581421 0.6520833373069763 0.621874988079071 0.6520833373069763 0.6468750238418579 0.612500011920929 0.6468750238418579 0.6083333492279053
0 0.668749988079071 0.4854166805744171 0.659375011920929 0.4833333194255829 0.6265624761581421 0.4895833432674408 0.628125011920929 0.5229166746139526 0.6328125 0.5249999761581421 0.6703125238418579 0.518750011920929
0 0.4234375059604645 0.5395833253860474 0.4078125059604645 0.5895833373069763 0.41874998807907104 0.5979166626930237 0.4312500059604645 0.6020833253860474 0.4468750059604645 0.5520833134651184 0.4281249940395355 0.5395833253860474