0 0.6171875 0.5562499761581421 0.609375 0.6104166507720947 0.625 0.6166666746139526 0.6343749761581421 0.6166666746139526 0.6421874761581421 0.5729166865348816 0.6421874761581421 0.5625 0.625 0.5562499761581421
0 0.4515624940395355 0.5854166746139526 0.4437499940395355 0.6395833492279053 0.4593749940395355 0.6458333134651184 0.46875 0.6458333134651184 0.4765625 0.6020833253860474 0.4765625 0.5916666388511658 0.4593749940395355 0.5854166746139526
0 0.550000011920929 0.6333333253860474 0.534375011920929 0.6833333373069763 0.5453125238418579 0.6916666626930237 0.557812511920929 0.6958333253860474 0.573437511920929 0.6458333134651184 0.5546875 0.6333333253860474
0 0.581250011920929 0.5979166626930237 0.578125 0.5979166626930237 0.5562499761581421 0.6333333253860474 0.574999988079071 0.6458333134651184 0.5718749761581421 0.6604166626930237 0.5796874761581421 0.6520833373069763 0.598437488079071 0.6208333373069763 0.598437488079071 0.6166666746139526
0 0.528124988079071 0.5979166626930237 0.520312488079071 0.6520833373069763 0.5406249761581421 0.6583333611488342 0.551562488079071 0.625 0.5531250238418579 0.6041666865348816 0.535937488079071 0.5979166626930237
0 0.4312500059604645 0.48124998807907104 0.4234375059604645 0.5354166626930237 0.4390625059604645 0.5416666865348816 0.44843751192092896 0.5416666865348816 0.45625001192092896 0.49791666865348816 0.45625001192092896 0.48750001192092896 0.4390625059604645 0.48124998807907104
0 0.48906248807907104 0.550000011920929 0.48124998807907104 0.5729166865348816 0.48124998807907104 0.5833333134651184 0.518750011920929 0.6020833253860474 0.5234375 0.5916666388511658 0.528124988079071 0.5687500238418579 0.520312488079071 0.5604166388511658 0.515625 0.5604166388511658 0.503125011920929 0.5520833134651184
0 0.614062488079071 0.4749999940395355 0.598437488079071 0.5249999761581421 0.609375 0.5333333611488342 0.621874988079071 0.5375000238418579 0.637499988079071 0.48750001192092896 0.6187499761581421 0.4749999940395355
0 0.47343748807907104 0.5333333611488342 0.47187501192092896 0.53125 0.4515624940395355 0.5333333611488342 0.44843751192092896 0.543749988079071 0.4312500059604645 0.5416666865348816 0.43281251192092896 0.5708333253860474 0.4375 0.5729166865348816 0.4749999940395355 0.5666666626930237
0 0.41874998807907104 0.5645833611488342 0.41093748807907104 0.6187499761581421 0.42656248807907104 0.625 0.4359374940395355 0.625 0.4437499940395355 0.5729166865348816 0.43437498807907104 0.574999988079071 0.4312500059604645 0.5666666626930237
0 0.625 0.6625000238418579 0.609375 0.7124999761581421 0.620312511920929 0.7208333611488342 0.6328125 0.7250000238418579 0.6484375 0.675000011920929 0.629687488079071 0.6625000238418579
0 0.4000000059604645 0.6395833492279053 0.3921875059604645 0.6625000238418579 0.3921875059604645 0.6729166507720947 0.4296875 0.6916666626930237 0.43437498807907104 0.6812499761581421 0.4390625059604645 0.6583333611488342 0.4312500059604645 0.6499999761581421 0.42656248807907104 0.6499999761581421 0.4140625 0.6416666507720947
0 0.596875011920929 0.4937500059604645 0.59375 0.4937500059604645 0.5687500238418579 0.5333333611488342 0.5687500238418579 0.5375000238418579 0.5859375 0.5562499761581421 0.589062511920929 0.5562499761581421 0.604687511920929 0.5333333611488342 0.596875011920929 0.5249999761581421 0.6031249761581421 0.5041666626930237 0.6031249761581421 0.5
0 0.645312488079071 0.6020833253860474 0.6421874761581421 0.6020833253860474 0.637499988079071 0.6083333492279053 0.635937511920929 0.6166666746139526 0.6312500238418579 0.6187499761581421 0.6171875 0.6416666507720947 0.6171875 0.6458333134651184 0.6343749761581421 0.6645833253860474 0.637499988079071 0.6645833253860474 0.6625000238418579 0.625 0.6625000238418579 0.6208333373069763
0 0.640625 0.4895833432674408 0.6328125 0.512499988079071 0.6328125 0.5229166746139526 0.6703125238418579 0.5416666865348816 0.675000011920929 0.53125 0.6796875 0.5083333253860474 0.671875 0.5 0.667187511920929 0.5 0.6546875238418579 0.49166667461395264
0 0.504687488079071 0.6104166507720947 0.49531251192092896 0.6083333492279053 0.4765625 0.612500011920929 0.4703125059604645 0.6458333134651184 0.46406251192092896 0.6479166746139526 0.46875 0.6499999761581421 0.4703125059604645 0.6479166746139526 0.5062500238418579 0.643750011920929
0 0.44062501192092896 0.6333333253860474 0.43437498807907104 0.6499999761581421 0.44062501192092896 0.6583333611488342 0.44062501192092896 0.6645833253860474 0.43281251192092896 0.6895833611488342 0.44843751192092896 0.6958333253860474 0.46406251192092896 0.6499999761581421 0.45781248807907104 0.6458333134651184 0.4453125 0.643750011920929