0 0.589062511920929 0.6666666865348816 0.581250011920929 0.6895833611488342 0.581250011920929 0.699999988079071 0.6187499761581421 0.71875 0.6234375238418579 0.7083333134651184 0.628125011920929 0.6854166388511658 0.620312511920929 0.6770833134651184 0.6156250238418579 0.6770833134651184 0.6031249761581421 0.668749988079071
0 0.598437488079071 0.47708332538604736 0.582812488079071 0.5270833373069763 0.59375 0.5354166626930237 0.606249988079071 0.5395833253860474 0.621874988079071 0.4895833432674408 0.6031249761581421 0.47708332538604736
0 0.4359374940395355 0.65625 0.43281251192092896 0.65625 0.4078125059604645 0.6958333253860474 0.4078125059604645 0.699999988079071 0.42500001192092896 0.71875 0.4281249940395355 0.71875 0.453125 0.6791666746139526 0.453125 0.675000011920929
0 0.5953124761581421 0.5395833253860474 0.5874999761581421 0.59375 0.6031249761581421 0.6000000238418579 0.612500011920929 0.6000000238418579 0.620312511920929 0.5562499761581421 0.620312511920929 0.5458333492279053
0 0.6109374761581421 0.5375000238418579 0.609375 0.5395833253860474 0.621874988079071 0.5458333492279053 0.6171875 0.5791666507720947 0.640625 0.5895833373069763 0.645312488079071 0.5791666507720947 0.6499999761581421 0.5562499761581421 0.6421874761581421 0.5479166507720947 0.637499988079071 0.5479166507720947 0.625 0.5395833253860474
0 0.4921875 0.47708332538604736 0.48906248807907104 0.47708332538604736 0.46406251192092896 0.5166666507720947 0.46406251192092896 0.5208333134651184 0.48124998807907104 0.5395833253860474 0.484375 0.5395833253860474 0.5093749761581421 0.5 0.5093749761581421 0.4958333373069763
0 0.65625 0.5770833492279053 0.6468750238418579 0.574999988079071 0.640625 0.5916666388511658 0.6171875 0.581250011920929 0.614062488079071 0.5958333611488342 0.6156250238418579 0.6145833134651184 0.620312511920929 0.6166666746139526 0.6578124761581421 0.6104166507720947
0 0.47187501192092896 0.6208333373069763 0.46406251192092896 0.643750011920929 0.46406251192092896 0.6541666388511658 0.5015624761581421 0.6729166507720947 0.5062500238418579 0.6625000238418579 0.510937511920929 0.6395833492279053 0.503125011920929 0.6312500238418579 0.4984374940395355 0.6312500238418579 0.4859375059604645 0.6229166388511658
0 0.651562511920929 0.6541666388511658 0.643750011920929 0.7083333134651184 0.659375011920929 0.7145833373069763 0.668749988079071 0.7145833373069763 0.676562488079071 0.6708333492279053 0.676562488079071 0.6604166626930237 0.659375011920929 0.6541666388511658
0 0.4609375 0.6604166626930237 0.4609375 0.6791666746139526 0.46406251192092896 0.6958333253860474 0.504687488079071 0.6895833611488342 0.504687488079071 0.6708333492279053 0.5015624761581421 0.675000011920929 0.4984374940395355 0.675000011920929 0.46875 0.6583333611488342
0 0.44999998807907104 0.5979166626930237 0.44218748807907104 0.6520833373069763 0.44999998807907104 0.65625 0.46562498807907104 0.6583333611488342 0.4625000059604645 0.6541666388511658 0.4625000059604645 0.643750011920929 0.46875 0.6229166388511658 0.4749999940395355 0.6145833134651184 0.4749999940395355 0.6041666865348816
0 0.5609375238418579 0.5874999761581421 0.5453125238418579 0.637499988079071 0.5562499761581421 0.6458333134651184 0.5687500238418579 0.6499999761581421 0.5843750238418579 0.6000000238418579 0.565625011920929 0.5874999761581421
0 0.589062511920929 0.6166666746139526 0.582812488079071 0.6187499761581421 0.5687500238418579 0.6625000238418579 0.5703125 0.668749988079071 0.5843750238418579 0.6770833134651184 0.589062511920929 0.6645833253860474 0.596875011920929 0.6666666865348816 0.6078125238418579 0.6333333253860474 0.606249988079071 0.6270833611488342
0 0.5703125 0.543749988079071 0.567187488079071 0.543749988079071 0.542187511920929 0.5833333134651184 0.542187511920929 0.5874999761581421 0.5531250238418579 0.6000000238418579 0.5562499761581421 0.5979166626930237 0.557812511920929 0.5895833373069763 0.5609375238418579 0.5854166746139526 0.573437511920929 0.5895833373069763 0.5874999761581421 0.5666666626930237 0.5874999761581421 0.5625