0 0.6328125 0.46666666865348816 0.629687488079071 0.46666666865348816 0.604687511920929 0.5062500238418579 0.604687511920929 0.5104166865348816 0.621874988079071 0.5291666388511658 0.625 0.5291666388511658 0.6499999761581421 0.4895833432674408 0.6499999761581421 0.4854166805744171
0 0.49531251192092896 0.5708333253860474 0.48750001192092896 0.625 0.503125011920929 0.6312500238418579 0.512499988079071 0.6312500238418579 0.520312488079071 0.5874999761581421 0.520312488079071 0.5770833492279053 0.503125011920929 0.5708333253860474
0 0.4906249940395355 0.4958333373069763 0.48750001192092896 0.4958333373069763 0.4625000059604645 0.5354166626930237 0.4625000059604645 0.5395833253860474 0.47968751192092896 0.5583333373069763 0.4828124940395355 0.5583333373069763 0.5078125 0.518750011920929 0.5078125 0.5145833492279053
0 0.40625 0.5020833611488342 0.3984375 0.5562499761581421 0.4140625 0.5625 0.4234375059604645 0.5625 0.4312500059604645 0.518750011920929 0.4312500059604645 0.5083333253860474 0.4140625 0.5020833611488342
0 0.5796874761581421 0.5916666388511658 0.5718749761581421 0.6458333134651184 0.5874999761581421 0.6520833373069763 0.596875011920929 0.6520833373069763 0.604687511920929 0.6083333492279053 0.604687511920929 0.5979166626930237 0.5874999761581421 0.5916666388511658
0 0.635937511920929 0.6083333492279053 0.628125011920929 0.6625000238418579 0.643750011920929 0.668749988079071 0.653124988079071 0.668749988079071 0.660937488079071 0.625 0.660937488079071 0.6145833134651184 0.643750011920929 0.6083333492279053
0 0.612500011920929 0.5520833134651184 0.606249988079071 0.5874999761581421 0.606249988079071 0.6083333492279053 0.629687488079071 0.612500011920929 0.637499988079071 0.5687500238418579 0.637499988079071 0.5583333373069763 0.620312511920929 0.5520833134651184
0 0.535937488079071 0.6645833253860474 0.520312488079071 0.7145833373069763 0.53125 0.7229166626930237 0.543749988079071 0.7270833253860474 0.559374988079071 0.6770833134651184 0.5406249761581421 0.6645833253860474
0 0.4359374940395355 0.5354166626930237 0.4203124940395355 0.5854166746139526 0.4312500059604645 0.59375 0.4437499940395355 0.5979166626930237 0.4593749940395355 0.5479166507720947 0.44062501192092896 0.5354166626930237
0 0.5218750238418579 0.6312500238418579 0.515625 0.6291666626930237 0.512499988079071 0.6333333253860474 0.49531251192092896 0.6312500238418579 0.48906248807907104 0.6708333492279053 0.4906249940395355 0.6812499761581421 0.5140625238418579 0.6854166388511658 0.5218750238418579 0.6416666507720947
0 0.606249988079071 0.5520833134651184 0.596875011920929 0.550000011920929 0.5640624761581421 0.5562499761581421 0.565625011920929 0.5895833373069763 0.5703125 0.5916666388511658 0.606249988079071 0.5854166746139526 0.6078125238418579 0.574999988079071
0 0.42500001192092896 0.6041666865348816 0.40937501192092896 0.6541666388511658 0.4203124940395355 0.6625000238418579 0.43281251192092896 0.6666666865348816 0.44843751192092896 0.6166666746139526 0.4296875 0.6041666865348816
0 0.45781248807907104 0.6583333611488342 0.45625001192092896 0.65625 0.4375 0.6583333611488342 0.43281251192092896 0.668749988079071 0.4156250059604645 0.6625000238418579 0.41718751192092896 0.6958333253860474 0.421875 0.6979166865348816 0.4593749940395355 0.6916666626930237
0 0.573437511920929 0.4729166626930237 0.5703125 0.4729166626930237 0.5453125238418579 0.512499988079071 0.5453125238418579 0.5166666507720947 0.5625 0.5354166626930237 0.565625011920929 0.5354166626930237 0.590624988079071 0.4958333373069763 0.590624988079071 0.49166667461395264
0 0.551562488079071 0.6104166507720947 0.542187511920929 0.6083333492279053 0.5406249761581421 0.6104166507720947 0.5171874761581421 0.612500011920929 0.5140625238418579 0.6270833611488342 0.5234375 0.6312500238418579 0.5218750238418579 0.6479166746139526 0.5531250238418579 0.643750011920929