0 0.589062511920929 0.5645833611488342 0.581250011920929 0.5874999761581421 0.581250011920929 0.5979166626930237 0.6187499761581421 0.6166666746139526 0.6234375238418579 0.606249988079071 0.628125011920929 0.5833333134651184 0.620312511920929 0.574999988079071 0.6156250238418579 0.574999988079071 0.6031249761581421 0.5666666626930237
0 0.5234375 0.6104166507720947 0.515625 0.6645833253860474 0.53125 0.6708333492279053 0.5406249761581421 0.6708333492279053 0.5484374761581421 0.6270833611488342 0.5484374761581421 0.6166666746139526 0.53125 0.6104166507720947
0 0.4359374940395355 0.59375 0.4281249940395355 0.6479166746139526 0.4437499940395355 0.6541666388511658 0.453125 0.6541666388511658 0.4609375 0.6104166507720947 0.4609375 0.6000000238418579 0.4437499940395355 0.59375
0 0.4921875 0.612500011920929 0.484375 0.6666666865348816 0.5 0.6729166507720947 0.5093749761581421 0.6729166507720947 0.5171874761581421 0.6291666626930237 0.5171874761581421 0.6187499761581421 0.5 0.612500011920929
0 0.4078125059604645 0.4749999940395355 0.4000000059604645 0.5291666388511658 0.4156250059604645 0.5354166626930237 0.42500001192092896 0.5354166626930237 0.43281251192092896 0.49166667461395264 0.43281251192092896 0.48124998807907104 0.4156250059604645 0.4749999940395355
0 0.582812488079071 0.5208333134651184 0.5796874761581421 0.5208333134651184 0.5546875 0.5604166388511658 0.5546875 0.5645833611488342 0.5718749761581421 0.5833333134651184 0.574999988079071 0.5833333134651184 0.6000000238418579 0.543749988079071 0.6000000238418579 0.5395833253860474
0 0.640625 0.5958333611488342 0.629687488079071 0.5895833373069763 0.621874988079071 0.6145833134651184 0.6187499761581421 0.6187499761581421 0.606249988079071 0.6145833134651184 0.6015625 0.6333333253860474 0.612500011920929 0.6416666507720947 0.625 0.6458333134651184
0 0.5171874761581421 0.5416666865348816 0.5078125 0.5395833253860474 0.4749999940395355 0.5458333492279053 0.4765625 0.5791666507720947 0.48124998807907104 0.581250011920929 0.518750011920929 0.574999988079071
0 0.614062488079071 0.4958333373069763 0.6109374761581421 0.4958333373069763 0.590624988079071 0.5270833373069763 0.6015625 0.5395833253860474 0.6015625 0.543749988079071 0.596875011920929 0.5520833134651184 0.6031249761581421 0.5583333373069763 0.606249988079071 0.5583333373069763 0.6312500238418579 0.518750011920929 0.6312500238418579 0.5145833492279053
0 0.5171874761581421 0.5395833253860474 0.520312488079071 0.5562499761581421 0.520312488079071 0.574999988079071 0.5140625238418579 0.5770833492279053 0.5453125238418579 0.5916666388511658 0.550000011920929 0.581250011920929 0.5546875 0.5583333373069763 0.546875 0.550000011920929 0.542187511920929 0.550000011920929 0.5296875238418579 0.5416666865348816
0 0.6328125 0.5333333611488342 0.620312511920929 0.5729166865348816 0.629687488079071 0.5833333134651184 0.629687488079071 0.5874999761581421 0.640625 0.59375 0.653124988079071 0.5604166388511658 0.65625 0.5458333492279053 0.637499988079071 0.5333333611488342
0 0.550000011920929 0.6187499761581421 0.542187511920929 0.6708333492279053 0.5375000238418579 0.6729166507720947 0.5531250238418579 0.6791666746139526 0.5625 0.6791666746139526 0.5703125 0.6354166865348816 0.5703125 0.625
0 0.620312511920929 0.6520833373069763 0.6171875 0.6520833373069763 0.5921875238418579 0.6916666626930237 0.5921875238418579 0.6958333253860474 0.609375 0.7145833373069763 0.612500011920929 0.7145833373069763 0.637499988079071 0.675000011920929 0.637499988079071 0.6708333492279053
0 0.6781250238418579 0.6625000238418579 0.668749988079071 0.6604166626930237 0.635937511920929 0.6666666865348816 0.6390625238418579 0.6708333492279053 0.635937511920929 0.6791666746139526 0.637499988079071 0.699999988079071 0.6421874761581421 0.7020833492279053 0.6796875 0.6958333253860474
0 0.5062500238418579 0.47083333134651184 0.4906249940395355 0.5208333134651184 0.5015624761581421 0.5291666388511658 0.5140625238418579 0.5333333611488342 0.5296875238418579 0.4833333194255829 0.510937511920929 0.47083333134651184