0 0.4468750059604645 0.5395833253860474 0.4375 0.5375000238418579 0.4046874940395355 0.543749988079071 0.40625 0.5770833492279053 0.41093748807907104 0.5791666507720947 0.44843751192092896 0.5729166865348816
0 0.5093749761581421 0.47708332538604736 0.5062500238418579 0.47708332538604736 0.48124998807907104 0.5166666507720947 0.48124998807907104 0.5208333134651184 0.4984374940395355 0.5395833253860474 0.5015624761581421 0.5395833253860474 0.526562511920929 0.5 0.526562511920929 0.4958333373069763
0 0.6156250238418579 0.5166666507720947 0.606249988079071 0.5145833492279053 0.573437511920929 0.5208333134651184 0.574999988079071 0.5541666746139526 0.5796874761581421 0.5562499761581421 0.6171875 0.550000011920929
0 0.4921875 0.6458333134651184 0.4828124940395355 0.643750011920929 0.44999998807907104 0.6499999761581421 0.4515624940395355 0.6833333373069763 0.45625001192092896 0.6854166388511658 0.4937500059604645 0.6791666746139526
0 0.503125011920929 0.6208333373069763 0.4906249940395355 0.606249988079071 0.4828124940395355 0.6020833253860474 0.45781248807907104 0.6416666507720947 0.45781248807907104 0.6458333134651184 0.48124998807907104 0.643750011920929 0.4828124940395355 0.6416666507720947 0.4906249940395355 0.6416666507720947 0.4921875 0.643750011920929 0.503125011920929 0.625
0 0.41718751192092896 0.6541666388511658 0.40937501192092896 0.6770833134651184 0.40937501192092896 0.6875 0.4468750059604645 0.706250011920929 0.453125 0.6895833611488342 0.44999998807907104 0.6833333373069763 0.44843751192092896 0.6645833253860474 0.4437499940395355 0.6645833253860474 0.4312500059604645 0.65625
0 0.596875011920929 0.6479166746139526 0.59375 0.6479166746139526 0.5687500238418579 0.6875 0.5687500238418579 0.6916666626930237 0.5859375 0.7104166746139526 0.589062511920929 0.7104166746139526 0.614062488079071 0.6708333492279053 0.614062488079071 0.6666666865348816
0 0.4671874940395355 0.5 0.46406251192092896 0.5 0.44218748807907104 0.5354166626930237 0.4453125 0.5354166626930237 0.44843751192092896 0.5395833253860474 0.44843751192092896 0.5520833134651184 0.45625001192092896 0.5625 0.4593749940395355 0.5625 0.4828124940395355 0.5249999761581421 0.47968751192092896 0.5208333134651184 0.48124998807907104 0.5145833492279053
0 0.6328125 0.612500011920929 0.6171875 0.6625000238418579 0.628125011920929 0.6708333492279053 0.640625 0.675000011920929 0.65625 0.625 0.637499988079071 0.612500011920929
0 0.609375 0.606249988079071 0.596875011920929 0.6458333134651184 0.6171875 0.668749988079071 0.6156250238418579 0.6583333611488342 0.629687488079071 0.6166666746139526 0.614062488079071 0.606249988079071
0 0.6546875238418579 0.643750011920929 0.651562511920929 0.6458333134651184 0.6421874761581421 0.675000011920929 0.6343749761581421 0.6770833134651184 0.6312500238418579 0.6875 0.6328125 0.6937500238418579 0.6499999761581421 0.7041666507720947 0.6546875238418579 0.7041666507720947 0.6703125238418579 0.6583333611488342 0.668749988079071 0.6520833373069763
0 0.567187488079071 0.48750001192092896 0.5640624761581421 0.48750001192092896 0.5390625 0.5270833373069763 0.5390625 0.53125 0.5562499761581421 0.550000011920929 0.559374988079071 0.550000011920929 0.5718749761581421 0.53125 0.5718749761581421 0.5208333134651184 0.581250011920929 0.5166666507720947 0.5843750238418579 0.5104166865348816 0.5843750238418579 0.5062500238418579