0 0.535937488079071 0.5395833253860474 0.528124988079071 0.59375 0.543749988079071 0.6000000238418579 0.5531250238418579 0.6000000238418579 0.5609375238418579 0.5562499761581421 0.5609375238418579 0.5458333492279053 0.543749988079071 0.5395833253860474
0 0.620312511920929 0.625 0.6171875 0.625 0.5921875238418579 0.6645833253860474 0.5921875238418579 0.668749988079071 0.609375 0.6875 0.612500011920929 0.6875 0.637499988079071 0.6479166746139526 0.637499988079071 0.643750011920929
0 0.5249999761581421 0.5874999761581421 0.5093749761581421 0.637499988079071 0.520312488079071 0.6458333134651184 0.5328124761581421 0.6499999761581421 0.5484374761581421 0.6020833253860474 0.5296875238418579 0.5979166626930237
0 0.510937511920929 0.5645833611488342 0.5015624761581421 0.5625 0.46875 0.5687500238418579 0.4703125059604645 0.6020833253860474 0.4749999940395355 0.6041666865348816 0.512499988079071 0.5979166626930237
0 0.640625 0.49166667461395264 0.6312500238418579 0.4895833432674408 0.598437488079071 0.4958333373069763 0.6000000238418579 0.5291666388511658 0.604687511920929 0.53125 0.6421874761581421 0.5249999761581421
0 0.49531251192092896 0.5020833611488342 0.4921875 0.5020833611488342 0.4671874940395355 0.5416666865348816 0.4671874940395355 0.5458333492279053 0.484375 0.5645833611488342 0.4937500059604645 0.5562499761581421 0.512499988079071 0.5249999761581421 0.512499988079071 0.5208333134651184
0 0.4515624940395355 0.6166666746139526 0.4437499940395355 0.6395833492279053 0.4437499940395355 0.6499999761581421 0.48124998807907104 0.668749988079071 0.4859375059604645 0.6583333611488342 0.4906249940395355 0.6354166865348816 0.4828124940395355 0.6270833611488342 0.4781250059604645 0.6270833611488342 0.46562498807907104 0.6187499761581421
0 0.5765625238418579 0.6499999761581421 0.5687500238418579 0.7041666507720947 0.5843750238418579 0.7104166746139526 0.59375 0.7104166746139526 0.598437488079071 0.6770833134651184 0.590624988079071 0.668749988079071 0.590624988079071 0.6645833253860474 0.5953124761581421 0.6583333611488342 0.5953124761581421 0.6541666388511658
0 0.635937511920929 0.5916666388511658 0.6234375238418579 0.6270833611488342 0.6390625238418579 0.643750011920929 0.635937511920929 0.6520833373069763 0.643750011920929 0.6541666388511658 0.659375011920929 0.6041666865348816 0.640625 0.5916666388511658
0 0.6000000238418579 0.5604166388511658 0.596875011920929 0.5604166388511658 0.5718749761581421 0.6000000238418579 0.5718749761581421 0.6041666865348816 0.589062511920929 0.6229166388511658 0.5921875238418579 0.6229166388511658 0.6171875 0.5833333134651184 0.6171875 0.5791666507720947
0 0.6781250238418579 0.6520833373069763 0.668749988079071 0.6499999761581421 0.635937511920929 0.65625 0.637499988079071 0.6895833611488342 0.6421874761581421 0.6916666626930237 0.6796875 0.6854166388511658
0 0.510937511920929 0.6416666507720947 0.49531251192092896 0.6916666626930237 0.5062500238418579 0.699999988079071 0.518750011920929 0.7041666507720947 0.534375011920929 0.6541666388511658