0 0.5765625238418579 0.47708332538604736 0.573437511920929 0.47708332538604736 0.5484374761581421 0.5166666507720947 0.5484374761581421 0.5208333134651184 0.565625011920929 0.5395833253860474 0.5687500238418579 0.5395833253860474 0.59375 0.5 0.59375 0.4958333373069763
0 0.4609375 0.5687500238418579 0.453125 0.6229166388511658 0.46875 0.6291666626930237 0.4781250059604645 0.6291666626930237 0.4859375059604645 0.5854166746139526 0.4859375059604645 0.574999988079071 0.46875 0.5687500238418579
0 0.6015625 0.6666666865348816 0.59375 0.6895833611488342 0.59375 0.699999988079071 0.6312500238418579 0.71875 0.635937511920929 0.7083333134651184 0.640625 0.6854166388511658 0.6328125 0.6770833134651184 0.628125011920929 0.6770833134651184 0.6156250238418579 0.668749988079071
0 0.4749999940395355 0.5083333253860474 0.47187501192092896 0.5083333253860474 0.4468750059604645 0.5479166507720947 0.4468750059604645 0.5520833134651184 0.4609375 0.5666666626930237 0.4703125059604645 0.5666666626930237 0.4921875 0.53125 0.4921875 0.5270833373069763
0 0.520312488079071 0.6458333134651184 0.504687488079071 0.6958333253860474 0.515625 0.7041666507720947 0.528124988079071 0.7083333134651184 0.543749988079071 0.6583333611488342 0.5249999761581421 0.6458333134651184
0 0.43437498807907104 0.5229166746139526 0.42500001192092896 0.5208333134651184 0.3921875059604645 0.5270833373069763 0.39375001192092896 0.5604166388511658 0.3984375 0.5625 0.4359374940395355 0.5562499761581421
0 0.4906249940395355 0.4833333194255829 0.4828124940395355 0.5062500238418579 0.4828124940395355 0.5145833492279053 0.4921875 0.5229166746139526 0.520312488079071 0.5354166626930237 0.5249999761581421 0.5249999761581421 0.5296875238418579 0.5020833611488342 0.5218750238418579 0.4937500059604645 0.5171874761581421 0.4937500059604645 0.504687488079071 0.4854166805744171
0 0.5375000238418579 0.5520833134651184 0.5296875238418579 0.574999988079071 0.5296875238418579 0.5854166746139526 0.567187488079071 0.6041666865348816 0.5718749761581421 0.59375 0.5765625238418579 0.5708333253860474 0.5687500238418579 0.5625 0.5640624761581421 0.5625 0.551562488079071 0.5541666746139526
0 0.5718749761581421 0.5958333611488342 0.567187488079071 0.606249988079071 0.543749988079071 0.5958333611488342 0.5328124761581421 0.6312500238418579 0.543749988079071 0.6395833492279053 0.5562499761581421 0.643750011920929
0 0.4906249940395355 0.6000000238418579 0.4828124940395355 0.6541666388511658 0.4984374940395355 0.6604166626930237 0.5078125 0.6604166626930237 0.515625 0.6166666746139526 0.515625 0.606249988079071 0.4984374940395355 0.6000000238418579
0 0.41718751192092896 0.5916666388511658 0.40937501192092896 0.6458333134651184 0.42500001192092896 0.6520833373069763 0.43437498807907104 0.6520833373069763 0.44218748807907104 0.6083333492279053 0.44218748807907104 0.5979166626930237 0.42500001192092896 0.5916666388511658
0 0.4593749940395355 0.675000011920929 0.4515624940395355 0.6979166865348816 0.4515624940395355 0.7083333134651184 0.48906248807907104 0.7270833253860474 0.4937500059604645 0.7166666388511658 0.4984374940395355 0.6937500238418579 0.4906249940395355 0.6854166388511658 0.4859375059604645 0.6854166388511658 0.47343748807907104 0.6770833134651184