0 0.4437499940395355 0.5854166746139526 0.4359374940395355 0.6083333492279053 0.4359374940395355 0.6187499761581421 0.47343748807907104 0.637499988079071 0.4781250059604645 0.6270833611488342 0.4828124940395355 0.6041666865348816 0.4749999940395355 0.5958333611488342 0.4703125059604645 0.5958333611488342 0.45781248807907104 0.5874999761581421
0 0.6000000238418579 0.5145833492279053 0.5921875238418579 0.5687500238418579 0.6078125238418579 0.574999988079071 0.6171875 0.574999988079071 0.625 0.53125 0.625 0.5208333134651184 0.6078125238418579 0.5145833492279053
0 0.620312511920929 0.5666666626930237 0.6187499761581421 0.574999988079071 0.614062488079071 0.5770833492279053 0.6078125238418579 0.6208333373069763 0.6234375238418579 0.6270833611488342 0.6328125 0.6270833611488342 0.640625 0.5833333134651184 0.640625 0.5729166865348816
0 0.44062501192092896 0.5333333611488342 0.4375 0.5333333611488342 0.4124999940395355 0.5729166865348816 0.4124999940395355 0.5770833492279053 0.4296875 0.5958333611488342 0.43281251192092896 0.5958333611488342 0.45781248807907104 0.5562499761581421 0.45781248807907104 0.5520833134651184
0 0.515625 0.6458333134651184 0.5078125 0.699999988079071 0.5234375 0.706250011920929 0.5328124761581421 0.706250011920929 0.5406249761581421 0.6625000238418579 0.5406249761581421 0.6520833373069763 0.5234375 0.6458333134651184
0 0.4437499940395355 0.46666666865348816 0.4281249940395355 0.5166666507720947 0.4390625059604645 0.5249999761581421 0.4515624940395355 0.5291666388511658 0.4671874940395355 0.4791666567325592 0.44843751192092896 0.46666666865348816
0 0.5718749761581421 0.6458333134651184 0.5640624761581421 0.668749988079071 0.5640624761581421 0.6791666746139526 0.6015625 0.6979166865348816 0.606249988079071 0.6875 0.6109374761581421 0.6645833253860474 0.6031249761581421 0.65625 0.598437488079071 0.65625 0.5859375 0.6479166746139526
0 0.5562499761581421 0.5208333134651184 0.5406249761581421 0.5708333253860474 0.551562488079071 0.5791666507720947 0.5640624761581421 0.5833333134651184 0.5796874761581421 0.5333333611488342 0.5609375238418579 0.5208333134651184
0 0.535937488079071 0.4895833432674408 0.5296875238418579 0.5104166865348816 0.53125 0.5229166746139526 0.551562488079071 0.53125 0.5531250238418579 0.5229166746139526 0.5562499761581421 0.518750011920929 0.5609375238418579 0.518750011920929 0.5718749761581421 0.5270833373069763 0.5765625238418579 0.512499988079071 0.574999988079071 0.5041666626930237 0.5687500238418579 0.49791666865348816 0.5640624761581421 0.49791666865348816 0.551562488079071 0.4895833432674408 0.543749988079071 0.48750001192092896
0 0.635937511920929 0.543749988079071 0.628125011920929 0.5666666626930237 0.640625 0.5708333253860474 0.6421874761581421 0.5854166746139526 0.6656249761581421 0.5958333611488342 0.6703125238418579 0.5854166746139526 0.675000011920929 0.5625 0.667187511920929 0.5541666746139526 0.6625000238418579 0.5541666746139526 0.6499999761581421 0.5458333492279053
0 0.503125011920929 0.6041666865348816 0.503125011920929 0.5854166746139526 0.5 0.5687500238418579 0.4593749940395355 0.574999988079071 0.4593749940395355 0.5874999761581421 0.4703125059604645 0.59375 0.4749999940395355 0.59375 0.484375 0.606249988079071
0 0.6421874761581421 0.6395833492279053 0.6265624761581421 0.6895833611488342 0.637499988079071 0.6979166865348816 0.6499999761581421 0.7020833492279053 0.6656249761581421 0.6520833373069763 0.6468750238418579 0.6395833492279053
0 0.6265624761581421 0.4833333194255829 0.609375 0.4729166626930237 0.604687511920929 0.4729166626930237 0.589062511920929 0.5229166746139526 0.596875011920929 0.5291666388511658 0.596875011920929 0.5208333134651184 0.6000000238418579 0.512499988079071 0.6187499761581421 0.5166666507720947 0.628125011920929 0.4895833432674408