0 0.4906249940395355 0.637499988079071 0.4828124940395355 0.6916666626930237 0.4984374940395355 0.6979166865348816 0.5078125 0.6979166865348816 0.515625 0.6541666388511658 0.515625 0.643750011920929 0.4984374940395355 0.637499988079071
0 0.46406251192092896 0.5874999761581421 0.45625001192092896 0.6416666507720947 0.47187501192092896 0.6479166746139526 0.48124998807907104 0.6479166746139526 0.48906248807907104 0.6041666865348816 0.48906248807907104 0.59375 0.47187501192092896 0.5874999761581421
0 0.573437511920929 0.5874999761581421 0.565625011920929 0.6416666507720947 0.581250011920929 0.6479166746139526 0.590624988079071 0.6479166746139526 0.598437488079071 0.6041666865348816 0.598437488079071 0.59375 0.581250011920929 0.5874999761581421
0 0.6390625238418579 0.6520833373069763 0.6312500238418579 0.675000011920929 0.6312500238418579 0.6854166388511658 0.668749988079071 0.7041666507720947 0.6734374761581421 0.6937500238418579 0.6781250238418579 0.6708333492279053 0.6703125238418579 0.6625000238418579 0.6656249761581421 0.6625000238418579 0.653124988079071 0.6541666388511658
0 0.546875 0.6208333373069763 0.5390625 0.643750011920929 0.5390625 0.6541666388511658 0.5765625238418579 0.6729166507720947 0.5843750238418579 0.6499999761581421 0.567187488079071 0.6458333134651184 0.5640624761581421 0.6416666507720947 0.565625011920929 0.6312500238418579 0.5640624761581421 0.625
0 0.4984374940395355 0.5562499761581421 0.48906248807907104 0.5541666746139526 0.45625001192092896 0.5604166388511658 0.45781248807907104 0.59375 0.4609375 0.5958333611488342 0.46406251192092896 0.5854166746139526 0.47187501192092896 0.5854166746139526 0.484375 0.5916666388511658 0.5 0.5895833373069763
0 0.6171875 0.6229166388511658 0.609375 0.6770833134651184 0.629687488079071 0.6833333373069763 0.629687488079071 0.675000011920929 0.6343749761581421 0.6583333611488342 0.640625 0.6499999761581421 0.6421874761581421 0.6291666626930237 0.625 0.6229166388511658
0 0.6078125238418579 0.49166667461395264 0.5921875238418579 0.5416666865348816 0.6031249761581421 0.550000011920929 0.6156250238418579 0.5541666746139526 0.6312500238418579 0.5041666626930237 0.612500011920929 0.49166667461395264
0 0.42656248807907104 0.5708333253860474 0.4234375059604645 0.5708333253860474 0.3984375 0.6104166507720947 0.3984375 0.6145833134651184 0.4156250059604645 0.6333333253860474 0.41874998807907104 0.6333333253860474 0.4437499940395355 0.59375 0.4437499940395355 0.5895833373069763
0 0.543749988079071 0.5062500238418579 0.5406249761581421 0.5062500238418579 0.515625 0.5458333492279053 0.515625 0.550000011920929 0.5328124761581421 0.5687500238418579 0.535937488079071 0.5687500238418579 0.5609375238418579 0.5291666388511658 0.5609375238418579 0.5249999761581421
0 0.6343749761581421 0.5458333492279053 0.6187499761581421 0.5958333611488342 0.629687488079071 0.6041666865348816 0.6421874761581421 0.6083333492279053 0.6578124761581421 0.5583333373069763 0.6390625238418579 0.5458333492279053
0 0.5234375 0.6625000238418579 0.5234375 0.6812499761581421 0.526562511920929 0.6979166865348816 0.567187488079071 0.6916666626930237 0.567187488079071 0.6729166507720947 0.5640624761581421 0.668749988079071 0.5562499761581421 0.6666666865348816 0.543749988079071 0.6583333611488342