0 0.520312488079071 0.5416666865348816 0.5171874761581421 0.5416666865348816 0.4921875 0.581250011920929 0.4921875 0.5854166746139526 0.5093749761581421 0.6041666865348816 0.512499988079071 0.6041666865348816 0.5375000238418579 0.5645833611488342 0.5375000238418579 0.5604166388511658
0 0.628125011920929 0.543749988079071 0.625 0.543749988079071 0.6000000238418579 0.5833333134651184 0.6000000238418579 0.5874999761581421 0.6171875 0.606249988079071 0.620312511920929 0.606249988079071 0.645312488079071 0.5666666626930237 0.645312488079071 0.5625
0 0.543749988079071 0.6104166507720947 0.535937488079071 0.6333333253860474 0.535937488079071 0.643750011920929 0.573437511920929 0.6625000238418579 0.578125 0.6520833373069763 0.582812488079071 0.6291666626930237 0.574999988079071 0.6208333373069763 0.5703125 0.6208333373069763 0.557812511920929 0.612500011920929
0 0.5874999761581421 0.5520833134651184 0.609375 0.5645833611488342 0.625 0.5416666865348816 0.6328125 0.5458333492279053 0.6343749761581421 0.5375000238418579 0.6265624761581421 0.5291666388511658 0.621874988079071 0.5291666388511658 0.609375 0.5208333134651184 0.5953124761581421 0.518750011920929 0.5874999761581421 0.5416666865348816
0 0.6625000238418579 0.5916666388511658 0.659375011920929 0.5916666388511658 0.6343749761581421 0.6312500238418579 0.6343749761581421 0.6354166865348816 0.651562511920929 0.6541666388511658 0.6546875238418579 0.6541666388511658 0.6796875 0.6145833134651184 0.6796875 0.6104166507720947
0 0.4703125059604645 0.65625 0.4625000059604645 0.6791666746139526 0.4625000059604645 0.6895833611488342 0.5 0.7083333134651184 0.504687488079071 0.6979166865348816 0.5093749761581421 0.675000011920929 0.5015624761581421 0.6666666865348816 0.49687498807907104 0.6666666865348816 0.484375 0.6583333611488342
0 0.640625 0.6187499761581421 0.6015625 0.625 0.6031249761581421 0.6583333611488342 0.6078125238418579 0.6604166626930237 0.645312488079071 0.6541666388511658 0.645312488079071 0.6499999761581421 0.6328125 0.6354166865348816 0.6328125 0.6312500238418579
0 0.4000000059604645 0.5375000238418579 0.3921875059604645 0.5916666388511658 0.4078125059604645 0.5979166626930237 0.41718751192092896 0.5979166626930237 0.42500001192092896 0.5541666746139526 0.42500001192092896 0.543749988079071 0.4078125059604645 0.5375000238418579
0 0.542187511920929 0.512499988079071 0.535937488079071 0.5479166507720947 0.535937488079071 0.5562499761581421 0.5390625 0.5645833611488342 0.535937488079071 0.5687500238418579 0.559374988079071 0.5729166865348816 0.567187488079071 0.5291666388511658 0.567187488079071 0.518750011920929 0.550000011920929 0.512499988079071
0 0.596875011920929 0.6499999761581421 0.589062511920929 0.7041666507720947 0.604687511920929 0.7104166746139526 0.614062488079071 0.7104166746139526 0.621874988079071 0.6604166626930237 0.604687511920929 0.6625000238418579 0.6015625 0.6583333611488342 0.6015625 0.6499999761581421
0 0.503125011920929 0.6000000238418579 0.504687488079071 0.612500011920929 0.5328124761581421 0.6270833611488342 0.5375000238418579 0.6270833611488342 0.5406249761581421 0.612500011920929 0.5484374761581421 0.606249988079071 0.550000011920929 0.5958333611488342 0.542187511920929 0.5874999761581421 0.528124988079071 0.5833333134651184 0.512499988079071 0.606249988079071 0.5093749761581421 0.606249988079071