0 0.4296875 0.53125 0.421875 0.5854166746139526 0.4375 0.5916666388511658 0.4468750059604645 0.5916666388511658 0.4546875059604645 0.5479166507720947 0.4546875059604645 0.5375000238418579 0.4375 0.53125
0 0.5453125238418579 0.6166666746139526 0.542187511920929 0.6166666746139526 0.5171874761581421 0.65625 0.5171874761581421 0.6604166626930237 0.534375011920929 0.6791666746139526 0.5375000238418579 0.6791666746139526 0.5625 0.6395833492279053 0.5625 0.6354166865348816
0 0.606249988079071 0.5916666388511658 0.590624988079071 0.6416666507720947 0.6015625 0.6499999761581421 0.614062488079071 0.6541666388511658 0.629687488079071 0.6041666865348816 0.6109374761581421 0.5916666388511658
0 0.573437511920929 0.6104166507720947 0.557812511920929 0.6604166626930237 0.5687500238418579 0.668749988079071 0.581250011920929 0.6729166507720947 0.590624988079071 0.6458333134651184 0.589062511920929 0.637499988079071 0.5953124761581421 0.6208333373069763 0.578125 0.6104166507720947
0 0.598437488079071 0.4895833432674408 0.5953124761581421 0.4895833432674408 0.5703125 0.5291666388511658 0.5703125 0.5333333611488342 0.5874999761581421 0.5520833134651184 0.590624988079071 0.5520833134651184 0.6156250238418579 0.512499988079071 0.6156250238418579 0.5083333253860474
0 0.45781248807907104 0.6229166388511658 0.44218748807907104 0.6729166507720947 0.453125 0.6812499761581421 0.46562498807907104 0.6854166388511658 0.48124998807907104 0.6354166865348816 0.4625000059604645 0.6229166388511658
0 0.6109374761581421 0.543749988079071 0.6031249761581421 0.5354166626930237 0.590624988079071 0.5541666746139526 0.5874999761581421 0.5541666746139526 0.578125 0.543749988079071 0.565625011920929 0.5645833611488342 0.565625011920929 0.5687500238418579 0.582812488079071 0.5874999761581421 0.5859375 0.5874999761581421 0.6078125238418579 0.5541666746139526
0 0.453125 0.4749999940395355 0.44999998807907104 0.4749999940395355 0.42500001192092896 0.5145833492279053 0.42500001192092896 0.518750011920929 0.43437498807907104 0.5291666388511658 0.44843751192092896 0.5333333611488342 0.4703125059604645 0.49791666865348816 0.4703125059604645 0.4937500059604645
0 0.4671874940395355 0.581250011920929 0.46406251192092896 0.581250011920929 0.4390625059604645 0.6208333373069763 0.4390625059604645 0.625 0.44999998807907104 0.637499988079071 0.45781248807907104 0.6208333373069763 0.4625000059604645 0.6208333373069763 0.4703125059604645 0.6270833611488342 0.484375 0.6041666865348816 0.484375 0.6000000238418579
0 0.4437499940395355 0.59375 0.4234375059604645 0.5895833373069763 0.4203124940395355 0.5854166746139526 0.40156251192092896 0.5895833373069763 0.40312498807907104 0.6229166388511658 0.4078125059604645 0.625 0.4390625059604645 0.6187499761581421 0.4453125 0.6083333492279053
0 0.6312500238418579 0.543749988079071 0.6234375238418579 0.5979166626930237 0.6390625238418579 0.6041666865348816 0.6484375 0.6041666865348816 0.65625 0.5604166388511658 0.65625 0.550000011920929 0.6390625238418579 0.543749988079071
0 0.48124998807907104 0.6416666507720947 0.4671874940395355 0.6854166388511658 0.4625000059604645 0.6875 0.4625000059604645 0.6916666626930237 0.47343748807907104 0.699999988079071 0.4859375059604645 0.7041666507720947 0.5015624761581421 0.6541666388511658