0 0.453125 0.5458333492279053 0.4453125 0.6000000238418579 0.4609375 0.606249988079071 0.4703125059604645 0.606249988079071 0.4781250059604645 0.5625 0.4781250059604645 0.5520833134651184 0.4609375 0.5458333492279053
0 0.5874999761581421 0.6312500238418579 0.5718749761581421 0.6812499761581421 0.582812488079071 0.6895833611488342 0.5953124761581421 0.6937500238418579 0.6109374761581421 0.643750011920929 0.5921875238418579 0.6312500238418579
0 0.660937488079071 0.4937500059604645 0.651562511920929 0.49166667461395264 0.6187499761581421 0.49791666865348816 0.620312511920929 0.53125 0.625 0.5333333611488342 0.6625000238418579 0.5270833373069763
0 0.6328125 0.6625000238418579 0.629687488079071 0.6625000238418579 0.604687511920929 0.7020833492279053 0.604687511920929 0.706250011920929 0.621874988079071 0.7250000238418579 0.625 0.7250000238418579 0.6499999761581421 0.6854166388511658 0.6499999761581421 0.6812499761581421
0 0.573437511920929 0.550000011920929 0.5703125 0.550000011920929 0.5453125238418579 0.5895833373069763 0.5453125238418579 0.59375 0.5625 0.612500011920929 0.565625011920929 0.612500011920929 0.590624988079071 0.5729166865348816 0.590624988079071 0.5687500238418579
0 0.5 0.6291666626930237 0.4906249940395355 0.6270833611488342 0.45781248807907104 0.6333333253860474 0.4593749940395355 0.6666666865348816 0.46406251192092896 0.668749988079071 0.5015624761581421 0.6625000238418579
0 0.512499988079071 0.6625000238418579 0.503125011920929 0.65625 0.5015624761581421 0.6645833253860474 0.4828124940395355 0.6666666865348816 0.47343748807907104 0.699999988079071 0.484375 0.7083333134651184 0.49687498807907104 0.7124999761581421
0 0.518750011920929 0.5708333253860474 0.510937511920929 0.625 0.526562511920929 0.6312500238418579 0.535937488079071 0.6312500238418579 0.543749988079071 0.5874999761581421 0.543749988079071 0.5770833492279053 0.526562511920929 0.5708333253860474
0 0.4609375 0.6854166388511658 0.4515624940395355 0.6833333373069763 0.41874998807907104 0.6895833611488342 0.4203124940395355 0.7229166626930237 0.42500001192092896 0.7250000238418579 0.4625000059604645 0.71875
0 0.637499988079071 0.5333333611488342 0.629687488079071 0.5874999761581421 0.645312488079071 0.59375 0.6546875238418579 0.59375 0.6625000238418579 0.550000011920929 0.6625000238418579 0.5395833253860474 0.645312488079071 0.5333333611488342
0 0.46875 0.4729166626930237 0.4609375 0.4958333373069763 0.4609375 0.5062500238418579 0.4984374940395355 0.5249999761581421 0.503125011920929 0.5145833492279053 0.5078125 0.49166667461395264 0.5 0.4833333194255829 0.49531251192092896 0.4833333194255829 0.4828124940395355 0.4749999940395355
0 0.6343749761581421 0.6041666865348816 0.6187499761581421 0.6541666388511658 0.6265624761581421 0.6604166626930237 0.6328125 0.6604166626930237 0.6421874761581421 0.6666666865348816 0.6578124761581421 0.6166666746139526 0.6390625238418579 0.6041666865348816