0 0.43281251192092896 0.5333333611488342 0.42500001192092896 0.5562499761581421 0.42500001192092896 0.5666666626930237 0.4625000059604645 0.5854166746139526 0.4671874940395355 0.574999988079071 0.47187501192092896 0.5520833134651184 0.46406251192092896 0.543749988079071 0.4593749940395355 0.543749988079071 0.4468750059604645 0.5354166626930237
0 0.6484375 0.5979166626930237 0.6390625238418579 0.5958333611488342 0.606249988079071 0.6020833253860474 0.6078125238418579 0.6354166865348816 0.612500011920929 0.637499988079071 0.6499999761581421 0.6312500238418579
0 0.535937488079071 0.5874999761581421 0.528124988079071 0.6416666507720947 0.543749988079071 0.6479166746139526 0.5531250238418579 0.6479166746139526 0.5609375238418579 0.6041666865348816 0.5609375238418579 0.59375 0.543749988079071 0.5874999761581421
0 0.5 0.637499988079071 0.484375 0.6875 0.49531251192092896 0.6958333253860474 0.5078125 0.699999988079071 0.5234375 0.6499999761581421 0.504687488079071 0.637499988079071
0 0.581250011920929 0.5729166865348816 0.565625011920929 0.6229166388511658 0.5765625238418579 0.6312500238418579 0.589062511920929 0.6354166865348816 0.604687511920929 0.5854166746139526 0.5859375 0.5729166865348816
0 0.542187511920929 0.5854166746139526 0.5609375238418579 0.5916666388511658 0.5640624761581421 0.5979166626930237 0.5703125 0.6000000238418579 0.578125 0.574999988079071 0.581250011920929 0.5708333253860474 0.5874999761581421 0.5729166865348816 0.589062511920929 0.5708333253860474 0.581250011920929 0.5625 0.5765625238418579 0.5625 0.5640624761581421 0.5541666746139526 0.550000011920929 0.5520833134651184 0.542187511920929 0.574999988079071
0 0.5390625 0.5604166388511658 0.5296875238418579 0.5583333373069763 0.49687498807907104 0.5645833611488342 0.4984374940395355 0.5979166626930237 0.503125011920929 0.6000000238418579 0.53125 0.5958333611488342 0.535937488079071 0.5854166746139526 0.5406249761581421 0.5854166746139526
0 0.6156250238418579 0.6645833253860474 0.6000000238418579 0.7145833373069763 0.6109374761581421 0.7229166626930237 0.6234375238418579 0.7270833253860474 0.6390625238418579 0.6770833134651184 0.620312511920929 0.6645833253860474
0 0.604687511920929 0.5104166865348816 0.596875011920929 0.5645833611488342 0.612500011920929 0.5708333253860474 0.621874988079071 0.5708333253860474 0.629687488079071 0.5270833373069763 0.629687488079071 0.5166666507720947 0.612500011920929 0.5104166865348816
0 0.6468750238418579 0.5249999761581421 0.6312500238418579 0.574999988079071 0.6421874761581421 0.5833333134651184 0.6546875238418579 0.5874999761581421 0.6703125238418579 0.5375000238418579 0.651562511920929 0.5249999761581421
0 0.44999998807907104 0.6166666746139526 0.43437498807907104 0.6666666865348816 0.4453125 0.675000011920929 0.45781248807907104 0.6791666746139526 0.47343748807907104 0.6291666626930237 0.4546875059604645 0.6166666746139526
0 0.4140625 0.6583333611488342 0.3984375 0.7083333134651184 0.40937501192092896 0.7166666388511658 0.421875 0.7208333611488342 0.4375 0.6708333492279053 0.41874998807907104 0.6583333611488342
0 0.651562511920929 0.643750011920929 0.635937511920929 0.6937500238418579 0.6468750238418579 0.7020833492279053 0.659375011920929 0.706250011920929 0.675000011920929 0.65625 0.65625 0.643750011920929
0 0.4765625 0.5729166865348816 0.4609375 0.6187499761581421 0.47187501192092896 0.625 0.4765625 0.6333333253860474 0.484375 0.6354166865348816 0.49687498807907104 0.6000000238418579 0.49687498807907104 0.5854166746139526 0.48124998807907104 0.5729166865348816
0 0.4984374940395355 0.4791666567325592 0.49531251192092896 0.4791666567325592 0.4703125059604645 0.518750011920929 0.4703125059604645 0.5229166746139526 0.48750001192092896 0.5416666865348816 0.4906249940395355 0.5416666865348816 0.515625 0.5020833611488342 0.515625 0.49791666865348816