0 0.4312500059604645 0.5375000238418579 0.4156250059604645 0.5874999761581421 0.42656248807907104 0.5958333611488342 0.4390625059604645 0.6000000238418579 0.4546875059604645 0.550000011920929 0.4359374940395355 0.5375000238418579
0 0.4593749940395355 0.5687500238418579 0.45625001192092896 0.5687500238418579 0.44999998807907104 0.5770833492279053 0.44062501192092896 0.6000000238418579 0.4312500059604645 0.6083333492279053 0.4312500059604645 0.612500011920929 0.44843751192092896 0.6312500238418579 0.4515624940395355 0.6312500238418579 0.4765625 0.5916666388511658 0.4765625 0.5874999761581421
0 0.5921875238418579 0.5895833373069763 0.582812488079071 0.5874999761581421 0.550000011920929 0.59375 0.551562488079071 0.6270833611488342 0.5562499761581421 0.6291666626930237 0.59375 0.6229166388511658
0 0.4296875 0.643750011920929 0.4140625 0.6937500238418579 0.42500001192092896 0.7020833492279053 0.4375 0.706250011920929 0.453125 0.65625 0.43437498807907104 0.643750011920929
0 0.48750001192092896 0.6520833373069763 0.47968751192092896 0.675000011920929 0.47968751192092896 0.6854166388511658 0.5171874761581421 0.7041666507720947 0.5218750238418579 0.6937500238418579 0.526562511920929 0.6708333492279053 0.518750011920929 0.6625000238418579 0.5140625238418579 0.6625000238418579 0.5015624761581421 0.6541666388511658
0 0.47187501192092896 0.581250011920929 0.4781250059604645 0.5874999761581421 0.4781250059604645 0.5916666388511658 0.4671874940395355 0.6104166507720947 0.46406251192092896 0.6354166865348816 0.47968751192092896 0.6416666507720947 0.48906248807907104 0.6416666507720947 0.49687498807907104 0.5874999761581421
0 0.5625 0.5 0.5546875 0.5229166746139526 0.5546875 0.5333333611488342 0.5921875238418579 0.5520833134651184 0.596875011920929 0.5416666865348816 0.6015625 0.518750011920929 0.59375 0.5104166865348816 0.589062511920929 0.5104166865348816 0.5765625238418579 0.5020833611488342
0 0.653124988079071 0.4895833432674408 0.6499999761581421 0.4895833432674408 0.625 0.5291666388511658 0.625 0.5333333611488342 0.6421874761581421 0.5520833134651184 0.645312488079071 0.5520833134651184 0.6703125238418579 0.512499988079071 0.6703125238418579 0.5083333253860474
0 0.573437511920929 0.6479166746139526 0.565625011920929 0.7020833492279053 0.581250011920929 0.7083333134651184 0.590624988079071 0.7083333134651184 0.598437488079071 0.6645833253860474 0.598437488079071 0.6541666388511658 0.581250011920929 0.6479166746139526
0 0.637499988079071 0.637499988079071 0.629687488079071 0.6916666626930237 0.645312488079071 0.6979166865348816 0.6546875238418579 0.6979166865348816 0.6625000238418579 0.6541666388511658 0.6625000238418579 0.643750011920929 0.645312488079071 0.637499988079071
0 0.6171875 0.612500011920929 0.609375 0.6666666865348816 0.629687488079071 0.6729166507720947 0.635937511920929 0.637499988079071 0.640625 0.6354166865348816 0.6421874761581421 0.6187499761581421 0.625 0.612500011920929
0 0.6656249761581421 0.6833333373069763 0.6640625 0.6812499761581421 0.6578124761581421 0.6833333373069763 0.6546875238418579 0.699999988079071 0.6312500238418579 0.6958333253860474 0.628125011920929 0.6875 0.6234375238418579 0.6875 0.625 0.7208333611488342 0.629687488079071 0.7229166626930237 0.667187511920929 0.7166666388511658
0 0.629687488079071 0.5895833373069763 0.6234375238418579 0.6104166507720947 0.643750011920929 0.6187499761581421 0.6421874761581421 0.6333333253860474 0.659375011920929 0.6416666507720947 0.6640625 0.6312500238418579 0.668749988079071 0.6083333492279053 0.660937488079071 0.6000000238418579 0.65625 0.6000000238418579 0.643750011920929 0.5916666388511658
0 0.42500001192092896 0.6083333492279053 0.41718751192092896 0.6312500238418579 0.41718751192092896 0.6416666507720947 0.42656248807907104 0.6479166746139526 0.4296875 0.6416666507720947 0.43437498807907104 0.6416666507720947 0.4515624940395355 0.6520833373069763 0.4546875059604645 0.6604166626930237 0.4625000059604645 0.637499988079071 0.4625000059604645 0.625 0.4593749940395355 0.6229166388511658 0.4515624940395355 0.6333333253860474 0.44843751192092896 0.6333333253860474 0.4312500059604645 0.6145833134651184 0.4296875 0.6083333492279053
0 0.5296875238418579 0.6520833373069763 0.526562511920929 0.668749988079071 0.528124988079071 0.6770833134651184 0.5234375 0.6895833611488342 0.5218750238418579 0.706250011920929 0.5375000238418579 0.7124999761581421 0.546875 0.7124999761581421 0.5546875 0.668749988079071 0.5546875 0.6583333611488342 0.5375000238418579 0.6520833373069763
0 0.518750011920929 0.5229166746139526 0.510937511920929 0.5770833492279053 0.526562511920929 0.5833333134651184 0.535937488079071 0.5833333134651184 0.543749988079071 0.5395833253860474 0.543749988079071 0.5291666388511658 0.526562511920929 0.5229166746139526
0 0.46406251192092896 0.4895833432674408 0.4546875059604645 0.48750001192092896 0.421875 0.4937500059604645 0.4234375059604645 0.5270833373069763 0.4281249940395355 0.5291666388511658 0.46562498807907104 0.5229166746139526