0 0.5859375 0.5625 0.578125 0.6166666746139526 0.59375 0.6229166388511658 0.6031249761581421 0.6229166388511658 0.6109374761581421 0.5791666507720947 0.6109374761581421 0.5687500238418579 0.59375 0.5625
0 0.4781250059604645 0.4729166626930237 0.4703125059604645 0.4958333373069763 0.4703125059604645 0.5062500238418579 0.5078125 0.5249999761581421 0.512499988079071 0.5145833492279053 0.5171874761581421 0.49166667461395264 0.5093749761581421 0.4833333194255829 0.504687488079071 0.4833333194255829 0.4921875 0.4749999940395355
0 0.567187488079071 0.6354166865348816 0.551562488079071 0.6854166388511658 0.5625 0.6937500238418579 0.574999988079071 0.6979166865348816 0.590624988079071 0.6479166746139526 0.5718749761581421 0.6354166865348816
0 0.59375 0.5208333134651184 0.5843750238418579 0.518750011920929 0.551562488079071 0.5249999761581421 0.5531250238418579 0.5583333373069763 0.557812511920929 0.5604166388511658 0.5953124761581421 0.5541666746139526
0 0.606249988079071 0.6625000238418579 0.590624988079071 0.7124999761581421 0.6015625 0.7208333611488342 0.614062488079071 0.7250000238418579 0.629687488079071 0.675000011920929 0.6109374761581421 0.6625000238418579
0 0.5249999761581421 0.5041666626930237 0.5218750238418579 0.5041666626930237 0.49687498807907104 0.543749988079071 0.49687498807907104 0.5479166507720947 0.5140625238418579 0.5666666626930237 0.5171874761581421 0.5666666626930237 0.542187511920929 0.5270833373069763 0.542187511920929 0.5229166746139526
0 0.4781250059604645 0.6395833492279053 0.4703125059604645 0.6937500238418579 0.4859375059604645 0.699999988079071 0.49531251192092896 0.699999988079071 0.503125011920929 0.65625 0.503125011920929 0.6458333134651184 0.4859375059604645 0.6395833492279053
0 0.590624988079071 0.49166667461395264 0.581250011920929 0.4895833432674408 0.5484374761581421 0.4958333373069763 0.550000011920929 0.5291666388511658 0.551562488079071 0.5229166746139526 0.5921875238418579 0.5166666507720947
0 0.4312500059604645 0.6166666746139526 0.4281249940395355 0.6166666746139526 0.40312498807907104 0.65625 0.40312498807907104 0.6604166626930237 0.4203124940395355 0.6791666746139526 0.4234375059604645 0.6791666746139526 0.44843751192092896 0.6395833492279053 0.44843751192092896 0.6354166865348816
0 0.534375011920929 0.6729166507720947 0.5249999761581421 0.6708333492279053 0.5015624761581421 0.675000011920929 0.49687498807907104 0.699999988079071 0.4937500059604645 0.7020833492279053 0.4937500059604645 0.7104166746139526 0.4984374940395355 0.7124999761581421 0.535937488079071 0.706250011920929
0 0.4312500059604645 0.5854166746139526 0.4281249940395355 0.5854166746139526 0.40312498807907104 0.625 0.40312498807907104 0.6291666626930237 0.4124999940395355 0.6395833492279053 0.4281249940395355 0.6145833134651184 0.4312500059604645 0.6145833134651184 0.4390625059604645 0.6229166388511658 0.44843751192092896 0.6083333492279053 0.44843751192092896 0.6041666865348816
0 0.4703125059604645 0.5270833373069763 0.4546875059604645 0.5770833492279053 0.46562498807907104 0.5854166746139526 0.4781250059604645 0.5895833373069763 0.4937500059604645 0.5395833253860474 0.4749999940395355 0.5270833373069763
0 0.535937488079071 0.5458333492279053 0.520312488079071 0.5958333611488342 0.53125 0.6041666865348816 0.543749988079071 0.6083333492279053 0.559374988079071 0.5604166388511658 0.5546875 0.5625 0.550000011920929 0.5520833134651184 0.5406249761581421 0.5458333492279053