0 0.5765625238418579 0.574999988079071 0.5687500238418579 0.6291666626930237 0.5843750238418579 0.6354166865348816 0.59375 0.6354166865348816 0.6015625 0.5916666388511658 0.6015625 0.581250011920929 0.5843750238418579 0.574999988079071
0 0.598437488079071 0.5583333373069763 0.589062511920929 0.5562499761581421 0.5562499761581421 0.5625 0.557812511920929 0.5958333611488342 0.559374988079071 0.5979166626930237 0.5718749761581421 0.5958333611488342 0.5765625238418579 0.5729166865348816 0.5843750238418579 0.5729166865348816 0.6000000238418579 0.5791666507720947
0 0.6171875 0.5562499761581421 0.609375 0.6104166507720947 0.625 0.6166666746139526 0.6343749761581421 0.6166666746139526 0.6421874761581421 0.5729166865348816 0.6421874761581421 0.5625 0.625 0.5562499761581421
0 0.4515624940395355 0.5854166746139526 0.4437499940395355 0.6395833492279053 0.4593749940395355 0.6458333134651184 0.46875 0.6458333134651184 0.4765625 0.6020833253860474 0.4765625 0.5916666388511658 0.4593749940395355 0.5854166746139526
0 0.550000011920929 0.6333333253860474 0.534375011920929 0.6833333373069763 0.5453125238418579 0.6916666626930237 0.557812511920929 0.6958333253860474 0.573437511920929 0.6458333134651184 0.5546875 0.6333333253860474
0 0.528124988079071 0.5979166626930237 0.520312488079071 0.6520833373069763 0.5406249761581421 0.6583333611488342 0.551562488079071 0.625 0.5531250238418579 0.6041666865348816 0.535937488079071 0.5979166626930237
0 0.4312500059604645 0.48124998807907104 0.4234375059604645 0.5354166626930237 0.4390625059604645 0.5416666865348816 0.44843751192092896 0.5416666865348816 0.45625001192092896 0.49791666865348816 0.45625001192092896 0.48750001192092896 0.4390625059604645 0.48124998807907104
0 0.48906248807907104 0.550000011920929 0.48124998807907104 0.5729166865348816 0.48124998807907104 0.5833333134651184 0.518750011920929 0.6020833253860474 0.5234375 0.5916666388511658 0.528124988079071 0.5687500238418579 0.520312488079071 0.5604166388511658 0.515625 0.5604166388511658 0.503125011920929 0.5520833134651184
0 0.614062488079071 0.4749999940395355 0.598437488079071 0.5249999761581421 0.609375 0.5333333611488342 0.621874988079071 0.5375000238418579 0.637499988079071 0.48750001192092896 0.6187499761581421 0.4749999940395355
0 0.47343748807907104 0.5333333611488342 0.47187501192092896 0.53125 0.4515624940395355 0.5333333611488342 0.44843751192092896 0.543749988079071 0.4312500059604645 0.5416666865348816 0.43281251192092896 0.5708333253860474 0.4375 0.5729166865348816 0.4749999940395355 0.5666666626930237
0 0.41874998807907104 0.5645833611488342 0.41093748807907104 0.6187499761581421 0.42656248807907104 0.625 0.4359374940395355 0.625 0.4437499940395355 0.5729166865348816 0.43437498807907104 0.574999988079071 0.4312500059604645 0.5666666626930237
0 0.625 0.6625000238418579 0.609375 0.7124999761581421 0.620312511920929 0.7208333611488342 0.6328125 0.7250000238418579 0.6484375 0.675000011920929 0.629687488079071 0.6625000238418579