0 0.47187501192092896 0.5291666388511658 0.4625000059604645 0.5270833373069763 0.4296875 0.5333333611488342 0.4312500059604645 0.5666666626930237 0.4359374940395355 0.5687500238418579 0.47343748807907104 0.5625
0 0.512499988079071 0.5333333611488342 0.5093749761581421 0.5333333611488342 0.484375 0.5729166865348816 0.484375 0.5770833492279053 0.5015624761581421 0.5958333611488342 0.504687488079071 0.5958333611488342 0.5296875238418579 0.5562499761581421 0.5296875238418579 0.5520833134651184
0 0.43437498807907104 0.6000000238418579 0.42656248807907104 0.6229166388511658 0.42656248807907104 0.6333333253860474 0.46406251192092896 0.6520833373069763 0.46875 0.6416666507720947 0.47343748807907104 0.6187499761581421 0.46562498807907104 0.6104166507720947 0.4609375 0.6104166507720947 0.44843751192092896 0.6020833253860474
0 0.573437511920929 0.5541666746139526 0.5640624761581421 0.5520833134651184 0.53125 0.5583333373069763 0.5328124761581421 0.5916666388511658 0.5375000238418579 0.59375 0.574999988079071 0.5874999761581421
0 0.6312500238418579 0.5333333611488342 0.6234375238418579 0.5562499761581421 0.6234375238418579 0.5666666626930237 0.660937488079071 0.5854166746139526 0.6656249761581421 0.574999988079071 0.6703125238418579 0.5520833134651184 0.6625000238418579 0.543749988079071 0.6578124761581421 0.543749988079071 0.645312488079071 0.5354166626930237
0 0.421875 0.6416666507720947 0.421875 0.6604166626930237 0.42500001192092896 0.6770833134651184 0.46562498807907104 0.6708333492279053 0.46562498807907104 0.6520833373069763 0.4609375 0.6541666388511658 0.43437498807907104 0.6395833492279053
0 0.59375 0.5562499761581421 0.590624988079071 0.5562499761581421 0.5765625238418579 0.5770833492279053 0.5765625238418579 0.5874999761581421 0.5703125 0.5895833373069763 0.565625011920929 0.5958333611488342 0.565625011920929 0.6000000238418579 0.582812488079071 0.6187499761581421 0.5859375 0.6187499761581421 0.6109374761581421 0.5791666507720947 0.6109374761581421 0.574999988079071
0 0.48750001192092896 0.5916666388511658 0.47968751192092896 0.6458333134651184 0.49531251192092896 0.6520833373069763 0.504687488079071 0.6520833373069763 0.512499988079071 0.6083333492279053 0.512499988079071 0.5979166626930237 0.5062500238418579 0.5958333611488342 0.5015624761581421 0.5979166626930237 0.49531251192092896 0.5916666388511658
0 0.675000011920929 0.4854166805744171 0.6656249761581421 0.4833333194255829 0.6328125 0.4895833432674408 0.6343749761581421 0.5229166746139526 0.6390625238418579 0.5249999761581421 0.676562488079071 0.518750011920929
0 0.515625 0.6666666865348816 0.5078125 0.6895833611488342 0.5078125 0.699999988079071 0.5453125238418579 0.71875 0.550000011920929 0.7083333134651184 0.5546875 0.6854166388511658 0.546875 0.6770833134651184 0.542187511920929 0.6770833134651184 0.5296875238418579 0.668749988079071
0 0.5921875238418579 0.612500011920929 0.5859375 0.6208333373069763 0.582812488079071 0.6208333373069763 0.5687500238418579 0.606249988079071 0.550000011920929 0.637499988079071 0.550000011920929 0.6416666507720947 0.567187488079071 0.6604166626930237 0.5703125 0.6604166626930237 0.5953124761581421 0.6208333373069763 0.5953124761581421 0.6166666746139526
0 0.421875 0.6625000238418579 0.4156250059604645 0.668749988079071 0.3968749940395355 0.699999988079071 0.3968749940395355 0.7041666507720947 0.4140625 0.7229166626930237 0.41718751192092896 0.7229166626930237 0.44218748807907104 0.6833333373069763 0.44062501192092896 0.6770833134651184 0.42500001192092896 0.6791666746139526 0.421875 0.675000011920929
0 0.590624988079071 0.6312500238418579 0.5703125 0.6625000238418579 0.567187488079071 0.6625000238418579 0.5640624761581421 0.6708333492279053 0.565625011920929 0.6770833134651184 0.582812488079071 0.6875 0.5874999761581421 0.6875 0.6031249761581421 0.6416666507720947 0.6015625 0.6354166865348816