0 0.4625000059604645 0.6395833492279053 0.4468750059604645 0.6895833611488342 0.45781248807907104 0.6979166865348816 0.4703125059604645 0.7020833492279053 0.4859375059604645 0.6520833373069763 0.4671874940395355 0.6395833492279053
0 0.53125 0.47708332538604736 0.5234375 0.53125 0.5390625 0.5375000238418579 0.5484374761581421 0.5375000238418579 0.5562499761581421 0.4937500059604645 0.5562499761581421 0.4833333194255829 0.5390625 0.47708332538604736
0 0.621874988079071 0.6645833253860474 0.614062488079071 0.6875 0.614062488079071 0.6979166865348816 0.651562511920929 0.7166666388511658 0.65625 0.706250011920929 0.660937488079071 0.6833333373069763 0.653124988079071 0.675000011920929 0.6484375 0.675000011920929 0.635937511920929 0.6666666865348816
0 0.5531250238418579 0.6458333134651184 0.543749988079071 0.643750011920929 0.510937511920929 0.6499999761581421 0.512499988079071 0.6833333373069763 0.5171874761581421 0.6854166388511658 0.5546875 0.6791666746139526
0 0.6390625238418579 0.5916666388511658 0.629687488079071 0.5895833373069763 0.596875011920929 0.5958333611488342 0.598437488079071 0.6291666626930237 0.6031249761581421 0.6312500238418579 0.640625 0.625
0 0.518750011920929 0.49791666865348816 0.515625 0.49791666865348816 0.4906249940395355 0.5375000238418579 0.4906249940395355 0.5416666865348816 0.5078125 0.5604166388511658 0.510937511920929 0.5604166388511658 0.526562511920929 0.5375000238418579 0.5218750238418579 0.53125 0.5249999761581421 0.5041666626930237
0 0.453125 0.4749999940395355 0.44999998807907104 0.4749999940395355 0.42500001192092896 0.5145833492279053 0.42500001192092896 0.518750011920929 0.44218748807907104 0.5375000238418579 0.4453125 0.5375000238418579 0.4703125059604645 0.49791666865348816 0.4703125059604645 0.4937500059604645
0 0.5609375238418579 0.606249988079071 0.557812511920929 0.606249988079071 0.534375011920929 0.643750011920929 0.551562488079071 0.6416666507720947 0.5546875 0.6458333134651184 0.5562499761581421 0.6645833253860474 0.578125 0.6291666626930237 0.578125 0.625
0 0.614062488079071 0.6833333373069763 0.5796874761581421 0.6895833611488342 0.581250011920929 0.7229166626930237 0.5859375 0.7250000238418579 0.6234375238418579 0.71875 0.6234375238418579 0.706250011920929 0.612500011920929 0.6979166865348816
0 0.5953124761581421 0.46875 0.5859375 0.46666666865348816 0.5531250238418579 0.4729166626930237 0.5531250238418579 0.48124998807907104 0.557812511920929 0.4833333194255829 0.5546875 0.5062500238418579 0.559374988079071 0.5083333253860474 0.596875011920929 0.5020833611488342
0 0.581250011920929 0.5145833492279053 0.578125 0.5145833492279053 0.5531250238418579 0.5541666746139526 0.5531250238418579 0.5583333373069763 0.5703125 0.5770833492279053 0.573437511920929 0.5770833492279053 0.598437488079071 0.5375000238418579 0.598437488079071 0.5333333611488342