0 0.45625001192092896 0.5458333492279053 0.4468750059604645 0.543749988079071 0.4140625 0.550000011920929 0.4156250059604645 0.5833333134651184 0.4203124940395355 0.5854166746139526 0.45781248807907104 0.5791666507720947
0 0.44843751192092896 0.6541666388511658 0.4390625059604645 0.6520833373069763 0.40625 0.6583333611488342 0.4078125059604645 0.6916666626930237 0.4124999940395355 0.6937500238418579 0.44999998807907104 0.6875
0 0.628125011920929 0.5687500238418579 0.620312511920929 0.5916666388511658 0.620312511920929 0.6020833253860474 0.6578124761581421 0.6208333373069763 0.6625000238418579 0.6104166507720947 0.667187511920929 0.5874999761581421 0.659375011920929 0.5791666507720947 0.6546875238418579 0.5791666507720947 0.6421874761581421 0.5708333253860474
0 0.625 0.606249988079071 0.620312511920929 0.6104166507720947 0.6015625 0.6416666507720947 0.6015625 0.6458333134651184 0.6187499761581421 0.6645833253860474 0.621874988079071 0.6645833253860474 0.6468750238418579 0.625 0.6468750238418579 0.6208333373069763 0.643750011920929 0.6166666746139526
0 0.625 0.6625000238418579 0.621874988079071 0.6666666865348816 0.614062488079071 0.6625000238418579 0.5921875238418579 0.6979166865348816 0.5921875238418579 0.7020833492279053 0.609375 0.7208333611488342 0.612500011920929 0.7208333611488342 0.637499988079071 0.6812499761581421 0.637499988079071 0.6770833134651184
0 0.578125 0.6458333134651184 0.5687500238418579 0.643750011920929 0.535937488079071 0.6499999761581421 0.5375000238418579 0.6833333373069763 0.542187511920929 0.6854166388511658 0.5796874761581421 0.6791666746139526
0 0.4609375 0.5770833492279053 0.45781248807907104 0.581250011920929 0.4468750059604645 0.5833333134651184 0.4281249940395355 0.612500011920929 0.4281249940395355 0.6166666746139526 0.4453125 0.6354166865348816 0.44843751192092896 0.6354166865348816 0.47343748807907104 0.5958333611488342 0.47343748807907104 0.5916666388511658
0 0.4140625 0.6000000238418579 0.40625 0.6229166388511658 0.40625 0.6333333253860474 0.4359374940395355 0.6499999761581421 0.4453125 0.6499999761581421 0.44999998807907104 0.6354166865348816 0.4453125 0.637499988079071 0.42656248807907104 0.6166666746139526 0.4312500059604645 0.6041666865348816
0 0.659375011920929 0.4729166626930237 0.65625 0.4729166626930237 0.6312500238418579 0.512499988079071 0.6312500238418579 0.5166666507720947 0.6484375 0.5354166626930237 0.651562511920929 0.5354166626930237 0.676562488079071 0.4958333373069763 0.676562488079071 0.49166667461395264
0 0.5921875238418579 0.5645833611488342 0.582812488079071 0.5625 0.550000011920929 0.5687500238418579 0.551562488079071 0.6020833253860474 0.5562499761581421 0.6041666865348816 0.59375 0.5979166626930237
0 0.6656249761581421 0.543749988079071 0.65625 0.5333333611488342 0.6484375 0.5375000238418579 0.643750011920929 0.53125 0.640625 0.53125 0.620312511920929 0.5645833611488342 0.620312511920929 0.5687500238418579 0.625 0.5729166865348816 0.628125011920929 0.5666666626930237 0.6343749761581421 0.5666666626930237 0.6499999761581421 0.5729166865348816 0.6625000238418579 0.5541666746139526
0 0.46406251192092896 0.6166666746139526 0.4515624940395355 0.6333333253860474 0.4468750059604645 0.6479166746139526 0.44999998807907104 0.6541666388511658 0.44999998807907104 0.6666666865348816 0.453125 0.6791666746139526 0.45625001192092896 0.6791666746139526 0.48124998807907104 0.6395833492279053 0.48124998807907104 0.6354166865348816
0 0.4703125059604645 0.6166666746139526 0.4703125059604645 0.6208333373069763 0.4828124940395355 0.6354166865348816 0.4828124940395355 0.6395833492279053 0.46406251192092896 0.668749988079071 0.46406251192092896 0.6729166507720947 0.48750001192092896 0.6770833134651184 0.49531251192092896 0.6229166388511658
0 0.5921875238418579 0.6000000238418579 0.5562499761581421 0.606249988079071 0.550000011920929 0.6041666865348816 0.551562488079071 0.637499988079071 0.5562499761581421 0.6395833492279053 0.59375 0.6333333253860474