0 0.5640624761581421 0.5083333253860474 0.5562499761581421 0.5062500238418579 0.5484374761581421 0.5104166865348816 0.5375000238418579 0.53125 0.5390625 0.5604166388511658 0.557812511920929 0.5541666746139526 0.5687500238418579 0.5354166626930237 0.5703125 0.518750011920929
0 0.6328125 0.6291666626930237 0.6328125 0.6354166865348816 0.6499999761581421 0.6499999761581421 0.667187511920929 0.6499999761581421 0.671875 0.6479166746139526 0.6781250238418579 0.6395833492279053 0.676562488079071 0.6208333373069763 0.671875 0.6145833134651184 0.667187511920929 0.612500011920929 0.645312488079071 0.6145833134651184 0.637499988079071 0.6270833611488342
0 0.660937488079071 0.4833333194255829 0.653124988079071 0.49166667461395264 0.651562511920929 0.49791666865348816 0.651562511920929 0.5229166746139526 0.653124988079071 0.5291666388511658 0.660937488079071 0.5375000238418579 0.660937488079071 0.5416666865348816 0.6656249761581421 0.543749988079071 0.667187511920929 0.5375000238418579 0.6781250238418579 0.5229166746139526 0.6781250238418579 0.4958333373069763 0.671875 0.4854166805744171
0 0.4281249940395355 0.5562499761581421 0.41874998807907104 0.5583333373069763 0.4140625 0.5645833611488342 0.41093748807907104 0.5791666507720947 0.41093748807907104 0.5979166626930237 0.41874998807907104 0.6104166507720947 0.4203124940395355 0.6166666746139526 0.42500001192092896 0.6166666746139526 0.4281249940395355 0.6104166507720947 0.4359374940395355 0.6041666865348816 0.4390625059604645 0.5895833373069763 0.4390625059604645 0.5687500238418579 0.43437498807907104 0.5604166388511658
0 0.484375 0.5145833492279053 0.4765625 0.5229166746139526 0.4749999940395355 0.5291666388511658 0.4749999940395355 0.5541666746139526 0.4765625 0.5604166388511658 0.484375 0.5687500238418579 0.484375 0.5729166865348816 0.48906248807907104 0.574999988079071 0.4906249940395355 0.5687500238418579 0.5015624761581421 0.5541666746139526 0.5015624761581421 0.5270833373069763 0.49531251192092896 0.5166666507720947
0 0.625 0.5416666865348816 0.6171875 0.550000011920929 0.6156250238418579 0.5562499761581421 0.6156250238418579 0.581250011920929 0.6171875 0.5874999761581421 0.625 0.5958333611488342 0.625 0.6000000238418579 0.629687488079071 0.6020833253860474 0.6312500238418579 0.5958333611488342 0.6421874761581421 0.581250011920929 0.6421874761581421 0.5541666746139526 0.635937511920929 0.543749988079071
0 0.5406249761581421 0.5833333134651184 0.542187511920929 0.59375 0.5484374761581421 0.6020833253860474 0.5546875 0.6041666865348816 0.573437511920929 0.6041666865348816 0.581250011920929 0.59375 0.5859375 0.5916666388511658 0.5859375 0.5833333134651184 0.5765625238418579 0.5708333253860474 0.5625 0.5666666626930237 0.551562488079071 0.5666666626930237 0.5453125238418579 0.5708333253860474
0 0.5874999761581421 0.668749988079071 0.5796874761581421 0.6666666865348816 0.5718749761581421 0.6708333492279053 0.5609375238418579 0.6916666626930237 0.5625 0.7208333611488342 0.581250011920929 0.7145833373069763 0.5921875238418579 0.6958333253860474 0.59375 0.6791666746139526
0 0.6625000238418579 0.5520833134651184 0.653124988079071 0.550000011920929 0.643750011920929 0.5562499761581421 0.643750011920929 0.581250011920929 0.635937511920929 0.59375 0.635937511920929 0.6020833253860474 0.637499988079071 0.6041666865348816 0.640625 0.6041666865348816 0.643750011920929 0.6000000238418579 0.6546875238418579 0.5979166626930237 0.6656249761581421 0.5791666507720947 0.667187511920929 0.5604166388511658
0 0.5687500238418579 0.5375000238418579 0.5687500238418579 0.5416666865348816 0.5859375 0.5562499761581421 0.6031249761581421 0.5562499761581421 0.6078125238418579 0.5541666746139526 0.614062488079071 0.5458333492279053 0.612500011920929 0.5270833373069763 0.6078125238418579 0.5208333134651184 0.6031249761581421 0.518750011920929 0.581250011920929 0.5208333134651184
0 0.5953124761581421 0.6000000238418579 0.5859375 0.6020833253860474 0.581250011920929 0.6083333492279053 0.578125 0.6229166388511658 0.578125 0.6416666507720947 0.5859375 0.6541666388511658 0.5874999761581421 0.6604166626930237 0.5921875238418579 0.6604166626930237 0.5953124761581421 0.6541666388511658 0.6031249761581421 0.6479166746139526 0.606249988079071 0.6333333253860474 0.606249988079071 0.612500011920929 0.6015625 0.6041666865348816
0 0.5062500238418579 0.5916666388511658 0.49687498807907104 0.5895833373069763 0.48906248807907104 0.59375 0.4781250059604645 0.6145833134651184 0.4781250059604645 0.6291666626930237 0.48124998807907104 0.643750011920929 0.484375 0.643750011920929 0.48750001192092896 0.6395833492279053 0.4984374940395355 0.637499988079071 0.5093749761581421 0.6187499761581421 0.510937511920929 0.6000000238418579