0 0.5640624761581421 0.5520833134651184 0.5609375238418579 0.5666666626930237 0.5625 0.5729166865348816 0.5703125 0.5833333134651184 0.5796874761581421 0.5916666388511658 0.6000000238418579 0.5916666388511658 0.598437488079071 0.5708333253860474 0.59375 0.5604166388511658 0.581250011920929 0.5479166507720947 0.5687500238418579 0.5479166507720947
0 0.47343748807907104 0.5687500238418579 0.46562498807907104 0.5770833492279053 0.46406251192092896 0.5833333134651184 0.46406251192092896 0.6083333492279053 0.46562498807907104 0.6145833134651184 0.47343748807907104 0.6229166388511658 0.47343748807907104 0.6270833611488342 0.4781250059604645 0.6291666626930237 0.47968751192092896 0.6229166388511658 0.4906249940395355 0.6083333492279053 0.4906249940395355 0.581250011920929 0.484375 0.5708333253860474
0 0.44843751192092896 0.6479166746139526 0.44062501192092896 0.65625 0.4390625059604645 0.6625000238418579 0.4390625059604645 0.6875 0.44062501192092896 0.6937500238418579 0.44843751192092896 0.7020833492279053 0.44843751192092896 0.706250011920929 0.453125 0.7083333134651184 0.4546875059604645 0.7020833492279053 0.46562498807907104 0.6875 0.46562498807907104 0.6604166626930237 0.4593749940395355 0.6499999761581421
0 0.4124999940395355 0.5520833134651184 0.4046874940395355 0.5604166388511658 0.40312498807907104 0.5666666626930237 0.40312498807907104 0.5916666388511658 0.4046874940395355 0.5979166626930237 0.4124999940395355 0.606249988079071 0.4124999940395355 0.6104166507720947 0.41718751192092896 0.612500011920929 0.41874998807907104 0.606249988079071 0.4281249940395355 0.5958333611488342 0.4296875 0.5895833373069763 0.4296875 0.5645833611488342 0.4234375059604645 0.5541666746139526
0 0.4375 0.5166666507720947 0.4281249940395355 0.518750011920929 0.4234375059604645 0.5249999761581421 0.4203124940395355 0.5395833253860474 0.4203124940395355 0.550000011920929 0.4312500059604645 0.5645833611488342 0.4312500059604645 0.5770833492279053 0.43437498807907104 0.5770833492279053 0.4375 0.5708333253860474 0.4453125 0.5645833611488342 0.44843751192092896 0.550000011920929 0.44843751192092896 0.5291666388511658 0.4437499940395355 0.5208333134651184
0 0.5093749761581421 0.47083333134651184 0.5015624761581421 0.4791666567325592 0.5 0.4854166805744171 0.5 0.5104166865348816 0.5015624761581421 0.5166666507720947 0.5093749761581421 0.5249999761581421 0.5093749761581421 0.5291666388511658 0.5140625238418579 0.53125 0.515625 0.5249999761581421 0.526562511920929 0.5104166865348816 0.526562511920929 0.4833333194255829 0.520312488079071 0.4729166626930237
0 0.6031249761581421 0.606249988079071 0.5953124761581421 0.6041666865348816 0.5874999761581421 0.6083333492279053 0.5765625238418579 0.6291666626930237 0.578125 0.6583333611488342 0.596875011920929 0.6520833373069763 0.6078125238418579 0.6333333253860474 0.609375 0.6166666746139526
0 0.582812488079071 0.6645833253860474 0.5843750238418579 0.675000011920929 0.6015625 0.6937500238418579 0.621874988079071 0.6937500238418579 0.6187499761581421 0.6666666865348816 0.6031249761581421 0.6499999761581421 0.6000000238418579 0.6499999761581421 0.59375 0.65625 0.5859375 0.65625
0 0.4984374940395355 0.6208333373069763 0.4906249940395355 0.6104166507720947 0.48124998807907104 0.6229166388511658 0.48124998807907104 0.6270833611488342 0.4749999940395355 0.6312500238418579 0.46406251192092896 0.612500011920929 0.45781248807907104 0.6229166388511658 0.453125 0.625 0.453125 0.6312500238418579 0.4703125059604645 0.6458333134651184 0.48750001192092896 0.6458333134651184 0.4921875 0.643750011920929 0.4984374940395355 0.6354166865348816
0 0.5 0.512499988079071 0.4921875 0.5104166865348816 0.484375 0.5145833492279053 0.47343748807907104 0.5354166626930237 0.4749999940395355 0.5645833611488342 0.4937500059604645 0.5583333373069763 0.504687488079071 0.5395833253860474 0.5062500238418579 0.5229166746139526 0.5 0.5166666507720947
0 0.573437511920929 0.5062500238418579 0.567187488079071 0.5166666507720947 0.565625011920929 0.5458333492279053 0.567187488079071 0.5479166507720947 0.5687500238418579 0.5458333492279053 0.581250011920929 0.5458333492279053 0.589062511920929 0.5541666746139526 0.5921875238418579 0.5479166507720947 0.5921875238418579 0.5395833253860474 0.59375 0.5375000238418579 0.59375 0.5166666507720947 0.589062511920929 0.5083333253860474 0.582812488079071 0.5041666626930237