0 0.6015625 0.6708333492279053 0.6015625 0.6791666746139526 0.604687511920929 0.6812499761581421 0.606249988079071 0.6895833611488342 0.614062488079071 0.6979166865348816 0.637499988079071 0.6958333253860474 0.645312488079071 0.6812499761581421 0.653124988079071 0.6791666746139526 0.653124988079071 0.675000011920929 0.643750011920929 0.668749988079071 0.640625 0.65625 0.635937511920929 0.6499999761581421 0.614062488079071 0.6479166746139526 0.606249988079071 0.65625 0.604687511920929 0.6666666865348816
0 0.5015624761581421 0.6145833134651184 0.503125011920929 0.6354166865348816 0.5093749761581421 0.6458333134651184 0.5171874761581421 0.643750011920929 0.5218750238418579 0.6499999761581421 0.5296875238418579 0.6499999761581421 0.535937488079071 0.6458333134651184 0.5390625 0.6354166865348816 0.550000011920929 0.6333333253860474 0.550000011920929 0.6270833611488342 0.542187511920929 0.625 0.5375000238418579 0.606249988079071 0.534375011920929 0.6041666865348816 0.526562511920929 0.606249988079071 0.520312488079071 0.5979166626930237 0.510937511920929 0.6020833253860474
0 0.6328125 0.6458333134651184 0.6421874761581421 0.65625 0.645312488079071 0.668749988079071 0.653124988079071 0.6729166507720947 0.6546875238418579 0.6791666746139526 0.6578124761581421 0.6812499761581421 0.6656249761581421 0.6791666746139526 0.6734374761581421 0.6645833253860474 0.6812499761581421 0.6625000238418579 0.6812499761581421 0.6583333611488342 0.671875 0.6520833373069763 0.668749988079071 0.6395833492279053 0.6640625 0.6333333253860474 0.6421874761581421 0.6312500238418579 0.6343749761581421 0.6395833492279053
0 0.4124999940395355 0.5874999761581421 0.4124999940395355 0.5958333611488342 0.4156250059604645 0.5979166626930237 0.41718751192092896 0.606249988079071 0.42500001192092896 0.6145833134651184 0.44843751192092896 0.612500011920929 0.45625001192092896 0.5979166626930237 0.46406251192092896 0.5958333611488342 0.46406251192092896 0.5916666388511658 0.4546875059604645 0.5854166746139526 0.4515624940395355 0.5729166865348816 0.4468750059604645 0.5666666626930237 0.42500001192092896 0.5645833611488342 0.41718751192092896 0.5729166865348816 0.4156250059604645 0.5833333134651184
0 0.6156250238418579 0.5458333492279053 0.6015625 0.550000011920929 0.5953124761581421 0.5583333373069763 0.59375 0.5874999761581421 0.598437488079071 0.5958333611488342 0.604687511920929 0.6000000238418579 0.6031249761581421 0.606249988079071 0.604687511920929 0.612500011920929 0.609375 0.612500011920929 0.614062488079071 0.5979166626930237 0.6234375238418579 0.5979166626930237 0.629687488079071 0.5874999761581421 0.628125011920929 0.581250011920929 0.629687488079071 0.5604166388511658 0.625 0.5520833134651184
0 0.542187511920929 0.5874999761581421 0.542187511920929 0.5958333611488342 0.5453125238418579 0.5979166626930237 0.546875 0.606249988079071 0.5546875 0.6145833134651184 0.578125 0.612500011920929 0.5859375 0.5979166626930237 0.59375 0.5958333611488342 0.59375 0.5916666388511658 0.5843750238418579 0.5854166746139526 0.581250011920929 0.5729166865348816 0.5765625238418579 0.5666666626930237 0.5546875 0.5645833611488342 0.546875 0.5729166865348816 0.5453125238418579 0.5833333134651184
0 0.4359374940395355 0.65625 0.4375 0.6770833134651184 0.4437499940395355 0.6875 0.4515624940395355 0.6854166388511658 0.45625001192092896 0.6916666626930237 0.46406251192092896 0.6916666626930237 0.4703125059604645 0.6875 0.47343748807907104 0.6770833134651184 0.484375 0.675000011920929 0.484375 0.668749988079071 0.4765625 0.6666666865348816 0.47187501192092896 0.6479166746139526 0.46875 0.6458333134651184 0.4609375 0.6479166746139526 0.4546875059604645 0.6395833492279053 0.4453125 0.643750011920929
0 0.581250011920929 0.5020833611488342 0.578125 0.5166666507720947 0.5703125 0.518750011920929 0.5640624761581421 0.5270833373069763 0.5640624761581421 0.5375000238418579 0.567187488079071 0.5416666865348816 0.565625011920929 0.5562499761581421 0.5718749761581421 0.5645833611488342 0.5874999761581421 0.5687500238418579 0.6015625 0.5479166507720947 0.598437488079071 0.5395833253860474 0.6000000238418579 0.5270833373069763 0.596875011920929 0.5208333134651184 0.5874999761581421 0.5145833492279053 0.5859375 0.5041666626930237
0 0.45781248807907104 0.5395833253860474 0.4609375 0.5562499761581421 0.45625001192092896 0.5625 0.45625001192092896 0.5791666507720947 0.4625000059604645 0.5833333134651184 0.4703125059604645 0.5979166626930237 0.48124998807907104 0.5979166626930237 0.484375 0.59375 0.48906248807907104 0.59375 0.49531251192092896 0.581250011920929 0.49531251192092896 0.5625 0.48750001192092896 0.5583333373069763 0.484375 0.5458333492279053 0.48124998807907104 0.543749988079071 0.46562498807907104 0.5458333492279053 0.46406251192092896 0.5395833253860474
0 0.5 0.6625000238418579 0.49687498807907104 0.6625000238418579 0.4921875 0.668749988079071 0.4859375059604645 0.668749988079071 0.4859375059604645 0.675000011920929 0.4828124940395355 0.6791666746139526 0.47343748807907104 0.6791666746139526 0.47187501192092896 0.6875 0.46562498807907104 0.6937500238418579 0.4671874940395355 0.7104166746139526 0.4765625 0.7229166626930237 0.4906249940395355 0.7229166626930237 0.5 0.7145833373069763 0.5015624761581421 0.7020833492279053 0.504687488079071 0.6979166865348816
0 0.4312500059604645 0.49166667461395264 0.4281249940395355 0.5062500238418579 0.4203124940395355 0.5083333253860474 0.4140625 0.5166666507720947 0.4140625 0.5270833373069763 0.41718751192092896 0.53125 0.4156250059604645 0.5458333492279053 0.421875 0.5541666746139526 0.4375 0.5583333373069763 0.44218748807907104 0.5520833134651184 0.4453125 0.5520833134651184 0.4515624940395355 0.5416666865348816 0.44843751192092896 0.5291666388511658 0.44999998807907104 0.5166666507720947 0.4468750059604645 0.5104166865348816 0.4375 0.5041666626930237 0.4359374940395355 0.4937500059604645