0 0.578125 0.49791666865348816 0.574999988079071 0.49791666865348816 0.5703125 0.5041666626930237 0.557812511920929 0.5041666626930237 0.550000011920929 0.5104166865348816 0.550000011920929 0.5208333134651184 0.543749988079071 0.5291666388511658 0.5453125238418579 0.5458333492279053 0.5546875 0.5583333373069763 0.5687500238418579 0.5583333373069763 0.578125 0.550000011920929 0.5796874761581421 0.5375000238418579 0.582812488079071 0.5333333611488342
0 0.512499988079071 0.5979166626930237 0.515625 0.6145833134651184 0.510937511920929 0.6208333373069763 0.510937511920929 0.637499988079071 0.5171874761581421 0.6416666507720947 0.5249999761581421 0.65625 0.535937488079071 0.65625 0.5390625 0.6520833373069763 0.543749988079071 0.6520833373069763 0.550000011920929 0.6395833492279053 0.550000011920929 0.6208333373069763 0.542187511920929 0.6166666746139526 0.5390625 0.6041666865348816 0.535937488079071 0.6020833253860474 0.520312488079071 0.6041666865348816 0.518750011920929 0.5979166626930237
0 0.40937501192092896 0.5458333492279053 0.40625 0.5604166388511658 0.3984375 0.5625 0.3921875059604645 0.5708333253860474 0.3921875059604645 0.581250011920929 0.39531248807907104 0.5854166746139526 0.39375001192092896 0.6000000238418579 0.4000000059604645 0.6083333492279053 0.4156250059604645 0.612500011920929 0.4203124940395355 0.606249988079071 0.4234375059604645 0.606249988079071 0.4296875 0.5958333611488342 0.42656248807907104 0.5833333134651184 0.4281249940395355 0.5708333253860474 0.42500001192092896 0.5645833611488342 0.4156250059604645 0.5583333373069763 0.4140625 0.5479166507720947
0 0.6468750238418579 0.5333333611488342 0.643750011920929 0.5333333611488342 0.6390625238418579 0.5395833253860474 0.6265624761581421 0.5395833253860474 0.6187499761581421 0.5458333492279053 0.6187499761581421 0.5562499761581421 0.612500011920929 0.5645833611488342 0.614062488079071 0.581250011920929 0.6234375238418579 0.59375 0.637499988079071 0.59375 0.6468750238418579 0.5854166746139526 0.6484375 0.5729166865348816 0.651562511920929 0.5687500238418579
0 0.59375 0.6625000238418579 0.59375 0.6708333492279053 0.596875011920929 0.6770833134651184 0.5953124761581421 0.6979166865348816 0.604687511920929 0.7083333134651184 0.604687511920929 0.7124999761581421 0.6078125238418579 0.7166666388511658 0.628125011920929 0.7145833373069763 0.6343749761581421 0.7020833492279053 0.635937511920929 0.6875 0.6328125 0.6812499761581421 0.6265624761581421 0.6770833134651184 0.625 0.668749988079071 0.621874988079071 0.6645833253860474 0.6015625 0.6666666865348816 0.598437488079071 0.6625000238418579
0 0.48124998807907104 0.637499988079071 0.4781250059604645 0.637499988079071 0.47343748807907104 0.643750011920929 0.4609375 0.643750011920929 0.453125 0.6499999761581421 0.453125 0.6604166626930237 0.4468750059604645 0.668749988079071 0.44843751192092896 0.6854166388511658 0.45781248807907104 0.6979166865348816 0.47187501192092896 0.6979166865348816 0.48124998807907104 0.6895833611488342 0.4828124940395355 0.6770833134651184 0.4859375059604645 0.6729166507720947
0 0.668749988079071 0.6479166746139526 0.6546875238418579 0.6520833373069763 0.6484375 0.6604166626930237 0.6468750238418579 0.6895833611488342 0.651562511920929 0.6979166865348816 0.6578124761581421 0.7020833492279053 0.65625 0.7083333134651184 0.6578124761581421 0.7145833373069763 0.6625000238418579 0.7145833373069763 0.667187511920929 0.699999988079071 0.676562488079071 0.699999988079071 0.682812511920929 0.6895833611488342 0.6812499761581421 0.6833333373069763 0.682812511920929 0.6625000238418579 0.6781250238418579 0.6541666388511658
0 0.6625000238418579 0.5958333611488342 0.6484375 0.5958333611488342 0.6421874761581421 0.6000000238418579 0.6390625238418579 0.606249988079071 0.6390625238418579 0.6166666746139526 0.6328125 0.625 0.635937511920929 0.637499988079071 0.643750011920929 0.643750011920929 0.643750011920929 0.6604166626930237 0.6468750238418579 0.6604166626930237 0.653124988079071 0.6499999761581421 0.6656249761581421 0.6458333134651184 0.667187511920929 0.6312500238418579 0.6734374761581421 0.625 0.671875 0.6104166507720947
0 0.515625 0.5062500238418579 0.510937511920929 0.512499988079071 0.5093749761581421 0.5229166746139526 0.5062500238418579 0.5270833373069763 0.5062500238418579 0.5354166626930237 0.5093749761581421 0.5375000238418579 0.510937511920929 0.5458333492279053 0.518750011920929 0.5541666746139526 0.542187511920929 0.5520833134651184 0.543749988079071 0.550000011920929 0.542187511920929 0.5291666388511658 0.546875 0.5208333134651184 0.5453125238418579 0.512499988079071 0.5406249761581421 0.5062500238418579 0.5234375 0.5062500238418579 0.5218750238418579 0.5041666626930237
0 0.5843750238418579 0.5270833373069763 0.5796874761581421 0.550000011920929 0.574999988079071 0.5583333373069763 0.5843750238418579 0.5687500238418579 0.5843750238418579 0.5729166865348816 0.5874999761581421 0.5770833492279053 0.6078125238418579 0.574999988079071 0.614062488079071 0.5604166388511658 0.6156250238418579 0.5520833134651184 0.614062488079071 0.543749988079071 0.606249988079071 0.5375000238418579 0.606249988079071 0.5333333611488342 0.6015625 0.5249999761581421
0 0.503125011920929 0.5520833134651184 0.504687488079071 0.5729166865348816 0.510937511920929 0.5833333134651184 0.518750011920929 0.581250011920929 0.5234375 0.5874999761581421 0.53125 0.5874999761581421 0.5375000238418579 0.5833333134651184 0.5406249761581421 0.5729166865348816 0.551562488079071 0.5708333253860474 0.551562488079071 0.5645833611488342 0.5453125238418579 0.5645833611488342 0.542187511920929 0.5541666746139526 0.518750011920929 0.5562499761581421 0.5093749761581421 0.543749988079071
0 0.567187488079071 0.5874999761581421 0.567187488079071 0.5958333611488342 0.5703125 0.5979166626930237 0.5718749761581421 0.606249988079071 0.5796874761581421 0.6145833134651184 0.6031249761581421 0.612500011920929 0.6109374761581421 0.5979166626930237 0.6187499761581421 0.5958333611488342 0.6187499761581421 0.5916666388511658 0.612500011920929 0.5895833373069763 0.606249988079071 0.5770833492279053 0.5874999761581421 0.5791666507720947 0.5796874761581421 0.5645833611488342 0.5718749761581421 0.5729166865348816 0.5703125 0.5833333134651184
0 0.550000011920929 0.6458333134651184 0.543749988079071 0.6541666388511658 0.5390625 0.6541666388511658 0.535937488079071 0.6583333611488342 0.5249999761581421 0.6583333611488342 0.5218750238418579 0.6625000238418579 0.5218750238418579 0.6791666746139526 0.528124988079071 0.6833333373069763 0.535937488079071 0.6979166865348816 0.546875 0.6979166865348816 0.550000011920929 0.6937500238418579 0.5546875 0.6937500238418579 0.5609375238418579 0.6812499761581421 0.5609375238418579 0.6625000238418579 0.551562488079071 0.65625